npart: 0 - proton      1 - Kaon     2 - Electron
ncharge: 0 - +ve      1 - -Ve
netaDir: 0 - >0      1 - <0
###pT Bins: 
0 0 0 0 -0.489264
0 0 0 1 -0.941248
0 0 0 2 -1.23998
0 0 0 3 -1.54114
0 0 0 4 -1.95511
0 0 1 0 -0.439208
0 0 1 1 -0.883404
0 0 1 2 -1.18291
0 0 1 3 -1.48853
0 0 1 4 -1.90841
0 1 0 0 -0.482219
0 1 0 1 -0.922882
0 1 0 2 -1.20249
0 1 0 3 -1.46131
0 1 0 4 -1.7625
0 1 1 0 -0.445062
0 1 1 1 -0.881477
0 1 1 2 -1.16028
0 1 1 3 -1.4221
0 1 1 4 -1.72641
1 0 0 0 -1.51577
1 0 0 1 -1.66935
1 0 0 2 -1.76768
1 0 0 3 -1.84273
1 0 0 4 -1.86854
1 0 1 0 -1.48222
1 0 1 1 -1.6408
1 0 1 2 -1.74348
1 0 1 3 -1.82322
1 0 1 4 -1.85281
1 1 0 0 -1.48932
1 1 0 1 -1.63756
1 1 0 2 -1.73155
1 1 0 3 -1.79992
1 1 0 4 -1.83102
1 1 1 0 -1.47576
1 1 1 1 -1.62886
1 1 1 2 -1.72715
1 1 1 3 -1.79978
1 1 1 4 -1.82957
2 0 0 0 4.33351
2 0 0 1 4.0918
2 0 0 2 3.83773
2 0 0 3 3.51054
2 0 0 4 2.81049
2 0 1 0 4.34271
2 0 1 1 4.11033
2 0 1 2 3.8687
2 0 1 3 3.53382
2 0 1 4 2.8437
2 1 0 0 4.29921
2 1 0 1 4.05524
2 1 0 2 3.80701
2 1 0 3 3.46405
2 1 0 4 2.82556
2 1 1 0 4.30342
2 1 1 1 4.06091
2 1 1 2 3.81107
2 1 1 3 3.48488
2 1 1 4 2.84878
###M Bins: 
0 0 0 0 -1.0905
0 0 0 1 -1.07651
0 0 0 2 -1.02957
0 0 0 3 -1.03872
0 0 0 4 -1.34624
0 0 1 0 -1.02478
0 0 1 1 -1.0146
0 0 1 2 -0.971816
0 0 1 3 -0.983159
0 0 1 4 -1.28829
0 1 0 0 -1.03619
0 1 0 1 -1.02161
0 1 0 2 -0.979161
0 1 0 3 -0.988473
0 1 0 4 -1.27703
0 1 1 0 -0.98964
0 1 1 1 -0.971416
0 1 1 2 -0.926811
0 1 1 3 -0.941885
0 1 1 4 -1.23773
1 0 0 0 -1.73494
1 0 0 1 -1.73994
1 0 0 2 -1.73221
1 0 0 3 -1.72464
1 0 0 4 -1.78646
1 0 1 0 -1.71124
1 0 1 1 -1.71637
1 0 1 2 -1.70792
1 0 1 3 -1.70066
1 0 1 4 -1.76528
1 1 0 0 -1.69645
1 1 0 1 -1.69994
1 1 0 2 -1.69113
1 1 0 3 -1.68775
1 1 0 4 -1.75053
1 1 1 0 -1.69297
1 1 1 1 -1.69439
1 1 1 2 -1.68335
1 1 1 3 -1.67926
1 1 1 4 -1.74508
2 0 0 0 3.84974
2 0 0 1 3.68789
2 0 0 2 3.52108
2 0 0 3 3.48423
2 0 0 4 3.17103
2 0 1 0 3.85625
2 0 1 1 3.74903
2 0 1 2 3.58152
2 0 1 3 3.54896
2 0 1 4 3.21927
2 1 0 0 3.81322
2 1 0 1 3.65987
2 1 0 2 3.4967
2 1 0 3 3.44818
2 1 0 4 3.13878
2 1 1 0 3.81797
2 1 1 1 3.69473
2 1 1 2 3.53274
2 1 1 3 3.4869
2 1 1 4 3.16442
###Eta Bins: 
0 0 0 -1.69586
0 0 1 -1.25718
0 0 2 -0.945826
0 0 3 -0.758853
0 0 4 -0.69951
0 0 5 -0.775543
0 0 6 -0.986782
0 0 7 -1.32091
0 0 8 -1.74833
0 1 0 -1.64176
0 1 1 -1.21493
0 1 2 -0.913394
0 1 3 -0.731141
0 1 4 -0.672971
0 1 5 -0.739877
0 1 6 -0.935386
0 1 7 -1.25748
0 1 8 -1.68245
1 0 0 -1.78392
1 0 1 -1.81511
1 0 2 -1.72742
1 0 3 -1.63196
1 0 4 -1.59221
1 0 5 -1.64158
1 0 6 -1.74902
1 0 7 -1.84094
1 0 8 -1.80342
1 1 0 -1.7829
1 1 1 -1.80347
1 1 2 -1.70693
1 1 3 -1.59971
1 1 4 -1.5496
1 1 5 -1.59124
1 1 6 -1.7029
1 1 7 -1.80739
1 1 8 -1.7856
2 0 0 3.29328
2 0 1 3.83725
2 0 2 3.91238
2 0 3 3.82605
2 0 4 3.71048
2 0 5 3.75108
2 0 6 3.83314
2 0 7 3.76108
2 0 8 3.36554
2 1 0 3.28233
2 1 1 3.80408
2 1 2 3.86998
2 1 3 3.73722
2 1 4 3.57331
2 1 5 3.62619
2 1 6 3.79111
2 1 7 3.78366
2 1 8 3.38466
