0	13047003	0.011009
1	13047004	0.0100091
2	13047022	0.00472949
3	13047023	0.0431468
4	13047024	0.0110636
5	13047026	0.0279866
6	13047027	0.0227057
7	13047028	0.0188379
8	13047029	0.0233043
9	13047030	0.0232068
10	13047031	0.0254857
11	13047032	0.0254703
12	13047033	0.00255065
13	13047034	0.0248127
14	13047035	0.0313314
15	13047036	0.0226944
16	13047037	0.0289244
17	13047039	0.0292499
18	13047041	0.00130526
19	13047042	0.0025035
20	13047043	0.001442
21	13047044	0.000499703
22	13047122	0.0345883
23	13047123	0.0351963
24	13047124	0.0194209
25	13047126	0.0426878
26	13048009	0.0395371
27	13048010	0.00659311
28	13048011	0.0361886
29	13048012	0.0356587
30	13048013	0.0334888
31	13048014	0.0333608
32	13048015	0.0320104
33	13048016	0.0311926
34	13048017	0.00843887
35	13048018	0.0286518
36	13048019	0.0162411
37	13048030	0.0373033
38	13048031	0.0396769
39	13048032	0.00645676
40	13048040	0.0413728
41	13048041	0.0217145
42	13048042	0.0385132
43	13048043	0.0218287
44	13048044	0.00526976
45	13048045	0.00826453
46	13048046	0.00116799
47	13048049	0.0328944
48	13048050	0.0319957
49	13048051	0.0353101
50	13048052	0.0300871
51	13048053	0.029719
52	13048087	0.0496822
53	13048088	0.0455901
54	13048089	0.044015
55	13048090	0.0420074
56	13048091	0.0399134
57	13048092	9.24935e-06
58	13048093	0.001307
59	13049004	0.0149819
60	13049005	0.00704398
61	13049006	6.30648e-05
62	13049007	3.78127e-08
63	13049031	0.0302729
64	13049032	0.0134825
65	13049035	0.0297164
66	13049039	0.0282327
67	13049041	0.00607593
68	13049042	0.0219223
69	13049044	0.0194279
70	13049045	0.0248789
71	13049046	0.0249659
72	13049047	0.0242464
73	13049048	0.0203591
74	13049049	0.0185293
75	13049050	0.00269451
76	13049072	0.0528957
77	13049073	0.048831
78	13049080	0.0443024
79	13049081	0.0420002
80	13049082	0.0462868
81	13049086	0.0350919
82	13049087	0.0342662
83	13049088	0.0327676
84	13049089	0.00116226
85	13049093	0.0331085
86	13049094	0.0322697
87	13049096	0.0123738
88	13049098	0.0302248
89	13049099	0.0287588
90	13049101	0.0278269
91	13050001	0.0219625
92	13050006	0.0606361
93	13050007	0.0120524
94	13050009	0.0353332
95	13050011	0.0427787
96	13050012	0.0413823
97	13050015	0.00382986
98	13050016	0.00591907
99	13050020	0.0355958
100	13050022	0.0345467
101	13050023	0.033668
102	13050025	0.00989674
103	13050026	0.0157948
104	13050027	1.40876e-06
105	13050028	0.0201137
106	13050029	0.0281095
107	13050031	0.00829275
108	13050032	0.0291319
109	13050033	0.0116111
110	13050036	0.0278934
111	13050037	0.0107547
112	13050038	0.0267634
113	13050039	0.0150905
114	13050041	0.0188518
115	13050042	0.022234
116	13050043	0.0179756
117	13050044	0.0127395
118	13050046	0.0188046
119	13050047	0.0176473
120	13050049	0.018965
121	13050050	0.00248794
122	13051006	0.0600661
123	13051007	0.0555294
124	13051008	0.0423903
125	13051009	0.0409543
126	13051010	0.0398485
127	13051011	0.0382539
128	13051012	0.00973696
129	13051015	0.034182
130	13051016	0.0333572
131	13051017	0.0322931
132	13051019	0.0279976
133	13051020	0.0311232
134	13051021	0.026707
135	13051022	0.028316
136	13051023	0.0288897
137	13051024	0.0155801
138	13051026	0.0276332
139	13051028	0.0154223
140	13051068	0.0347909
141	13051069	0.0337604
142	13051070	0.0242873
143	13051071	0.0316188
144	13051072	0.030465
145	13051073	0.0297308
146	13051074	2.38138e-05
147	13051080	0.000462739
148	13051081	0.0084007
149	13051083	0.0252299
150	13051085	0.0253845
151	13051086	0.0248643
152	13051087	0.0203048
153	13051088	0.0156062
154	13051092	0.0227679
155	13051093	0.0227191
156	13051095	0.00258593
157	13052001	0.040067
158	13052002	0.0384048
159	13052003	0.0367461
160	13052004	0.03532
161	13052005	0.0270847
162	13052009	0.0065283
163	13052010	0.0313958
164	13052011	0.0304775
165	13052012	0.0298574
166	13052013	0.0288957
167	13052014	0.0275068
168	13052015	0.00537503
169	13052016	0.0202391
170	13052017	0.0246807
171	13052018	0.0227072
172	13052019	0.0220551
173	13052020	0.0258045
174	13052021	0.0262772
175	13052022	0.00282385
176	13052036	0.0186985
177	13052037	0.0453674
178	13052039	0.0432085
179	13052042	0.0388399
180	13052043	0.0379796
181	13052045	0.036453
182	13052048	0.0332572
183	13052050	0.0323862
184	13052051	0.0320914
185	13052052	0.0312374
186	13052053	0.026009
187	13052054	0.00212591
188	13052056	0.00845679
189	13052061	0.000813814
190	13052088	0.0489835
191	13053004	0.0455017
192	13053005	0.0421642
193	13053006	0.0415582
194	13053007	0.0385694
195	13053012	0.0370431
196	13053013	0.0265142
197	13053015	0.0345922
198	13053027	0.0291011
199	13053028	0.0288218
200	13054022	0.00183841
201	13054023	0.00787531
202	13054044	0.0398847
203	13054045	0.00308913
204	13054060	0.0302801
205	13054061	0.0292438
206	13054062	0.029076
207	13054063	0.0334584
208	13054064	0.032336
209	13054065	0.0313172
210	13054066	0.0137581
211	13054068	0.0300208
212	13054069	0.0294706
213	13054070	0.0284765
214	13054084	0.0489851
215	13054085	0.0470227
216	13055001	0.0459492
217	13055004	0.0222439
218	13055006	0.0327913
219	13055007	0.0317973
220	13055008	0.0316077
221	13055009	0.0312555
222	13055010	0.0304888
223	13055011	0.0296929
224	13055014	0.00419383
225	13055015	1.15455e-05
226	13055016	0.0267983
227	13055017	0.0261977
228	13055018	0.0254238
229	13055019	0.0251578
230	13055020	0.0247211
231	13055021	0.0244404
232	13055022	0.0240301
233	13055023	0.0041675
234	13055024	0.00389437
235	13055035	0.0376953
236	13055036	0.0337176
237	13055037	0.0308156
238	13055038	0.0288336
239	13055039	0.00966981
240	13055068	0.0468043
241	13055070	0.00853837
242	13055072	0.00239084
243	13055073	0.0407311
244	13055075	0.0393137
245	13055076	0.0269336
246	13055080	0.0360559
247	13055081	0.034578
248	13055082	0.0147246
249	13055086	0.00433008
250	13055087	0.0322519
251	13056005	0.029433
252	13056007	0.0158966
253	13056008	0.0217433
254	13056020	0.0400148
255	13056021	0.0351964
256	13056022	0.0323202
257	13056023	0.0305207
258	13056024	0.0284316
259	13056025	0.00502717
260	13056026	0.00739589
261	13056027	0.0260697
262	13056028	0.023944
263	13056029	0.0231736
264	13056030	0.0223428
265	13056031	0.0216314
266	13056033	0.0207132
267	13056034	0.00133214
268	13056035	0.0191225
269	13056037	0.0184078
270	13056038	0.0180143
271	13056039	0.0140872
272	13057005	0.0496112
273	13057006	0.0363961
274	13057007	0.047994
275	13057008	0.0465217
276	13057009	0.0451093
277	13057010	0.0434306
278	13057011	0.00869885
279	13057014	0.0404191
280	13057015	0.0398205
281	13057016	0.0386605
282	13057017	0.0388805
283	13057018	0.0394651
284	13057019	0.0196311
285	13057021	0.0397556
286	13057022	0.0399193
287	13057023	0.0401736
288	13057024	0.0402504
289	13057025	0.0408458
290	13057026	0.0410096
291	13057027	0.0107594
292	13057044	0.0410885
293	13057045	0.0400419
294	13057046	0.0389513
295	13057047	0.0281243
296	13057048	0.0282643
297	13057049	0.0364574
298	13057050	0.0354222
299	13057051	0.0347952
300	13057052	0.0342611
301	13057053	0.036811
302	13057055	0.0318296
303	13057056	0.0310827
304	13057057	0.0306681
305	13057058	0.0146831
306	13058002	0.0281419
307	13058008	0.0496478
308	13058015	0.0222159
309	13058016	0.0499529
310	13058017	0.0488101
311	13058018	0.0477063
312	13058025	0.0418696
313	13058026	0.0402903
314	13058028	0.0398578
315	13058029	0.0393008
316	13058030	0.00120304
317	13058031	0.0387937
318	13058032	0.0182133
319	13059005	0.0370621
320	13059006	0.0368425
321	13059007	0.0360543
322	13059008	0.0277165
323	13059009	0.0345396
324	13059010	0.0346003
325	13059011	0.0345786
326	13059012	0.0338596
327	13059013	0.0339119
328	13059014	0.0329302
329	13059015	0.0159874
330	13059016	0.0316572
331	13059017	0.031138
332	13059018	0.0301891
333	13059019	0.00181378
334	13059020	0.0299569
335	13059021	0.0296953
336	13059022	0.0290447
337	13059023	0.0040518
338	13059025	0.0276809
339	13059026	0.0275571
340	13059027	0.0100244
341	13059076	0.0490195
342	13059077	0.0636108
343	13059078	0.0624517
344	13059079	0.0449953
345	13059080	0.0322401
346	13059082	0.0546811
347	13059083	0.0533213
348	13059084	0.00578692
349	13059085	0.05158
350	13059086	0.0458185
351	13059087	0.0241986
352	13060001	0.0450575
353	13060002	0.0439519
354	13060003	0.0191446
355	13060008	0.0404018
356	13060009	0.0402129
357	13060010	0.00238651
358	13060011	0.040905
359	13060012	0.0319561
360	13061024	0.0462216
361	13061025	0.0357851
362	13061026	0.00174799
363	13061029	0.0424644
364	13061030	0.0404251
365	13061031	0.039196
366	13061035	0.0134394
367	13061054	0.0635344
368	13061055	0.0609725
369	13061059	0.0480203
370	13061060	0.0555601
371	13061061	0.0443644
372	13062001	0.0342312
373	13062002	0.0159394
374	13062004	0.0325558
375	13062005	0.0321118
376	13062006	0.0306502
377	13062007	0.0301778
378	13062013	0.050257
379	13062025	0.0612274
380	13062026	0.0627414
381	13062028	0.0500618
382	13062029	0.0500149
383	13062049	0.0382062
384	13062050	0.0373328
385	13062052	0.0076798
386	13062059	0.0426784
387	13062060	0.00772789
388	13062061	0.0237164
389	13062062	0.0440105
390	13062063	0.0393025
391	13063009	0.0453791
392	13063010	0.0435072
393	13063011	0.0427498
394	13063020	0.00507491
395	13063022	0.0395856
396	13063023	0.0387207
397	13063030	0.037262
398	13063031	0.0362418
399	13063032	0.0349362
400	13063033	0.00081338
401	13063034	0.0448694
402	13063035	0.0430962
403	13063036	0.052413
404	13063053	0.0521401
405	13063054	0.045576
406	13063062	0.0547323
407	13063063	0.011083
408	13063065	0.0248936
409	13063067	0.0235785
410	13063068	0.0400344
411	13063071	0.01201
412	13063072	0.0272858
413	13063073	0.0410317
414	13063074	0.0317801
415	13063076	0.0425875
416	13064001	0.0300907
417	13064002	0.0451579
418	13064003	0.0260282
419	13064004	0.0251743
420	13064005	0.00985502
421	13064006	0.00378008
422	13064012	0.0258002
423	13064014	0.0477523
424	13064020	0.0415916
425	13064021	0.0399429
426	13064022	0.0349694
427	13064023	0.0361624
428	13064024	0.0534328
429	13064025	0.0439062
430	13064026	0.0288998
431	13064028	0.0310903
432	13064029	0.0460614
433	13064030	0.000270501
434	13064031	0.0410702
435	13064032	0.0260004
436	13064052	0.00505019
437	13064055	0.0660445
438	13064056	0.0453313
439	13064057	0.0430199
440	13064059	0.00825844
441	13064061	0.0210798
442	13064064	0.048402
443	13064065	0.0535615
444	13064066	0.033327
445	13064068	0.0235574
446	13064070	0.0400387
447	13064074	0.0355184
448	13064075	0.043467
449	13065005	0.0548694
450	13065006	0.0482207
451	13065007	0.0439284
452	13065008	0.0412061
453	13065009	0.0395252
454	13065013	0.00393467
455	13065014	0.0357897
456	13065015	0.034638
457	13065016	0.0341146
458	13065017	0.0326095
459	13065018	0.0312514
460	13065019	0.0380465
461	13065020	0.035326
462	13065021	0.0342455
463	13065022	0.0197444
464	13065046	0.0794436
465	13065047	0.0456399
466	13065048	0.0550409
467	13065049	0.0520016
468	13065050	0.0495822
469	13065052	0.0330134
470	13065053	0.0395554
471	13065055	0.0310007
472	13065056	0.0384515
473	13065058	0.0265421
474	13065059	0.0274268
475	13065060	0.0398221
476	13066021	0.0305504
477	13066022	0.0290831
478	13066023	0.0276075
479	13066024	0.0261677
480	13066025	0.025654
481	13066026	0.0248831
482	13066027	0.0243739
483	13066028	0.0237178
484	13066029	0.0231371
485	13066030	0.0228229
486	13066031	0.0224993
487	13066033	0.0224501
488	13066034	0.0228898
489	13066035	0.0239762
490	13066036	0.00811899
491	13066101	0.0177621
492	13066102	0.0205414
493	13066104	0.0247794
494	13066109	0.0557419
495	13066110	0.0610881
496	13067001	0.0617835
497	13067002	0.0662691
498	13067003	0.0585796
499	13067010	0.0413032
500	13067011	0.0402888
501	13067012	0.0275356
502	13067013	0.0365739
503	13067014	0.0324752
504	13067015	0.0321723
505	13067017	0.0156775
506	13068017	0.0485188
507	13068022	0.0315235
508	13068027	0.0469358
509	13068029	0.0349504
510	13068034	0.0332065
511	13068036	0.0454663
512	13068037	0.0394531
513	13068084	0.00749737
514	13068085	0.0543862
515	13068086	0.051794
516	13068087	0.0606085
517	13068088	0.0637559
518	13068090	0.0722333
519	13069001	0.100792
520	13069002	0.0429044
521	13069003	0.0245612
522	13069004	0.0445052
523	13069005	0.035211
524	13069006	0.035445
525	13069007	0.0365443
526	13069008	0.0331935
527	13069013	0.0615481
528	13069014	0.0646519
529	13069016	0.0533065
530	13069017	0.0534179
531	13069018	0.0495632
532	13069020	0.00987616
533	13069021	0.0518364
534	13069022	0.0514728
535	13069023	0.00132495
536	13069024	0.0178784
537	13069026	0.0395163
538	13069027	0.0255147
539	13069029	0.00259544
540	13069030	0.0436231
541	13069031	0.0065615
542	13069035	0.0394337
543	13069036	0.0201099
544	13069066	0.0772809
545	13069067	0.0811544
546	13069068	0.0673975
547	13069069	0.0197318
548	13069073	0.0703449
549	13070006	0.0244029
550	13070008	0.0784103
551	13070010	0.0819055
552	13070011	0.0463378
553	13070012	0.0733103
554	13070014	0.0120309
555	13070015	0.00209968
556	13070016	0.0511258
557	13070017	0.0510508
558	13070018	0.0141341
559	13070019	0.00199288
560	13070020	0.0470234
561	13070021	0.0086438
562	13070022	0.0482483
563	13070024	0.00771126
564	13070025	0.0438038
565	13070026	0.0400972
566	13070027	0.0355651
567	13070056	0.063916
568	13070057	0.058519
569	13070058	0.0596838
570	13070059	0.0166448
571	13070060	0.0187347
572	13070061	7.13273e-06
573	13071003	0.0441694
574	13071004	0.0387963
575	13071005	0.0385802
576	13071006	0.0103139
577	13071008	0.0154877
578	13071009	0.013189
579	13071010	0.0383145
580	13071011	0.0382163
581	13071012	0.0418608
582	13071064	0.0572499
583	13072001	0.0521358
584	13072002	0.0543244
585	13072003	0.05661
586	13072004	0.0353079
587	13072005	0.0519152
588	13072006	0.0110802
589	13072007	0.0481293
590	13072008	0.0538735
591	13072009	0.0441292
592	13072010	0.0392376
593	13072011	0.0416581
594	13072014	0.023166
595	13072015	0.0265783
596	13072016	0.0561075
597	13072017	0.0386703
598	13072018	0.0373646
599	13072019	0.0183054
600	13072020	0.0227463
**** Total Delivered Luminosity for JP2 = 18.8019  ****
