0	13047003	7.09199e-05
1	13047004	8.22e-05
2	13047022	2.09221e-05
3	13047023	0.000195074
4	13047024	5.37311e-05
5	13047026	0.00014063
6	13047027	0.000117753
7	13047028	0.000104625
8	13047029	0.000133565
9	13047030	0.000138871
10	13047031	0.000157064
11	13047032	0.000160563
12	13047033	1.66268e-05
13	13047034	0.000161077
14	13047035	0.000211996
15	13047036	0.000158071
16	13047037	0.000205032
17	13047039	0.000219308
18	13047041	1.04806e-05
19	13047042	1.9944e-05
20	13047043	1.14283e-05
21	13047044	4.23693e-06
22	13047122	0.000141472
23	13047123	0.000153498
24	13047124	8.97614e-05
25	13047126	0.00020551
26	13048009	0.000207754
27	13048010	3.64277e-05
28	13048011	0.000212923
29	13048012	0.000213789
30	13048013	0.000212376
31	13048014	0.000211814
32	13048015	0.000213674
33	13048016	0.000215494
34	13048017	5.99929e-05
35	13048018	0.000217359
36	13048019	0.000111444
37	13048030	0.000141308
38	13048031	0.000164988
39	13048032	2.93388e-05
40	13048040	0.00019976
41	13048041	0.000110768
42	13048042	0.0002241
43	13048043	0.00015802
44	13048044	3.905e-05
45	13048045	6.15219e-05
46	13048046	9.14755e-06
47	13048049	0.00026445
48	13048050	0.000264837
49	13048051	0.000301999
50	13048052	0.000272314
51	13048053	0.000271354
52	13048087	0.000224346
53	13048088	0.00023263
54	13048089	0.000243009
55	13048090	0.000247807
56	13048091	0.000249537
57	13048092	4.48372e-06
58	13048093	5.48596e-05
59	13049004	7.47851e-05
60	13049005	3.7929e-05
61	13049006	2.894e-05
62	13049007	1.76513e-08
63	13049031	0.000264928
64	13049032	0.000121014
65	13049035	0.00027243
66	13049039	0.000279127
67	13049041	6.30525e-05
68	13049042	0.00023277
69	13049044	0.000215304
70	13049045	0.000284497
71	13049046	0.000285092
72	13049047	0.000288242
73	13049048	0.000242494
74	13049049	0.000231756
75	13049050	3.51729e-05
76	13049072	0.000232839
77	13049073	0.000250725
78	13049080	0.000265133
79	13049081	0.00026482
80	13049082	0.000307858
81	13049086	0.000255728
82	13049087	0.000257612
83	13049088	0.000258105
84	13049089	9.20807e-06
85	13049093	0.00027335
86	13049094	0.000275119
87	13049096	0.000108964
88	13049098	0.000277558
89	13049099	0.000273311
90	13049101	0.000275648
91	13050001	0.000220615
92	13050006	0.000261857
93	13050007	6.54806e-05
94	13050009	0.000207684
95	13050011	0.000267939
96	13050012	0.000272468
97	13050015	2.7797e-05
98	13050016	4.3427e-05
99	13050020	0.000278115
100	13050022	0.000277764
101	13050023	0.000280972
102	13050025	8.52351e-05
103	13050026	0.000138421
104	13050027	2.20863e-06
105	13050028	0.000179011
106	13050029	0.000256835
107	13050031	7.9449e-05
108	13050032	0.000286096
109	13050033	0.000118786
110	13050036	0.000288775
111	13050037	0.000114199
112	13050038	0.000289863
113	13050039	0.00017931
114	13050041	0.000236855
115	13050042	0.000299159
116	13050043	0.000259008
117	13050044	0.000192421
118	13050046	0.000318746
119	13050047	0.000319023
120	13050049	0.000371237
121	13050050	5.31803e-05
122	13051006	0.000281946
123	13051007	0.000308488
124	13051008	0.000264926
125	13051009	0.000271147
126	13051010	0.000275195
127	13051011	0.000277724
128	13051012	7.57761e-05
129	13051015	0.000278603
130	13051016	0.000279718
131	13051017	0.000280237
132	13051019	0.000250017
133	13051020	0.000283261
134	13051021	0.000255205
135	13051022	0.000284031
136	13051023	0.000285241
137	13051024	0.000160593
138	13051026	0.000287377
139	13051028	0.000166883
140	13051068	0.00023094
141	13051069	0.000251929
142	13051070	0.000197098
143	13051071	0.00026541
144	13051072	0.000268277
145	13051073	0.000270438
146	13051074	1.92002e-05
147	13051080	4.8737e-06
148	13051081	9.25786e-05
149	13051083	0.000277645
150	13051085	0.000282882
151	13051086	0.000286831
152	13051087	0.000240148
153	13051088	0.000189561
154	13051092	0.000295493
155	13051093	0.000298357
156	13051095	3.58313e-05
157	13052001	0.000260499
158	13052002	0.000265926
159	13052003	0.000268727
160	13052004	0.000267564
161	13052005	0.000210723
162	13052009	5.66597e-05
163	13052010	0.00027343
164	13052011	0.000272131
165	13052012	0.000272213
166	13052013	0.000272106
167	13052014	0.000272839
168	13052015	5.43656e-05
169	13052016	0.000220571
170	13052017	0.000281237
171	13052018	0.000291466
172	13052019	0.000288144
173	13052020	0.000284604
174	13052021	0.000289784
175	13052022	3.33044e-05
176	13052036	0.000187859
177	13052037	0.000475193
178	13052039	0.000490628
179	13052042	0.000571086
180	13052043	0.000580883
181	13052045	0.000584019
182	13052048	0.000583133
183	13052050	0.000591101
184	13052051	0.000593269
185	13052052	0.000596203
186	13052053	0.000510911
187	13052054	4.34187e-05
188	13052056	0.00017402
189	13052061	0.000238495
190	13052088	0.000548613
191	13053004	0.000557803
192	13053005	0.000557093
193	13053006	0.000569813
194	13053007	0.000574565
195	13053012	0.000581844
196	13053013	0.000430961
197	13053015	0.000582652
198	13053027	0.000590351
199	13053028	0.000595363
200	13054022	3.32833e-05
201	13054023	0.000143097
202	13054044	0.000564323
203	13054045	4.62063e-05
204	13054060	0.000532312
205	13054061	0.000532905
206	13054062	0.000541646
207	13054063	0.000651456
208	13054064	0.000646592
209	13054065	0.000648143
210	13054066	0.0002921
211	13054068	0.000656255
212	13054069	0.000659632
213	13054070	0.000662443
214	13054084	0.000554576
215	13054085	0.000568019
216	13055001	0.000618866
217	13055004	0.000313966
218	13055006	0.000491918
219	13055007	0.000493315
220	13055008	0.000504784
221	13055009	0.000513402
222	13055010	0.000518105
223	13055011	0.000522692
224	13055014	8.0204e-05
225	13055015	4.0667e-05
226	13055016	0.000524346
227	13055017	0.000533174
228	13055018	0.00053312
229	13055019	0.000538634
230	13055020	0.000542553
231	13055021	0.000546161
232	13055022	0.000549567
233	13055023	9.66783e-05
234	13055024	9.26498e-05
235	13055035	0.000574574
236	13055036	0.000578147
237	13055037	0.000586612
238	13055038	0.000599475
239	13055039	0.000215318
240	13055068	0.000553564
241	13055070	0.000110713
242	13055072	3.39509e-05
243	13055073	0.000582954
244	13055075	0.000591781
245	13055076	0.000408723
246	13055080	0.000593822
247	13055081	0.000592772
248	13055082	0.00026073
249	13055086	8.34491e-05
250	13055087	0.000628853
251	13056005	0.000473163
252	13056007	0.000278926
253	13056008	0.000397211
254	13056020	0.000553582
255	13056021	0.000556251
256	13056022	0.000567331
257	13056023	0.000574138
258	13056024	0.000577745
259	13056025	0.000118024
260	13056026	0.000165861
261	13056027	0.000593972
262	13056028	0.000602195
263	13056029	0.000617396
264	13056030	0.00062597
265	13056031	0.000637926
266	13056033	0.000653656
267	13056034	4.53582e-05
268	13056035	0.000681594
269	13056037	0.000692987
270	13056038	0.000706545
271	13056039	0.0005819
272	13057005	0.00052898
273	13057006	0.00042778
274	13057007	0.000588057
275	13057008	0.000607136
276	13057009	0.00061436
277	13057010	0.000609328
278	13057011	0.000126102
279	13057014	0.00062949
280	13057015	0.000639661
281	13057016	0.00063875
282	13057017	0.000640589
283	13057018	0.000648931
284	13057019	0.000326618
285	13057021	0.000653389
286	13057022	0.000658141
287	13057023	0.000661403
288	13057024	0.000661888
289	13057025	0.000671572
290	13057026	0.000675608
291	13057027	0.000177962
292	13057044	0.00060184
293	13057045	0.000605791
294	13057046	0.000608447
295	13057047	0.000453391
296	13057048	0.000478006
297	13057049	0.000627817
298	13057050	0.000630665
299	13057051	0.000633683
300	13057052	0.000643846
301	13057053	0.000706317
302	13057055	0.000645513
303	13057056	0.000644858
304	13057057	0.000652826
305	13057058	0.00032077
306	13058002	0.000657345
307	13058008	0.000569963
308	13058015	0.000279666
309	13058016	0.000645567
310	13058017	0.000655285
311	13058018	0.000658922
312	13058025	0.0004332
313	13058026	0.000431826
314	13058028	0.000439128
315	13058029	0.000441266
316	13058030	1.41705e-05
317	13058031	0.000448632
318	13058032	0.000217718
319	13059005	0.000183361
320	13059006	0.000190093
321	13059007	0.000193806
322	13059008	0.000154246
323	13059009	0.000203131
324	13059010	0.000210205
325	13059011	0.0002138
326	13059012	0.000216757
327	13059013	0.00021999
328	13059014	0.000220002
329	13059015	0.000110711
330	13059016	0.000222123
331	13059017	0.00022385
332	13059018	0.00022437
333	13059019	1.38595e-05
334	13059020	0.000229252
335	13059021	0.000231433
336	13059022	0.000232416
337	13059023	3.32596e-05
338	13059025	0.000232498
339	13059026	0.000233064
340	13059027	8.67459e-05
341	13059076	0.000190335
342	13059077	0.000267288
343	13059078	0.000277736
344	13059079	0.000211518
345	13059080	0.000158197
346	13059082	0.000284499
347	13059083	0.000288337
348	13059084	3.29878e-05
349	13059085	0.000291717
350	13059086	0.000269176
351	13059087	0.00014582
352	13060001	0.000293593
353	13060002	0.00029566
354	13060003	0.000131332
355	13060008	0.00019502
356	13060009	0.000199554
357	13060010	1.24065e-05
358	13060011	0.000217128
359	13060012	0.000174774
360	13061024	0.000212156
361	13061025	0.000173825
362	13061026	8.786e-06
363	13061029	0.000215157
364	13061030	0.000216479
365	13061031	0.000215623
366	13061035	0.000124979
367	13061054	0.000287283
368	13061055	0.000294725
369	13061059	0.000255026
370	13061060	0.000305124
371	13061061	0.000294954
372	13062001	0.000223715
373	13062002	0.000107465
374	13062004	0.000225875
375	13062005	0.00022652
376	13062006	0.000227093
377	13062007	0.000228901
378	13062013	0.000207549
379	13062025	0.000199963
380	13062026	0.000235311
381	13062028	0.00021394
382	13062029	0.000224026
383	13062049	0.000192347
384	13062050	0.000194228
385	13062052	4.0963e-05
386	13062059	0.000237223
387	13062060	4.45915e-05
388	13062061	0.000136481
389	13062062	0.000257686
390	13062063	0.000237421
391	13063009	0.000176833
392	13063010	0.000178547
393	13063011	0.000182601
394	13063020	2.36883e-05
395	13063022	0.000186155
396	13063023	0.00018785
397	13063030	0.00019042
398	13063031	0.000190781
399	13063032	0.000189334
400	13063033	4.82295e-06
401	13063034	0.000250203
402	13063035	0.000248557
403	13063036	0.000313135
404	13063053	0.000231806
405	13063054	0.000230234
406	13063062	0.000264355
407	13063063	5.80987e-05
408	13063065	0.000134519
409	13063067	0.000135982
410	13063068	0.000263665
411	13063071	7.59278e-05
412	13063072	0.000174912
413	13063073	0.000272395
414	13063074	0.000219041
415	13063076	0.000305167
416	13064001	0.000223251
417	13064002	0.000341312
418	13064003	0.0002054
419	13064004	0.000206605
420	13064005	8.13945e-05
421	13064006	3.18389e-05
422	13064012	8.4138e-05
423	13064014	0.000179506
424	13064020	0.000190571
425	13064021	0.000191686
426	13064022	0.00017755
427	13064023	0.000192433
428	13064024	0.000295493
429	13064025	0.000256055
430	13064026	0.000175706
431	13064028	0.000203144
432	13064029	0.000308575
433	13064030	2.01385e-06
434	13064031	0.000285923
435	13064032	0.000186915
436	13064052	2.05912e-05
437	13064055	0.000292483
438	13064056	0.000229349
439	13064057	0.000229442
440	13064059	5.01195e-05
441	13064061	0.000130655
442	13064064	0.000310215
443	13064065	0.000361843
444	13064066	0.00023864
445	13064068	0.000176927
446	13064070	0.000315055
447	13064074	0.000291273
448	13064075	0.000372895
449	13065005	0.000195246
450	13065006	0.000196583
451	13065007	0.000196282
452	13065008	0.00019684
453	13065009	0.000199465
454	13065013	2.19438e-05
455	13065014	0.000200695
456	13065015	0.000200594
457	13065016	0.000203953
458	13065017	0.000203119
459	13065018	0.000199438
460	13065019	0.000251308
461	13065020	0.000239597
462	13065021	0.000239341
463	13065022	0.000142041
464	13065046	0.0002905
465	13065047	0.00020035
466	13065048	0.000259945
467	13065049	0.000265918
468	13065050	0.00027318
469	13065052	0.00020755
470	13065053	0.000261657
471	13065055	0.000219956
472	13065056	0.000282661
473	13065058	0.000206576
474	13065059	0.000220886
475	13065060	0.00033252
476	13066021	0.000187217
477	13066022	0.000189065
478	13066023	0.000190127
479	13066024	0.000188654
480	13066025	0.000192312
481	13066026	0.000195491
482	13066027	0.000198304
483	13066028	0.000200188
484	13066029	0.000202903
485	13066030	0.000206864
486	13066031	0.000209248
487	13066033	0.000212474
488	13066034	0.000223248
489	13066035	0.000241676
490	13066036	8.33732e-05
491	13066101	0.000112941
492	13066102	0.000135732
493	13066104	0.000168574
494	13066109	0.000419015
495	13066110	0.000482129
496	13067001	0.000181653
497	13067002	0.000230893
498	13067003	0.00022767
499	13067010	0.000225581
500	13067011	0.000228186
501	13067012	0.000160349
502	13067013	0.000218816
503	13067014	0.000198352
504	13067015	0.000201254
505	13067017	0.000101152
506	13068017	0.000208527
507	13068022	0.000149584
508	13068027	0.000279962
509	13068029	0.000228224
510	13068034	0.00023076
511	13068036	0.000324666
512	13068037	0.00029081
513	13068084	2.46633e-05
514	13068085	0.00018133
515	13068086	0.000189189
516	13068087	0.000236913
517	13068088	0.00026575
518	13068090	0.000322032
519	13069001	0.000482407
520	13069002	0.00021929
521	13069003	0.000130177
522	13069004	0.000245198
523	13069005	0.000199719
524	13069006	0.000207961
525	13069007	0.000220428
526	13069008	0.000206573
527	13069013	0.000197999
528	13069014	0.000230325
529	13069016	0.000207227
530	13069017	0.000219537
531	13069018	0.000212943
532	13069020	4.51295e-05
533	13069021	0.000240524
534	13069022	0.000247072
535	13069023	0.000170893
536	13069024	9.24993e-05
537	13069026	0.000208084
538	13069027	0.000137489
539	13069029	1.5168e-05
540	13069030	0.00024893
541	13069031	3.93681e-05
542	13069035	0.000239644
543	13069036	0.000126511
544	13069066	0.000249079
545	13069067	0.000281523
546	13069068	0.000250664
547	13069069	7.76454e-05
548	13069073	0.00029688
549	13070006	8.15129e-05
550	13070008	0.000269252
551	13070010	0.000299778
552	13070011	0.00017961
553	13070012	0.000293001
554	13070014	4.98332e-05
555	13070015	8.82988e-06
556	13070016	0.000219816
557	13070017	0.000226625
558	13070018	6.50599e-05
559	13070019	9.60425e-06
560	13070020	0.000217309
561	13070021	4.18759e-05
562	13070022	0.000233433
563	13070024	3.9436e-05
564	13070025	0.000221725
565	13070026	0.000210096
566	13070027	0.000190332
567	13070056	0.000251352
568	13070057	0.000235767
569	13070058	0.000254119
570	13070059	7.38604e-05
571	13070060	8.56638e-05
572	13070061	4.03862e-07
573	13071003	0.000216925
574	13071004	0.000195375
575	13071005	0.000197819
576	13071006	5.39911e-05
577	13071008	8.21215e-05
578	13071009	7.21861e-05
579	13071010	0.000207187
580	13071011	0.000212314
581	13071012	0.000237666
582	13071064	0.000196943
583	13072001	0.000193681
584	13072002	0.000211004
585	13072003	0.00022829
586	13072004	0.000146917
587	13072005	0.000221624
588	13072006	4.87159e-05
589	13072007	0.000213704
590	13072008	0.00024993
591	13072009	0.000210426
592	13072010	0.000191819
593	13072011	0.000208479
594	13072014	0.00011863
595	13072015	0.000139152
596	13072016	0.000300149
597	13072017	0.000212144
598	13072018	0.000210946
599	13072019	0.000105067
600	13072020	0.000132542
**** Total Delivered Luminosity for JP0 = 0.160204  ****
