123 789
123 778
123 747
178 1202
178 1025
178 1150
129 782
129 857
129 692
140 797
140 797
140 770
154 873
154 909
154 960
183 924
183 944
183 1136
155 941
155 1017
155 839
149 803
149 924
149 896
160 1109
160 1110
160 930
147 815
147 938
147 838
231 1323
231 1433
231 1496
492 2819
492 2761
492 2793
374 2422
374 2079
374 2281
463 2855
463 2804
463 2703
457 2585
457 2690
457 2738
376 2360
376 2184
376 2490
92 548
92 517
92 541
129 748
129 670
129 766
115 703
115 693
115 680
132 820
132 726
132 823
110 784
110 628
110 749
344 2000
344 2105
344 2199
262 1609
262 1708
262 1648
318 1939
318 1810
318 1808
352 2032
352 2179
352 1985
244 1562
244 1482
244 1480
294 1734
294 1742
294 1771
249 1410
249 1496
249 1527
265 1681
265 1619
265 1588
239 1453
239 1411
239 1578
217 1217
217 1126
217 1200
249 1449
249 1532
249 1588
217 1152
217 1193
217 1221
227 1359
227 1242
227 1256
227 1382
227 1274
227 1353
189 1227
189 1071
189 1098
316 1847
316 1862
316 1944
271 1781
271 1531
271 1651
325 2005
325 1717
325 2030
263 1499
263 1608
263 1559
263 1439
263 1549
263 1555
316 1986
316 1943
316 1983
273 1689
273 1649
273 1790
309 1835
309 1874
309 1772
330 2044
330 2081
330 2051
246 1367
246 1198
246 1455
321 1752
321 1971
321 1783
305 1899
305 1797
305 1713
323 1943
323 1931
323 1873
358 2057
358 2102
358 2104
352 2221
352 2220
352 1794
332 1978
332 2024
332 2052
334 1911
334 2012
334 1993
383 2203
383 2341
383 2401
333 2005
333 2090
333 1961
316 1926
316 1998
316 1883
173 1029
173 1047
173 955
321 1845
321 1764
321 1902
333 2079
333 2001
333 2025
354 2101
354 2216
354 1995
390 2292
390 2317
390 2411
298 1820
298 1799
298 1690
459 2830
459 2733
459 2814
372 2290
372 2306
372 2121
492 2971
492 3184
492 2831
451 2802
451 2564
451 2844
433 2527
433 2705
433 2682
353 2044
353 2236
353 2111
307 1820
307 1794
307 2001
362 2168
362 2365
362 2335
332 1969
332 2016
332 1940
283 1810
283 1689
283 1661
474 2781
474 2760
474 3020
403 2508
403 2543
403 2402
414 2568
414 2343
414 2419
419 2594
419 2619
419 2651
407 2455
407 2447
407 2628
472 2865
472 2877
472 2931
438 2713
438 2365
438 2703
447 2783
447 2521
447 2693
459 2611
459 2765
459 2903
452 2506
452 2747
452 2662
107 687
107 529
107 667
203 1058
203 1204
203 1239
116 676
116 774
116 767
42 222
42 218
42 297
347 2141
347 2393
347 2040
289 1750
289 1761
289 1758
345 2119
345 2132
345 1977
334 2010
334 1913
334 1887
270 1630
270 1530
270 1569
373 2405
373 2379
373 2229
295 1689
295 1863
295 1797
349 2232
349 2069
349 2129
389 2242
389 2533
389 2379
293 1597
293 1854
293 1628
218 1336
218 1236
218 1251
173 1137
173 978
173 1100
209 1215
209 1215
209 1242
212 1369
212 1248
212 1372
161 985
161 874
161 901
505 2990
505 2872
505 2953
372 2223
372 2200
372 2196
462 2923
462 2832
462 2686
488 2773
488 2869
488 2880
415 2614
415 2447
415 2438
605 3649
605 3578
605 3601
595 3585
595 3254
595 3674
586 3559
586 3539
586 3573
451 2710
451 2675
451 2493
265 1533
265 1551
265 1494
118 847
118 692
118 768
566 3247
566 3289
566 3501
584 3407
584 3653
584 3562
585 3519
585 3310
585 3412
493 3027
493 3032
493 3038
603 3661
603 3810
603 3671
582 3725
582 3556
582 3530
613 3644
613 3452
613 3914
469 2615
469 2621
469 2615
587 3583
587 3509
587 3487
559 3185
559 3339
559 3362
586 3496
586 3384
586 3231
484 3020
484 2856
484 2969
574 3563
574 3546
574 3409
569 3720
569 3426
569 3671
578 3321
578 3432
578 3469
507 3045
507 3071
507 2976
614 3673
614 3670
614 3893
586 3531
586 3597
586 3293
529 3140
529 3088
529 3309
506 2906
506 3122
506 2859
558 3316
558 3387
558 3171
564 3399
564 3086
564 3503
579 3530
579 3413
579 3346
513 2964
513 3303
513 3100
135 717
135 920
135 742
163 1037
163 1033
163 1024
145 1014
145 925
145 934
172 936
172 967
172 1012
589 3616
589 3511
589 3568
539 3102
539 3196
539 3146
585 3239
585 3502
585 3356
499 2746
499 3001
499 2901
282 1760
282 1622
282 1684
272 1556
272 1640
272 1503
338 1870
338 2046
338 2149
238 1290
238 1312
238 1519
344 1978
344 2093
344 2042
295 1821
295 1863
295 1764
328 1979
328 2061
328 2036
363 2098
363 2061
363 2196
308 2039
308 1869
308 1796
431 2552
431 2640
431 2597
306 1838
306 1980
306 1863
422 2524
422 2941
422 2540
396 2368
396 2426
396 2441
317 1797
317 2077
317 1901
321 2012
321 2018
321 1988
466 2946
466 2857
466 2856
396 2349
396 2376
396 2394
496 3069
496 2947
496 2993
443 2630
443 2676
443 2707
383 2487
383 2234
383 2320
280 1622
280 1689
280 1590
219 1221
219 1299
219 1201
291 1891
291 1724
291 1587
258 1723
258 1639
258 1416
226 1416
226 1273
226 1480
490 3042
490 2718
490 2990
393 2551
393 2296
393 2303
472 2897
472 3002
472 2813
431 2662
431 2465
431 2682
417 2537
417 2564
417 2474
293 1898
293 1700
293 1760
213 1370
213 1275
213 1077
263 1604
263 1635
263 1559
280 1571
280 1728
280 1676
239 1268
239 1329
239 1491
317 1837
317 1934
317 1857
497 3045
497 3012
497 3020
80 473
80 460
80 494
464 2567
464 2548
464 2848
432 2637
432 2684
432 2417
435 2608
435 2693
435 2698
427 2621
427 2510
427 2345
404 2301
404 2297
404 2366
467 2783
467 2774
467 2698
381 2142
381 2399
381 2393
434 2368
434 2543
434 2562
499 3004
499 3107
499 2874
387 2229
387 2197
387 2324
566 3382
566 3431
566 3261
422 2555
422 2438
422 2499
508 2756
508 3112
508 3091
524 3176
524 2933
524 3171
447 2992
447 2783
447 2588
463 2621
463 2648
463 2557
361 2250
361 2113
361 2175
449 2760
449 2614
449 2640
427 2580
427 2496
427 2597
437 2702
437 2447
437 2868
495 2687
495 3056
495 2949
349 2074
349 2112
349 2027
477 2818
477 2975
477 2757
472 2834
472 2956
472 3016
378 2306
378 2345
378 2290
376 2122
376 2236
376 2106
371 2088
371 2314
371 2205
464 2854
464 2773
464 2509
445 2494
445 2675
445 2803
396 2260
396 2519
396 2541
441 2578
441 2575
441 2615
392 2302
392 2183
392 2581
472 2796
472 2767
472 2783
412 2449
412 2483
412 2298
330 2075
330 1910
330 2122
473 2744
473 2757
473 2993
446 2610
446 2674
446 2636
529 3247
529 3067
529 3282
233 1372
233 1453
233 1414
430 2876
430 2538
430 2562
495 3130
495 3117
495 2873
441 2602
441 2709
441 2730
522 3045
522 3276
522 3457
262 1490
262 1634
262 1423
387 2350
387 2282
387 2449
516 3138
516 3173
516 2885
448 2683
448 2753
448 2629
466 2657
466 2777
466 2855
288 1601
288 1652
288 1805
412 2487
412 2540
412 2511
489 2850
489 2901
489 2882
419 2452
419 2632
419 2488
472 3041
472 2894
472 2720
249 1550
249 1428
249 1326
410 2309
410 2635
410 2511
162 949
162 929
162 1067
129 837
129 885
129 859
132 759
132 830
132 742
120 695
120 767
120 686
167 980
167 1028
167 921
121 773
121 778
121 800
148 960
148 841
148 895
129 720
129 691
129 778
278 1754
278 1676
278 1832
571 3485
571 3376
571 3339
492 3007
492 2922
492 3009
630 3736
630 3784
630 3962
322 1928
322 1814
322 2158
518 3139
518 3198
518 3052
88 417
88 523
88 515
474 2681
474 2731
474 3102
400 2330
400 2432
400 2506
479 2905
479 2963
479 2781
311 1869
311 1677
311 1757
440 2618
440 2475
440 2488
198 1278
198 1136
198 1292
190 1228
190 1153
190 1021
222 1270
222 1397
222 1262
205 1081
205 1359
205 1205
495 3031
495 3010
495 3030
411 2458
411 2534
411 2562
431 2529
431 2737
431 2526
386 2415
386 2392
386 2083
475 2866
475 2880
475 2869
417 2550
417 2603
417 2490
377 2368
377 2368
377 2291
508 3231
508 3036
508 3009
499 3003
499 2985
499 3028
441 2593
441 2460
441 2628
492 2886
492 2819
492 2768
428 2543
428 2523
428 2662
382 2409
382 2527
382 2170
388 2143
388 2339
388 2407
307 1936
307 1805
307 1753
369 2276
369 2271
369 2345
419 2543
419 2585
419 2621
314 1751
314 1812
314 1764
414 2691
414 2395
414 2548
202 1098
202 1269
202 1094
344 2129
344 2074
344 2121
513 3312
513 3204
513 2937
417 2411
417 2481
417 2530
502 2840
502 2977
502 2921
322 1996
322 1760
322 1920
435 2647
435 2532
435 2622
530 3369
530 3081
530 3493
450 2693
450 2705
450 2554
481 2854
481 2755
481 2918
335 1944
335 1879
335 1882
447 2600
447 2562
447 2595
493 3033
493 3029
493 3103
473 2950
473 3043
473 2645
475 2784
475 2999
475 2567
311 1810
311 1811
311 1791
487 3053
487 2980
487 3173
472 2809
472 2634
472 2646
409 2573
409 2399
409 2334
422 2726
422 2495
422 2501
232 1343
232 1368
232 1383
363 2094
363 2121
363 2161
464 2725
464 2748
464 3044
352 2006
352 2050
352 2098
363 2186
363 2104
363 2068
379 2111
379 2228
379 2272
269 1583
269 1621
269 1725
514 3294
514 2934
514 2868
449 2750
449 2676
449 2713
502 2969
502 2862
502 3011
415 2407
415 2632
415 2374
529 3178
529 3145
529 3314
455 2611
455 2723
455 2725
501 2931
501 2956
501 3118
446 2544
446 2881
446 2737
525 3293
525 2958
525 3167
411 2476
411 2489
411 2426
518 3103
518 3251
518 3092
355 2100
355 1907
355 2060
428 2398
428 2454
428 2698
493 2760
493 2898
493 2895
434 2472
434 2494
434 2680
524 3255
524 3249
524 3096
317 1846
317 1837
317 1904
463 2716
463 2607
463 2840
579 3348
579 3622
579 3499
480 2983
480 2827
480 2883
564 3400
564 3609
564 3344
523 3175
523 3019
523 2988
418 2458
418 2489
418 2471
437 2743
437 2692
437 2562
396 2388
396 2599
396 2560
514 3114
514 3200
514 3010
460 2749
460 2652
460 2551
497 2950
497 2980
497 3054
436 2283
436 2609
436 2514
480 2793
480 2674
480 2933
257 1544
257 1351
257 1446
438 2541
438 2509
438 2614
532 3127
532 3155
532 3188
360 2303
360 2050
360 2133
548 3360
548 3389
548 3165
251 1553
251 1548
251 1686
389 2324
389 2079
389 2375
68 471
68 394
68 431
553 3235
553 3181
553 3443
421 2422
421 2428
421 2612
535 3214
535 3233
535 3011
292 1786
292 1777
292 1733
412 2308
412 2338
412 2644
532 3190
532 3305
532 3299
427 2601
427 2558
427 2551
507 3133
507 2868
507 2954
293 1905
293 1746
293 1752
463 2792
463 2827
463 2853
175 983
175 1048
175 903
168 990
168 822
168 833
196 1240
196 1303
196 1170
178 1005
178 1006
178 1065
162 948
162 933
162 1048
520 3191
520 2993
520 3206
462 2828
462 2789
462 2910
521 3055
521 3285
521 3216
286 1633
286 1803
286 1786
444 2735
444 2623
444 2642
434 2434
434 2618
434 2670
400 2368
400 2277
400 2426
470 3017
470 2724
470 2801
462 2910
462 2691
462 2708
412 2596
412 2399
412 2403
485 2956
485 2813
485 2810
438 2490
438 2666
438 2558
487 3060
487 2934
487 2880
424 2497
424 2675
424 2457
420 2552
420 2265
420 2536
368 2303
368 2181
368 2094
415 2465
415 2549
415 2409
203 1200
203 1321
203 1261
344 1952
344 2017
344 2160
663 4163
663 3858
663 3806
536 3059
536 3213
536 3289
610 3435
610 3478
610 3599
450 2885
450 2703
450 2738
558 3296
558 3117
558 3342
82 476
82 495
82 462
149 863
149 856
149 909
104 631
104 569
104 606
115 757
115 549
115 646
106 607
106 585
106 582
438 2633
438 2985
438 2513
308 1860
308 1739
308 1983
381 2322
381 2268
381 2148
264 1529
264 1590
264 1544
367 2225
367 2161
367 2159
510 2997
510 3074
510 3213
460 2865
460 2876
460 2634
534 3088
534 3119
534 3040
308 1847
308 1822
308 1907
437 2477
437 2485
437 2814
542 3284
542 3310
542 3373
449 2539
449 2767
449 2704
493 2826
493 3064
493 2936
345 2022
345 1940
345 2141
438 2716
438 2760
438 2487
226 1157
226 1389
226 1368
355 2058
355 2117
355 2234
542 3477
542 3244
542 3262
492 2711
492 2890
492 2768
538 3136
538 3175
538 3190
492 3152
492 2724
492 3014
599 3661
599 3724
599 3511
478 2836
478 3034
478 2938
540 3350
540 3142
540 3261
182 1093
182 1028
182 1014
466 2554
466 2851
466 2946
576 3554
576 3570
576 3404
459 2822
459 2660
459 2672
570 3534
570 3382
570 3582
194 1158
194 1217
194 1162
473 2840
473 2856
473 2764
192 1083
192 1047
192 1181
181 1107
181 1104
181 1144
162 909
162 940
162 836
154 899
154 884
154 978
294 1838
294 1686
294 1810
232 1382
232 1370
232 1350
274 1553
274 1781
274 1786
233 1374
233 1392
233 1306
58 228
58 433
58 329
166 1056
166 957
166 1059
158 968
158 1006
158 907
170 821
170 1150
170 1006
152 1020
152 887
152 846
103 634
103 649
103 707
391 2362
391 2269
391 2305
299 1790
299 1917
299 1647
329 2022
329 2176
329 1985
302 1908
302 1596
302 1766
547 3272
547 3459
547 3398
473 2700
473 2813
473 2748
560 3244
560 3262
560 3185
483 2851
483 2751
483 3005
159 982
159 1031
159 920
145 881
145 914
145 855
174 1071
174 1231
174 1013
152 856
152 842
152 993
606 3869
606 3716
606 3516
558 3395
558 3330
558 3413
577 3495
577 3439
577 3323
540 3336
540 3244
540 3114
233 1285
233 1450
233 1448
222 1404
222 1361
222 1436
265 1576
265 1508
265 1669
211 1380
211 1392
211 1186
626 3800
626 3890
626 3725
520 3139
520 3079
520 3000
596 3640
596 3665
596 3757
539 2972
539 3374
539 3140
250 1486
250 1621
250 1334
206 1372
206 1206
206 1197
235 1408
235 1435
235 1443
204 1199
204 1242
204 1206
615 3843
615 3506
615 3556
578 3356
578 3598
578 3439
619 3782
619 3892
619 3968
576 3482
576 3255
576 3521
425 2613
425 2363
425 2591
361 2207
361 2185
361 2200
389 2262
389 2179
389 2381
341 2048
341 1914
341 2060
496 2963
496 3091
496 2825
457 2539
457 2541
457 2787
504 2846
504 3182
504 3169
426 2597
426 2424
426 2629
606 3706
606 3545
606 3768
556 3288
556 3409
556 3301
623 3700
623 3652
623 3733
565 3554
565 3194
565 3428
536 3192
536 3175
536 3082
494 2849
494 3089
494 2998
551 3405
551 3139
551 3235
434 2734
434 2676
434 2457
390 2295
390 2246
390 2286
351 2014
351 2172
351 2099
423 2505
423 2579
423 2641
345 2054
345 1843
345 2130
647 3967
647 3807
647 3751
567 3331
567 3129
567 3201
625 3881
625 3746
625 3704
565 3191
565 3249
565 3435
653 3847
653 3985
653 3901
573 3421
573 3287
573 3418
607 3796
607 3738
607 3597
591 3233
591 3505
591 3542
750 4611
750 4480
750 4422
677 4234
677 4088
677 3975
731 4136
731 4126
731 4380
615 3715
615 3925
615 3506
375 2333
375 2280
375 2205
707 4075
707 4251
707 4181
569 3323
569 3419
569 3383
739 4718
739 4570
739 4281
564 3504
564 3401
564 3253
734 4454
734 4321
734 4196
612 3748
612 3535
612 4000
750 4509
750 4432
750 4473
603 3680
603 3378
603 3589
607 3561
607 3644
607 3543
503 3046
503 3018
503 3098
624 3557
624 3566
624 3588
494 2926
494 2892
494 2784
657 3968
657 3886
657 4037
501 2957
501 3016
501 3074
605 3825
605 3678
605 3753
479 2801
479 2837
479 3038
638 3840
638 3822
638 3815
536 3113
536 3020
536 3199
611 3572
611 3654
611 3606
492 3014
492 3014
492 2962
613 3413
613 3688
613 3837
552 3216
552 3244
552 3287
579 3381
579 3472
579 3584
532 3184
532 3331
532 3126
177 1009
177 995
177 983
158 1149
158 901
158 919
142 886
142 795
142 912
133 797
133 633
133 768
594 3770
594 3423
594 3613
541 3277
541 3181
541 3223
582 3733
582 3467
582 3514
500 2836
500 2852
500 2736
624 3809
624 3743
624 3924
502 2990
502 2863
502 3103
611 3578
611 3617
611 3542
521 3037
521 3119
521 2997
631 3835
631 3827
631 3843
517 2849
517 3036
517 2936
569 3108
569 3570
569 3393
531 3167
531 3244
531 3250
558 3309
558 3379
558 3501
453 2824
453 2755
453 2780
535 2976
535 3228
535 3149
459 2818
459 2831
459 2744
623 3775
623 3771
623 3589
545 3156
545 3183
545 3135
597 3820
597 3526
597 3660
518 3083
518 3115
518 3178
521 3239
521 3161
521 3286
484 2798
484 2830
484 2788
537 3034
537 3162
537 3202
466 2677
466 2734
466 2706
618 3708
618 3709
618 3566
513 3191
513 3075
513 3068
563 3220
563 3581
563 3253
524 3236
524 3114
524 3070
607 3601
607 3604
607 3642
543 3036
543 3333
543 3159
604 3735
604 3510
604 3454
541 3140
541 3274
541 3046
364 2136
364 2244
364 2183
283 1511
283 1780
283 1813
333 1972
333 2016
333 2124
279 1639
279 1769
279 1768
590 3441
590 3795
590 3376
545 3528
545 3291
545 3175
602 3732
602 3523
602 3597
533 3250
533 3226
533 3385
367 2115
367 2354
367 1973
306 1694
306 1832
306 1922
352 1979
352 2185
352 2203
290 1681
290 1790
290 1802
541 3370
541 3186
541 3242
421 2287
421 2439
421 2563
577 3519
577 3463
577 3495
421 2497
421 2337
421 2427
606 3331
606 3479
606 3695
452 2752
452 2800
452 2767
567 3413
567 3321
567 3271
484 3021
484 2776
484 2949
423 2385
423 2444
423 2694
344 1872
344 2040
344 2192
467 2630
467 2938
467 2803
349 1889
349 2038
349 2134
552 3285
552 3475
552 3459
497 3170
497 3146
497 3254
585 3358
585 3475
585 3665
515 3082
515 3012
515 3045
586 3395
586 3425
586 3452
505 3009
505 2879
505 2863
542 3084
542 3325
542 3231
509 3128
509 2962
509 3089
517 3032
517 2910
517 3046
528 3240
528 3142
528 3129
595 3410
595 3569
595 3517
519 3194
519 2953
519 3122
652 4027
652 3704
652 3672
567 3323
567 3373
567 3536
657 3938
657 3825
657 3723
613 3785
613 3622
613 3641
40 252
40 246
40 266
187 1046
187 1012
187 1276
162 878
162 1008
162 946
199 1241
199 1263
199 1146
181 915
181 993
181 994
565 3534
565 3535
565 3396
515 3035
515 3126
515 3158
547 3401
547 3435
547 2964
513 3055
513 3166
513 3024
630 3813
630 3671
630 3660
493 3046
493 2709
493 2728
552 3075
552 3176
552 2988
546 3370
546 3068
546 3301
626 3806
626 3844
626 3643
511 3068
511 3062
511 2978
578 3408
578 3289
578 3260
527 3058
527 3120
527 3048
537 3042
537 3171
537 3179
451 2694
451 2737
451 2544
453 2912
453 2755
453 2725
423 2634
423 2272
423 2506
401 2384
401 2413
401 2215
329 2064
329 1971
329 2007
394 2390
394 2308
394 2353
349 2080
349 2227
349 2078
592 3415
592 3611
592 3332
551 3299
551 3362
551 3217
632 3843
632 3698
632 3796
494 3176
494 2952
494 2933
628 3632
628 3966
628 3769
509 2950
509 2898
509 3266
634 3912
634 3976
634 3917
554 3460
554 3169
554 3421
271 1520
271 1505
271 1767
578 3351
578 3523
578 3647
493 2948
493 2896
493 2800
604 3609
604 3437
604 3832
518 3087
518 3080
518 3364
603 3618
603 3438
603 3718
462 2694
462 2809
462 2615
606 3691
606 3542
606 3661
520 3152
520 3294
520 3045
553 3418
553 3368
553 3395
493 3010
493 3103
493 2817
623 3746
623 3607
623 3702
523 2994
523 3079
523 3263
600 3731
600 3523
600 3603
503 2836
503 3017
503 2905
577 3451
577 3698
577 3501
494 2948
494 2886
494 2892
454 2702
454 2663
454 2830
425 2742
425 2615
425 2605
456 2680
456 2783
456 3073
386 2269
386 2180
386 2363
454 2693
454 2662
454 2580
638 3629
638 3617
638 3778
527 3239
527 3295
527 3130
531 3041
531 3176
531 3251
487 2994
487 2858
487 2851
533 3271
533 3146
533 3156
539 2926
539 3005
539 3213
579 3489
579 3412
579 3446
510 2919
510 3172
510 2833
591 3602
591 3396
591 3605
505 2890
505 3193
505 3128
533 3162
533 2898
533 2924
534 2894
534 3203
534 3156
605 3614
605 3621
605 3475
487 2770
487 3189
487 2929
611 3697
611 3878
611 3634
464 3066
464 2951
464 2540
595 3592
595 3562
595 3555
482 3132
482 2989
482 2908
573 3420
573 3201
573 3394
482 2958
482 2883
482 3022
440 2705
440 2610
440 2464
484 2941
484 2735
484 2707
413 2333
413 2329
413 2508
488 2897
488 2924
488 3146
360 2203
360 2383
360 2300
622 3816
622 3809
622 3578
521 3384
521 2940
521 3134
554 3276
554 3163
554 3327
497 3039
497 2833
497 2988
609 3542
609 3641
609 3573
507 2981
507 3024
507 2962
609 3507
609 3795
609 3413
509 2928
509 2870
509 3031
528 3415
528 3300
528 3287
431 2585
431 2602
431 2701
518 3045
518 3141
518 3150
450 2766
450 2567
450 2906
705 4286
705 4026
705 4325
546 3382
546 3224
546 3312
667 3880
667 4034
667 3854
589 3482
589 3418
589 3351
855 5286
855 5167
855 5265
755 4519
755 4713
755 4603
800 4576
800 4845
800 4936
694 4196
694 4485
694 4120
258 1465
258 1558
258 1588
235 1409
235 1326
235 1517
198 1231
198 1066
198 1246
241 1510
241 1341
241 1619
182 1153
182 1085
182 1018
611 3542
611 3640
611 3601
480 2679
480 2749
480 2867
615 3698
615 3714
615 3628
508 2987
508 3231
508 3103
615 3798
615 3670
615 3740
499 2944
499 2825
499 2888
614 3639
614 3622
614 3361
520 3126
520 3111
520 3241
628 3382
628 3783
628 3646
486 2976
486 2980
486 2994
535 3045
535 3241
535 3253
482 2910
482 2919
482 2862
478 2813
478 2712
478 2639
354 2309
354 2234
354 2388
459 2894
459 2766
459 2704
471 2735
471 2709
471 2795
398 2385
398 2510
398 2316
406 2390
406 2270
406 2303
419 2480
419 2608
419 2518
426 2454
426 2618
426 2428
479 3189
479 2953
479 2752
410 2483
410 2555
410 2315
451 2528
451 2959
451 2728
409 2409
409 2464
409 2677
476 2737
476 2820
476 3062
422 2379
422 2290
422 2485
365 2255
365 2128
365 2062
470 3028
470 2779
470 2742
391 2253
391 2256
391 2488
442 2661
442 2482
442 2551
444 2722
444 2786
444 2675
365 2159
365 2203
365 1996
448 2773
448 2916
448 2749
414 2587
414 2470
414 2280
373 2047
373 2225
373 2168
479 3015
479 2729
479 2981
441 2595
441 2586
441 2417
459 2641
459 2839
459 2710
415 2521
415 2301
415 2489
472 2805
472 2871
472 2607
428 2556
428 2381
428 2544
379 2127
379 2007
379 2313
376 2191
376 2418
376 2283
368 2270
368 2202
368 2247
387 2306
387 2160
387 2368
398 2547
398 2234
398 2530
402 2579
402 2347
402 2379
164 1096
164 937
164 1003
236 1494
236 1474
236 1420
134 825
134 599
134 916
145 870
145 799
145 835
143 1025
143 831
143 777
205 1377
205 1236
205 1155
198 1201
198 1305
198 1163
205 1226
205 1406
205 1259
190 1097
190 1231
190 1010
170 1026
170 1007
170 993
496 2775
496 2871
496 2976
423 2275
423 2615
423 2451
430 2692
430 2612
430 2639
439 2672
439 2644
439 2619
380 2225
380 2562
380 2115
417 2373
417 2457
417 2438
398 2410
398 2596
398 2420
464 2798
464 2560
464 2859
483 2722
483 2957
483 2894
407 2578
407 2488
407 2379
445 2702
445 2790
445 2489
385 2219
385 2277
385 2459
462 2962
462 2500
462 2707
446 2701
446 2697
446 2581
376 2222
376 2256
376 2287
447 2652
447 2676
447 2721
382 2207
382 2280
382 2437
449 2514
449 2800
449 2760
440 2651
440 2498
440 2487
424 2586
424 2559
424 2473
497 2913
497 2981
497 2896
376 2200
376 2213
376 2169
445 2417
445 2566
445 2761
469 2909
469 2883
469 2700
354 2113
354 2156
354 2238
460 2695
460 2464
460 2893
430 2774
430 2410
430 2478
442 2727
442 2490
442 2473
506 3134
506 3290
506 3070
337 2161
337 2095
337 1950
354 2080
354 2189
354 2067
284 1692
284 1667
284 1572
332 2047
332 1981
332 2075
339 1978
339 1901
339 2101
283 1663
283 1780
283 1883
451 2569
451 2678
451 2845
399 2318
399 2413
399 2387
445 2616
445 2536
445 2667
454 2710
454 2784
454 2816
391 2485
391 2372
391 2600
451 2611
451 2837
451 2734
425 2491
425 2447
425 2488
473 2691
473 2951
473 2905
408 2487
408 2359
408 2247
372 2142
372 2120
372 2363
424 2731
424 2435
424 2478
399 2462
399 2302
399 2408
475 2666
475 2876
475 2803
469 2818
469 2524
469 2930
385 2201
385 2229
385 2290
128 774
128 675
128 738
520 3113
520 3178
520 3070
457 2603
457 2634
457 2737
361 2017
361 2110
361 2089
458 2842
458 2851
458 2813
466 2717
466 2572
466 2751
412 2381
412 2728
412 2440
171 955
171 1025
171 908
427 2629
427 2513
427 2595
361 2327
361 2208
361 2014
394 2300
394 2293
394 2239
423 2475
423 2486
423 2573
362 2178
362 2105
362 2214
426 2649
426 2459
426 2595
376 2243
376 2360
376 2181
407 2440
407 2487
407 2488
409 2453
409 2360
409 2394
345 1928
345 1947
345 2173
420 2518
420 2325
420 2585
376 2173
376 2209
376 2360
428 2507
428 2549
428 2454
410 2237
410 2462
410 2420
371 2362
371 2180
371 2137
474 2852
474 2542
474 2743
430 2197
430 2560
430 2472
497 2976
497 2803
497 2953
511 2992
511 2987
511 3183
435 2622
435 2542
435 2457
497 3098
497 2934
497 3040
447 2884
447 2484
447 2905
463 2807
463 2875
463 2776
513 3063
513 3110
513 3136
412 2344
412 2374
412 2314
506 2898
506 3102
506 3101
430 2477
430 2734
430 2560
502 3121
502 3277
502 3259
439 2678
439 2623
439 2609
438 2598
438 2588
438 2646
240 1376
240 1392
240 1479
189 1045
189 1144
189 1157
231 1394
231 1453
231 1431
210 1418
210 1360
210 1346
175 998
175 1070
175 946
512 3131
512 3112
512 2865
436 2761
436 2596
436 2598
483 2924
483 2951
483 2872
498 2901
498 2797
498 3285
447 2603
447 2619
447 2639
516 2891
516 3049
516 3112
428 2535
428 2629
428 2608
486 3034
486 2882
486 3027
484 2846
484 2921
484 2877
476 2934
476 3058
476 2725
472 2934
472 2713
472 2887
438 2702
438 2549
438 2569
461 2476
461 2663
461 2867
522 3006
522 3109
522 3089
466 2647
466 3095
466 2716
457 2609
457 2686
457 2524
377 2094
377 2218
377 2049
488 2810
488 2994
488 2957
485 2806
485 2872
485 2924
381 1947
381 2494
381 2176
481 2898
481 2704
481 2791
408 2338
408 2524
408 2554
470 2861
470 2777
470 2706
459 2737
459 2640
459 2908
408 2414
408 2524
408 2372
523 3075
523 3205
523 3116
408 2440
408 2356
408 2257
545 3515
545 3307
545 3144
499 2777
499 2851
499 3031
437 2578
437 2635
437 2826
251 1460
251 1550
251 1472
215 1313
215 1305
215 1256
253 1519
253 1436
253 1627
260 1546
260 1448
260 1663
208 1265
208 1167
208 1222
410 2472
410 2519
410 2392
330 1911
330 1755
330 1883
364 2225
364 2007
364 2147
398 2211
398 2311
398 2216
345 2012
345 2061
345 1850
380 2019
380 2351
380 2050
364 2172
364 2162
364 2176
406 2539
406 2379
406 2581
379 2050
379 2170
379 2424
316 1921
316 2022
316 1740
384 2613
384 2262
384 2441
334 2086
334 1959
334 1952
395 2492
395 2135
395 2407
405 2449
405 2337
405 2329
351 2209
351 2018
351 2108
405 2289
405 2301
405 2586
338 1962
338 1996
338 2058
387 2200
387 2268
387 2304
419 2500
419 2624
419 2610
365 2305
365 2297
365 2039
398 2349
398 2224
398 2557
341 2071
341 2121
341 1909
436 2580
436 2752
436 2575
383 2277
383 2286
383 2240
369 2386
369 2072
369 2396
424 2583
424 2460
424 2552
349 2000
349 2121
349 2054
420 2373
420 2451
420 2553
399 2292
399 2381
399 2506
333 1864
333 1982
333 1858
290 1702
290 1875
290 1619
329 1887
329 2142
329 1905
265 1515
265 1377
265 1590
360 2067
360 1960
360 2069
354 2065
354 2162
354 2039
287 1740
287 1749
287 1715
383 2564
383 2310
383 2323
336 1991
336 2022
336 1994
382 2288
382 2129
382 2386
441 2646
441 2469
441 2617
370 2224
370 2114
370 2200
427 2608
427 2549
427 2557
334 2126
334 2143
334 1887
414 2342
414 2573
414 2481
398 2316
398 2222
398 2422
349 1949
349 2059
349 2043
395 2263
395 2436
395 2430
338 2173
338 2250
338 1880
419 2552
419 2203
419 2513
423 2431
423 2486
423 2475
335 2040
335 2110
335 2032
433 2439
433 2743
433 2697
338 2084
338 1996
338 1949
428 2563
428 2556
428 2646
372 2245
372 2326
372 2289
355 2318
355 2143
355 2053
400 2388
400 2367
400 2510
337 2151
337 2057
337 2027
400 2259
400 2640
400 2365
413 2478
413 2311
413 2247
376 2447
376 2026
376 2040
447 2764
447 2540
447 2723
347 1967
347 2111
347 2128
414 2649
414 2427
414 2667
384 2260
384 2514
384 2392
358 2075
358 2158
358 2333
397 2272
397 2512
397 2580
374 2035
374 2029
374 2453
428 2658
428 2589
428 2434
415 2507
415 2625
415 2397
341 2089
341 2000
341 1909
343 2053
343 2049
343 1966
326 1985
326 2050
326 2059
462 2773
462 2922
462 2674
404 2415
404 2421
404 2446
475 2924
475 2752
475 3052
486 2719
486 2858
486 2983
411 2433
411 2400
411 2483
473 2800
473 2953
473 2920
348 2022
348 1930
348 2208
493 2818
493 2879
493 2738
469 2896
469 2838
469 3008
415 2319
415 2435
415 2426
464 2854
464 2772
464 2942
394 2427
394 2543
394 2575
449 2706
449 2671
449 2743
468 2629
468 2812
468 2551
424 2796
424 2671
424 2579
464 2676
464 2633
464 2822
421 2529
421 2498
421 2613
455 2783
455 2907
455 2608
488 3004
488 3198
488 2889
368 2309
368 2208
368 2044
144 742
144 915
144 736
142 935
142 816
142 881
177 1182
177 1047
177 942
171 1084
171 872
171 969
145 951
145 882
145 983
465 2719
465 2582
465 2848
379 2353
379 2338
379 2316
459 2707
459 2798
459 2599
458 2801
458 2839
458 2650
388 2212
388 2210
388 2360
421 2452
421 2368
421 2623
129 814
129 740
129 717
455 2751
455 2867
455 2610
422 2686
422 2366
422 2700
480 2919
480 2727
480 2929
467 2662
467 2694
467 2972
389 2291
389 2297
389 2491
430 2350
430 2482
430 2520
388 2517
388 2307
388 2351
497 2937
497 2873
497 3158
457 2864
457 2694
457 2685
420 2463
420 2481
420 2432
327 1806
327 2026
327 2100
269 1769
269 1618
269 1761
337 1794
337 2057
337 2102
330 2043
330 1948
330 1903
275 1673
275 1476
275 1730
483 2721
483 2808
483 3058
378 2272
378 2316
378 2209
471 2852
471 2568
471 2861
498 3084
498 2976
498 2992
396 2426
396 2357
396 2149
455 2860
455 2826
455 2574
408 2536
408 2386
408 2546
465 2915
465 2749
465 2747
475 2725
475 2836
475 2692
394 2282
394 2246
394 2339
215 1263
215 1183
215 1284
174 1063
174 967
174 966
197 1218
197 1231
197 1185
203 1189
203 1300
203 1264
163 931
163 1001
163 1024
301 1861
301 1561
301 1785
500 2952
500 3197
500 2839
387 2230
387 2164
387 2229
521 3047
521 3277
521 3050
462 2462
462 2776
462 2810
426 2572
426 2773
426 2383
376 2326
376 2291
376 2167
355 2159
355 2193
355 1984
355 2208
355 2011
355 2022
381 2437
381 2225
381 2223
303 2023
303 1859
303 1653
215 1413
215 1250
215 1357
163 900
163 1013
163 982
225 1484
225 1334
225 1372
225 1265
225 1235
225 1290
191 946
191 1229
191 1159
321 1934
321 1967
321 1953
277 1625
277 1647
277 1455
291 1693
291 1851
291 1791
311 1737
311 1936
311 1979
267 1679
267 1517
267 1608
470 2710
470 2766
470 2755
394 2384
394 2229
394 2143
456 2815
456 2488
456 2700
470 2538
470 2795
470 2726
394 2235
394 2279
394 2438
464 2775
464 2855
464 2820
353 2038
353 2152
353 2352
450 2584
450 2628
450 2680
445 2620
445 2615
445 2697
408 2628
408 2391
408 2266
467 2821
467 3042
467 2661
379 2332
379 2208
379 2380
443 2464
443 2789
443 2723
452 2648
452 2416
452 2547
382 2258
382 2291
382 2156
441 2632
441 2626
441 2748
383 2218
383 2599
383 2254
455 2771
455 2765
455 2576
473 2555
473 2647
473 2843
378 2096
378 2345
378 2300
415 2575
415 2415
415 2530
365 2220
365 2078
365 2106
471 2706
471 2780
471 2798
443 2563
443 2479
443 2657
447 2570
447 2664
447 2580
421 2604
421 2391
421 2436
595 3528
595 3521
595 3698
508 3252
508 3127
508 2748
412 2585
412 2456
412 2417
462 2857
462 2807
462 2637
467 2793
467 2899
467 2725
366 1929
366 2075
366 2331
434 2753
434 2452
434 2519
359 2015
359 1874
359 2051
482 2825
482 2941
482 2895
483 2840
483 2793
483 2750
388 2166
388 2271
388 2274
462 2761
462 2689
462 2920
406 2441
406 2272
406 2452
480 2689
480 2813
480 3169
475 2792
475 2777
475 2922
377 2242
377 2237
377 2382
469 2704
469 2794
469 2796
428 2440
428 2666
428 2555
471 2890
471 2883
471 2834
450 2540
450 2556
450 2758
405 2318
405 2495
405 2380
463 2781
463 2892
463 2726
396 2590
396 2459
396 2387
510 3068
510 2876
510 3121
484 2836
484 2928
484 2692
409 2469
409 2294
409 2360
493 2762
493 2993
493 2948
404 2128
404 2502
404 2463
482 2821
482 2915
482 2835
478 2728
478 2970
478 2984
459 2829
459 2716
459 2742
166 1081
166 963
166 957
501 3045
501 3247
501 2788
432 2739
432 2666
432 2573
497 3020
497 2780
497 3118
490 2963
490 2932
490 2845
445 2584
445 2569
445 2572
500 2958
500 2793
500 3026
415 2494
415 2303
415 2377
522 3390
522 3214
522 3059
494 3077
494 3166
494 2809
449 2731
449 2608
449 2940
572 3494
572 3509
572 3512
452 2655
452 2783
452 2852
487 3089
487 2773
487 3055
495 3042
495 2910
495 3021
448 2532
448 2582
448 2827
448 2561
448 2638
448 2683
345 2009
345 1995
345 1950
440 2759
440 2611
440 2658
403 2313
403 2589
403 2402
375 2155
375 2216
375 2418
476 2748
476 2901
476 3089
354 2029
354 2161
354 2195
475 2925
475 2836
475 2930
422 2598
422 2476
422 2423
382 2201
382 2397
382 2283
336 1746
336 2098
336 2030
295 1742
295 1673
295 1720
366 2223
366 2126
366 2169
369 2248
369 2379
369 2031
282 1638
282 1604
282 1639
479 2812
479 2933
479 2788
428 2529
428 2453
428 2510
474 2976
474 2971
474 2797
513 3022
513 2939
513 3150
385 2239
385 2267
385 2283
466 2838
466 2651
466 2737
436 2482
436 2704
436 2537
460 2692
460 2527
460 2534
526 3267
526 3094
526 3064
434 2384
434 2615
434 2514
486 2958
486 2962
486 2794
434 2664
434 2493
434 2681
486 2993
486 2975
486 3045
506 2996
506 3036
506 2981
398 2218
398 2265
398 2484
499 3132
499 2994
499 2956
429 2622
429 2424
429 2659
471 2853
471 3054
471 2718
467 2679
467 2738
467 2593
437 2724
437 2539
437 2505
473 2866
473 2808
473 2818
467 2703
467 2816
467 2721
448 2674
448 2780
448 2559
519 3177
519 3094
519 3119
504 2846
504 2883
504 2846
421 2585
421 2494
421 2750
478 2757
478 2973
478 2686
440 2672
440 2853
440 2692
524 2945
524 3122
524 3058
483 2650
483 2730
483 2745
448 2670
448 2651
448 2917
515 3277
515 3092
515 2823
469 2784
469 2717
469 2814
523 2979
523 3160
523 3474
486 2967
486 2964
486 2883
407 2300
407 2381
407 2357
522 3088
522 2952
522 3230
445 2849
445 2516
445 2509
525 3130
525 3040
525 3153
506 2848
506 2995
506 3054
451 2593
451 2484
451 2823
575 3250
575 3327
575 3174
459 2742
459 2865
459 2719
546 3233
546 3147
546 3231
505 3102
505 2873
505 3048
463 2869
463 2695
463 2783
285 1672
285 1766
285 1706
270 1495
270 1681
270 1531
277 1725
277 1666
277 1737
277 1554
277 1503
277 1582
236 1341
236 1392
236 1372
588 3366
588 3428
588 3699
529 3026
529 3270
529 3200
558 3157
558 3356
558 3440
613 3998
613 3645
613 3686
484 2714
484 2841
484 2691
618 3603
618 3647
618 3504
545 3000
545 3250
545 3313
603 3771
603 3488
603 3580
591 3444
591 3759
591 3571
499 3002
499 3191
499 2999
626 3649
626 3860
626 3534
524 2949
524 3087
524 3267
640 3839
640 3812
640 3612
604 3636
604 3743
604 3497
554 3383
554 3099
554 3136
630 3856
630 3849
630 3626
562 3367
562 3301
562 3255
651 3808
651 3779
651 3842
640 3715
640 3931
640 3820
553 3198
553 3374
553 3504
666 4016
666 4087
666 3989
616 3480
616 3411
616 3507
630 3894
630 3696
630 3725
669 3840
669 4114
669 4014
588 3376
588 3617
588 3716
685 4072
685 4096
685 3954
603 3642
603 3590
603 3815
681 4043
681 4263
681 4148
685 4017
685 3946
685 3981
650 3849
650 3859
650 4001
197 1224
197 1144
197 1182
161 940
161 1027
161 858
195 1109
195 1129
195 1250
189 1004
189 1119
189 1094
152 809
152 906
152 913
491 2788
491 2747
491 2939
420 2361
420 2602
420 2494
467 2749
467 2883
467 2964
482 3016
482 3072
482 2616
383 2299
383 2414
383 2286
499 3053
499 2713
499 2878
386 2465
386 2188
386 2231
517 2982
517 3111
517 3078
484 3016
484 2831
484 2922
382 2195
382 2085
382 2358
445 2583
445 2797
445 2601
424 2535
424 2769
424 2509
476 2650
476 2844
476 2678
514 3009
514 3058
514 2783
402 2455
402 2417
402 2481
369 2201
369 2110
369 2337
304 1703
304 1723
304 1659
350 2111
350 2122
350 2143
350 2162
350 2043
350 2112
311 1913
311 1762
311 1883
377 2242
377 2209
377 2137
325 2099
325 1936
325 1936
368 2178
368 2253
368 2357
375 2155
375 2148
375 2285
312 2092
312 1662
312 1858
497 2974
497 2796
497 3152
427 2685
427 2703
427 2428
479 2818
479 2854
479 3008
491 2980
491 2940
491 2970
416 2528
416 2242
416 2389
467 2941
467 2742
467 2893
389 2353
389 2508
389 2514
504 3065
504 3048
504 3012
494 2993
494 3063
494 2524
440 2521
440 2519
440 2705
492 3069
492 2830
492 3108
411 2436
411 2433
411 2575
482 2792
482 2704
482 2937
473 2683
473 2981
473 2763
455 2826
455 2676
455 2618
483 2706
483 2908
483 2932
453 2669
453 2650
453 2697
492 3155
492 3043
492 3097
503 3023
503 2805
503 2856
399 2292
399 2377
399 2486
519 3093
519 3012
519 3036
457 2678
457 2704
457 2761
603 3620
603 3570
603 3426
530 2991
530 3103
530 2955
474 2926
474 2718
474 2782
509 3008
509 2991
509 2986
412 2503
412 2479
412 2617
483 2828
483 2867
483 2837
535 3044
535 3114
535 3204
375 2261
375 2199
375 2339
498 3002
498 2863
498 3124
412 2563
412 2292
412 2459
492 3048
492 2716
492 2854
489 2882
489 2969
489 3095
417 2511
417 2550
417 2433
502 3042
502 3007
502 3010
427 2307
427 2492
427 2608
478 2861
478 2963
478 2712
494 2715
494 2643
494 3436
432 2499
432 2458
432 2807
248 1460
248 1549
248 1610
191 1149
191 1141
191 1095
235 1307
235 1440
235 1483
255 1452
255 1467
255 1562
217 1350
217 1328
217 1157
490 2833
490 2773
490 2918
429 2610
429 2533
429 2421
478 2797
478 2957
478 2892
494 3113
494 2865
494 3002
447 2470
447 2503
447 2787
548 3278
548 3282
548 3218
410 2648
410 2314
410 2390
491 3026
491 2779
491 2824
469 2977
469 2879
469 2960
393 2470
393 2162
393 2414
225 1352
225 1412
225 1471
217 1324
217 1147
217 1356
221 1381
221 1285
221 1372
242 1444
242 1430
242 1469
200 1137
200 1087
200 1080
524 3244
524 3129
524 3273
469 2768
469 2637
469 3024
540 3066
540 3260
540 3170
494 2901
494 2940
494 2917
470 2631
470 2662
470 2834
585 3516
585 3371
585 3570
448 2650
448 2680
448 2552
515 2755
515 3262
515 2951
521 3146
521 3174
521 3165
450 2628
450 2753
450 2655
528 3188
528 3097
528 3331
478 2826
478 2733
478 2678
504 3177
504 3161
504 3171
526 3200
526 2919
526 3030
492 2905
492 2888
492 2901
517 2928
517 2891
517 3049
478 2929
478 2892
478 3041
522 3068
522 2993
522 3013
541 3126
541 3308
541 3393
460 2826
460 2705
460 2800
527 3023
527 3114
527 3138
427 2498
427 2488
427 2668
499 2823
499 2781
499 2972
547 3140
547 3250
547 3156
467 2583
467 2767
467 2631
514 3079
514 2924
514 3009
481 3054
481 2894
481 3162
517 3167
517 2991
517 3111
508 2942
508 3152
508 2994
473 2812
473 2730
473 2817
578 3454
578 3423
578 3213
420 2423
420 2609
420 2586
536 3169
536 3389
536 3294
516 3230
516 3021
516 3194
455 2773
455 2794
455 2609
80 357
80 481
80 520
526 3235
526 3202
526 2907
451 2632
451 2676
451 2722
560 3413
560 3406
560 3462
535 3294
535 3047
535 3133
470 2914
470 2662
470 2617
261 1716
261 1625
261 1439
232 1408
232 1363
232 1389
247 1441
247 1471
247 1439
255 1580
255 1297
255 1419
225 1376
225 1305
225 1161
419 2731
419 2664
419 2647
333 1994
333 1974
333 1887
435 2670
435 2659
435 2467
468 2645
468 2939
468 2711
304 1864
304 1852
304 1679
455 2844
455 2608
455 2729
352 2136
352 2202
352 2149
441 2684
441 2644
441 2476
415 2696
415 2735
415 2381
367 2407
367 2302
367 2196
418 2648
418 2527
418 2402
355 2025
355 2117
355 2152
446 2495
446 2578
446 2741
471 2852
471 2848
471 3145
363 2050
363 2182
363 2175
341 2137
341 2192
341 1965
289 1628
289 1676
289 1760
375 2511
375 2115
375 2091
333 2003
333 2134
333 1925
292 1763
292 1642
292 1622
467 2605
467 2620
467 2656
355 2050
355 2055
355 2125
451 2716
451 2869
451 2774
442 2586
442 2597
442 2539
401 2393
401 2196
401 2145
477 2634
477 3023
477 2991
365 2117
365 2131
365 2152
451 2840
451 2501
451 2752
465 2819
465 2907
465 2742
412 2471
412 2518
412 2530
470 2771
470 2755
470 2778
429 2654
429 2412
429 2647
454 2573
454 2713
454 2827
466 2852
466 2791
466 2676
408 2508
408 2540
408 2469
473 3032
473 2682
473 3025
420 2560
420 2526
420 2361
476 2937
476 2732
476 2830
482 2838
482 2908
482 2848
390 2420
390 2459
390 2295
494 3167
494 2771
494 2858
422 2569
422 2403
422 2640
488 2806
488 3040
488 2924
467 2784
467 2982
467 3043
436 2708
436 2645
436 2791
485 2719
485 2772
485 3121
426 2624
426 2372
426 2387
509 3022
509 2815
509 3129
463 2830
463 2803
463 2788
411 2498
411 2660
411 2369
217 1335
217 1316
217 1305
204 1262
204 1247
204 1144
237 1335
237 1500
237 1468
281 1601
281 1688
281 1735
198 1278
198 1276
198 1178
491 3024
491 2966
491 2824
406 2517
406 2262
406 2526
504 2813
504 3186
504 3160
490 2876
490 2924
490 2983
418 2374
418 2370
418 2689
490 2758
490 3011
490 2981
425 2463
425 2582
425 2512
519 3114
519 2989
519 3246
456 2722
456 2684
456 2863
414 2425
414 2507
414 2361
471 2980
471 2718
471 2950
388 2296
388 2172
388 2529
506 3033
506 3246
506 3146
502 2883
502 2862
502 2898
436 2291
436 2485
436 2667
142 946
142 791
142 929
503 3184
503 2824
503 2839
456 2623
456 2718
456 2747
486 2915
486 2930
486 2925
495 2873
495 2996
495 2883
407 2349
407 2440
407 2346
476 2853
476 2721
476 2794
431 2451
431 2499
431 2638
496 3170
496 2899
496 3183
504 3359
504 2991
504 3112
470 2656
470 2840
470 2805
500 2959
500 3042
500 3195
457 2626
457 2888
457 2802
490 2879
490 2813
490 2862
481 2739
481 3106
481 3164
437 2728
437 2735
437 2553
332 1951
332 1867
332 2103
509 3013
509 3046
509 2984
428 2761
428 2437
428 2801
499 3091
499 2936
499 3110
530 3204
530 3246
530 2948
404 2581
404 2556
404 2228
488 2909
488 3002
488 3010
420 2587
420 2390
420 2401
479 2921
479 2988
479 2758
532 3220
532 3249
532 3203
457 2686
457 2872
457 2598
155 865
155 973
155 984
171 1029
171 937
171 1064
185 1130
185 1174
185 1075
205 1263
205 1244
205 1244
170 1053
170 990
170 949
435 2668
435 2648
435 2501
419 2484
419 2379
419 2547
452 2578
452 2646
452 2575
490 3110
490 3068
490 3081
432 2663
432 2287
432 2668
656 3817
656 3876
656 4002
569 3170
569 3535
569 3344
613 3598
613 3593
613 3669
682 3882
682 4252
682 4172
572 3281
572 3365
572 3240
668 4065
668 3991
668 4063
576 3692
576 3430
576 3227
685 4128
685 4030
685 4061
690 3954
690 4037
690 4110
588 3450
588 3728
588 3506
507 2983
507 3123
507 3052
449 2865
449 2615
449 2818
496 2913
496 3043
496 3155
507 3226
507 3375
507 2947
444 2811
444 2667
444 2661
334 2138
334 1993
334 1908
333 1841
333 1983
333 1899
386 2216
386 2431
386 2200
368 2175
368 2189
368 2122
340 1899
340 2176
340 2099
663 4157
663 3786
663 3671
611 3779
611 3706
611 3519
644 3785
644 3971
644 3788
712 4519
712 4258
712 4260
550 3367
550 3519
550 3228
669 4023
669 4113
669 3984
583 3557
583 3222
583 3514
688 4266
688 3935
688 4343
633 3866
633 3864
633 3645
623 3775
623 3673
623 3862
358 2013
358 2134
358 2097
653 3880
653 3814
653 3980
569 3414
569 3282
569 3421
700 4117
700 4184
700 4000
686 4052
686 4044
686 4039
606 3651
606 3736
606 3769
608 3515
608 3655
608 3662
529 2991
529 3305
529 3273
630 3708
630 3799
630 3663
622 3880
622 3528
622 3488
559 3232
559 3537
559 3513
344 1917
344 2190
344 1880
291 1946
291 1796
291 1772
306 1738
306 1800
306 1939
325 2029
325 1930
325 2016
309 1824
309 1916
309 1857
668 3804
668 3938
668 4106
578 3631
578 3392
578 3581
691 4034
691 4222
691 4082
679 4088
679 3953
679 4074
585 3387
585 3522
585 3559
646 3879
646 3830
646 3723
606 3815
606 3698
606 3565
670 3951
670 3829
670 3932
683 4076
683 3926
683 4168
577 3503
577 3351
577 3404
292 1936
292 1615
292 1912
251 1433
251 1540
251 1441
308 1972
308 1935
308 1898
308 1696
308 1722
308 1745
256 1398
256 1459
256 1444
429 2481
429 2553
429 2813
412 2578
412 2343
412 2606
455 2721
455 2831
455 2778
468 2742
468 2777
468 2862
407 2325
407 2573
407 2383
464 2752
464 2737
464 2770
401 2410
401 2338
401 2070
465 2841
465 2673
465 2717
508 3081
508 3203
508 2916
413 2650
413 2655
413 2316
135 834
135 830
135 922
489 2977
489 2736
489 2838
431 2552
431 2454
431 2390
511 3031
511 3190
511 2944
540 3228
540 3182
540 3191
429 2652
429 2588
429 2562
404 2656
404 2278
404 2487
359 2204
359 1930
359 2240
406 2452
406 2426
406 2263
420 2568
420 2461
420 2738
353 2113
353 1981
353 2282
486 3062
486 3087
486 2892
465 2488
465 2701
465 2952
500 3090
500 3120
500 2871
484 2828
484 3099
484 2681
458 2806
458 2633
458 2607
414 2494
414 2597
414 2435
356 2277
356 2136
356 2046
399 2204
399 2581
399 2392
446 2593
446 2659
446 2702
319 1924
319 2034
319 1777
100 560
100 724
100 627
526 3244
526 3277
526 3255
446 2661
446 2745
446 2569
492 2846
492 2880
492 2898
509 2904
509 3037
509 2994
437 2648
437 2406
437 2477
499 2770
499 3130
499 2947
445 2549
445 2611
445 2589
489 2735
489 2941
489 2959
477 3066
477 2792
477 2906
444 2665
444 2606
444 2811
506 3071
506 2866
506 3059
426 2700
426 2531
426 2643
486 2974
486 2963
486 2842
498 2914
498 2847
498 2930
453 2668
453 2665
453 2661
283 1795
283 1630
283 1566
259 1578
259 1557
259 1445
318 1878
318 1908
318 1786
309 1692
309 1818
309 1812
288 1807
288 1579
288 1866
702 4264
702 4125
702 4233
585 3362
585 3476
585 3370
705 4244
705 4096
705 4172
686 4274
686 4061
686 4104
589 3664
589 3587
589 3578
681 4048
681 4064
681 4042
608 3613
608 3628
608 3437
705 4120
705 4174
705 4178
691 3994
691 4189
691 3999
597 3638
597 3810
597 3756
569 3526
569 3298
569 3512
510 3124
510 2952
510 2995
583 3503
583 3293
583 3527
555 3302
555 3398
555 3366
498 2812
498 3031
498 2889
701 4230
701 4141
701 4081
634 4144
634 3793
634 3944
753 4455
753 4391
753 4653
713 4411
713 4261
713 4212
699 4007
699 4350
699 4240
678 4157
678 4142
678 4171
543 3280
543 3342
543 3406
662 3793
662 3816
662 3897
696 4054
696 4128
696 4286
618 3604
618 3570
618 3681
536 3202
536 3148
536 3112
433 2612
433 2669
433 2661
491 2823
491 2936
491 3096
536 2937
536 3403
536 3251
423 2511
423 2617
423 2417
279 1488
279 1551
279 1673
193 1070
193 1217
193 1114
247 1390
247 1537
247 1500
240 1376
240 1576
240 1475
190 1168
190 1104
190 1194
503 2871
503 2996
503 2799
444 2868
444 2708
444 2755
532 3149
532 3093
532 3337
509 2980
509 2889
509 3173
434 2465
434 2568
434 2763
535 3181
535 3041
535 2989
444 2653
444 2804
444 2756
528 3187
528 3076
528 3069
532 3131
532 3064
532 3200
416 2390
416 2530
416 2677
509 3054
509 2987
509 3118
444 2358
444 2593
444 2777
528 3186
528 3227
528 3170
495 2838
495 2845
495 2871
452 2776
452 2866
452 2677
499 2848
499 2881
499 3072
435 2555
435 2548
435 2594
501 2810
501 2832
501 2960
550 3247
550 3669
550 3091
451 2693
451 2870
451 2762
507 2949
507 2934
507 2993
394 2433
394 2275
394 2481
520 3063
520 3093
520 3185
484 2746
484 2882
484 2712
509 2947
509 3018
509 3259
474 2882
474 2932
474 2927
538 3430
538 3071
538 3335
557 3156
557 3477
557 3335
477 2782
477 2674
477 2601
573 3329
573 3256
573 3262
528 3111
528 3025
528 3211
562 3510
562 3562
562 3197
548 3263
548 3276
548 3142
526 3055
526 3052
526 3093
441 2451
441 2623
441 2547
520 3012
520 2966
520 2898
480 2911
480 3052
480 2816
570 3211
570 3290
570 3479
462 3001
462 2809
462 2683
548 3289
548 3472
548 3359
522 3184
522 3007
522 2952
493 3176
493 2998
493 2814
612 3786
612 3558
612 3688
528 3227
528 3307
528 3099
631 3691
631 3885
631 3866
563 3281
563 3182
563 3570
631 3755
631 3677
631 3877
544 3430
544 3277
544 3267
634 4061
634 3716
634 3878
538 3055
538 3284
538 3139
233 1372
233 1423
233 1549
137 756
137 841
137 879
130 849
130 872
130 709
862 5232
862 5020
862 4958
1068 6527
1068 6519
1068 6113
924 5095
924 5560
924 5454
149 925
149 911
149 906
214 1267
214 1321
214 1159
169 1058
169 926
169 1051
481 2819
481 2593
481 2893
642 3998
642 3790
642 3642
518 3190
518 2921
518 3116
951 5480
951 5657
951 5650
1174 6894
1174 6967
1174 7434
949 5710
949 5829
949 5718
607 3687
607 3770
607 3524
480 2906
480 2905
480 2901
611 3603
611 3857
611 3701
597 3836
597 3549
597 3600
522 2851
522 3162
522 3313
463 2946
463 2742
463 2726
438 2618
438 2445
438 2617
458 2599
458 2618
458 2681
499 3014
499 3138
499 3192
397 2133
397 2454
397 2340
524 3165
524 3007
524 3111
392 2225
392 2337
392 2283
465 2858
465 2498
465 2957
453 2855
453 2756
453 2860
421 2537
421 2305
421 2295
505 2916
505 2955
505 2836
396 2427
396 2211
396 2356
490 2926
490 2903
490 3040
485 2668
485 2932
485 2926
411 2383
411 2414
411 2508
302 1733
302 1717
302 1682
521 3181
521 3018
521 3337
404 2302
404 2215
404 2439
469 2870
469 2799
469 2785
476 2781
476 2669
476 3038
425 2628
425 2647
425 2512
519 3180
519 3042
519 3183
407 2291
407 2228
407 2648
473 2758
473 2877
473 2999
477 2764
477 2799
477 2843
434 2683
434 2528
434 2906
456 2562
456 2584
456 2743
448 2507
448 2878
448 2549
513 3053
513 3289
513 2952
496 2981
496 3078
496 2865
425 2601
425 2627
425 2529
466 2798
466 2731
466 2744
438 2667
438 2580
438 2414
504 3059
504 2816
504 3234
490 3014
490 2930
490 2835
432 2784
432 2382
432 2743
418 2464
418 2415
418 2459
421 2584
421 2431
421 2349
493 3062
493 2836
493 3060
515 3006
515 3098
515 2818
450 2523
450 2747
450 2648
58 433
58 302
58 331
653 3991
653 4049
653 3971
574 3575
574 3690
574 3264
665 3951
665 3825
665 3926
646 3596
646 3869
646 3794
562 3398
562 3349
562 3193
640 4030
640 3907
640 3871
559 3139
559 3210
559 3340
671 3923
671 3966
671 4094
682 4025
682 4284
682 3800
525 3291
525 2993
525 2988
743 4184
743 4529
743 4320
695 4363
695 4180
695 4331
823 4663
823 4735
823 4834
789 4885
789 4710
789 4801
717 4590
717 4089
717 4550
640 3956
640 3890
640 3804
538 3278
538 3316
538 3249
687 4105
687 4126
687 4203
645 3652
645 3843
645 3849
568 3351
568 3184
568 3558
640 3734
640 4036
640 3757
545 3155
545 3100
545 3140
627 3735
627 3898
627 3720
660 3967
660 4246
660 3729
500 2933
500 3031
500 3041
726 4452
726 4200
726 4488
585 3544
585 3533
585 3360
713 4224
713 4143
713 4585
669 3804
669 4108
669 3925
618 3929
618 3620
618 3616
150 842
150 935
150 948
138 909
138 928
138 842
157 841
157 1002
157 890
130 878
130 664
130 790
125 586
125 772
125 667
317 1877
317 1943
317 1873
304 1945
304 1867
304 1831
369 2284
369 2083
369 2271
378 2219
378 2270
378 2295
311 1896
311 1888
311 1797
353 2092
353 2123
353 2166
301 1755
301 1841
301 1939
330 1987
330 1947
330 1962
381 2163
381 2370
381 2415
315 1911
315 1848
315 1886
694 4265
694 4058
694 4230
565 3563
565 3047
565 3533
655 4012
655 4126
655 3977
696 4024
696 4086
696 4206
575 3288
575 3561
575 3355
202 1214
202 1190
202 1223
155 911
155 953
155 898
194 1154
194 1128
194 1171
212 1267
212 1235
212 1258
160 951
160 909
160 938
123 716
123 805
123 671
359 2131
359 2017
359 2177
384 2286
384 2314
384 2222
421 2637
421 2599
421 2731
428 2444
428 2469
428 2480
379 2184
379 2018
379 2345
689 4179
689 4331
689 4292
621 3878
621 3850
621 3554
676 3917
676 4194
676 4075
667 3894
667 4143
667 3925
597 3575
597 3589
597 3441
565 3340
565 3163
565 3404
484 2755
484 2905
484 2769
564 3079
564 3306
564 3506
555 3437
555 3242
555 3235
468 2752
468 2845
468 2581
791 4887
791 4492
791 5066
670 3911
670 3763
670 4042
746 4466
746 4555
746 4619
757 4618
757 4618
757 4518
662 3926
662 3877
662 4104
540 3288
540 3278
540 3196
490 3061
490 3085
490 2759
554 3125
554 3287
554 3009
563 3334
563 3216
563 3443
464 3030
464 2701
464 2779
809 4940
809 4709
809 4745
767 4715
767 4607
767 4702
837 4927
837 5270
837 4893
860 5095
860 5119
860 5074
755 4131
755 4645
755 4301
513 3019
513 3090
513 2995
436 2795
436 2600
436 2552
504 3079
504 3175
504 3032
518 3141
518 3060
518 3185
428 2538
428 2622
428 2617
447 2646
447 2608
447 2520
461 2677
461 2785
461 2878
515 3135
515 2905
515 3020
517 2927
517 3109
517 3199
453 2796
453 2732
453 2491
210 1241
210 1330
210 1347
157 1031
157 1095
157 962
204 1258
204 1284
204 1268
212 1188
212 1321
212 1325
164 863
164 1064
164 922
366 2093
366 2091
366 2176
237 1463
237 1412
237 1458
210 1383
210 1230
210 1255
244 1591
244 1516
244 1374
220 1302
220 1291
220 1345
217 1183
217 1330
217 1307
517 3045
517 3098
517 2865
470 2788
470 2829
470 2759
472 2859
472 2999
472 2615
523 2952
523 3146
523 3152
437 2736
437 2311
437 2538
471 2739
471 2862
471 2775
433 2589
433 2540
433 2641
510 2832
510 3021
510 2875
477 2850
477 2755
477 2952
465 2878
465 2907
465 3215
488 2868
488 2834
488 2994
418 2612
418 2401
418 2722
530 3070
530 3032
530 3333
519 3083
519 3031
519 3179
431 2637
431 2681
431 2877
465 2747
465 2770
465 2748
408 2376
408 2557
408 2422
446 2931
446 2697
446 2517
458 2695
458 2557
458 2685
407 2374
407 2429
407 2539
486 2891
486 2995
486 3088
435 2536
435 2566
435 2587
500 2943
500 2954
500 3009
524 2959
524 3155
524 3063
404 2520
404 2472
404 2302
752 4254
752 4164
752 4395
645 3952
645 3957
645 3752
819 4890
819 4925
819 5005
775 4511
775 4512
775 4775
631 3620
631 3586
631 3863
669 4228
669 4211
669 3953
635 3927
635 3554
635 3806
654 3949
654 3681
654 3999
680 4020
680 3924
680 3929
550 3324
550 3226
550 3162
420 2271
420 2596
420 2487
398 2191
398 2226
398 2379
462 2787
462 2735
462 2799
463 2721
463 2881
463 2668
372 2263
372 2181
372 2251
506 2989
506 3056
506 3184
448 2556
448 2644
448 2690
496 3206
496 2839
496 2985
511 3170
511 2920
511 3191
473 2807
473 2766
473 2897
798 4809
798 4821
798 4951
727 4116
727 4203
727 4527
802 4701
802 4797
802 5012
767 4482
767 4619
767 4700
674 3908
674 4032
674 3975
24 129
24 125
24 130
718 4393
718 4264
718 4306
635 3517
635 3916
635 3864
689 4279
689 4031
689 4035
738 4485
738 4364
738 4340
621 3551
621 3866
621 3800
461 2858
461 2896
461 2743
422 2398
422 2434
422 2548
487 2833
487 2701
487 2977
425 2804
425 2330
425 2633
410 2581
410 2615
410 2457
271 1589
271 1448
271 1668
804 4725
804 4881
804 4869
705 4188
705 4369
705 3997
861 5276
861 5175
861 5184
809 5027
809 4825
809 4715
757 4311
757 4623
757 4385
579 3370
579 3176
579 3346
512 2950
512 3016
512 3045
606 3831
606 3710
606 3702
601 3416
601 3701
601 3546
550 3170
550 3222
550 3327
610 3671
610 3583
610 3502
550 3370
550 3314
550 3355
599 3446
599 3605
599 3705
563 3496
563 3568
563 3154
480 2888
480 2763
480 2885
464 2838
464 2976
464 2874
130 772
130 812
130 827
303 1811
303 1584
303 1779
290 1557
290 1691
290 1800
331 1990
331 2030
331 2090
358 2223
358 2076
358 2011
269 1595
269 1594
269 1575
701 4145
701 4097
701 4144
699 4354
699 4122
699 4340
829 4988
829 4824
829 4658
821 5086
821 4837
821 4647
654 3850
654 3799
654 3893
936 5699
936 5583
936 5456
796 4739
796 4788
796 4773
928 5657
928 5364
928 5626
904 5435
904 5462
904 5386
775 4570
775 4688
775 4766
570 3406
570 3431
570 3373
526 3028
526 2971
526 3191
583 3496
583 3447
583 3439
603 3799
603 3767
603 3731
534 3228
534 3043
534 3117
441 2628
441 2565
441 2651
400 2239
400 2610
400 2336
409 2424
409 2395
409 2332
461 2669
461 2843
461 2988
359 2270
359 2118
359 2176
819 4846
819 4679
819 5001
665 3718
665 3925
665 3865
746 4577
746 4120
746 4682
796 4884
796 4553
796 4807
666 3990
666 4167
666 3889
752 4580
752 4602
752 4844
581 3172
581 3758
581 3511
729 4410
729 4311
729 4175
726 4328
726 4138
726 4339
620 3938
620 3787
620 3607
959 5880
959 5675
959 5642
755 4303
755 4588
755 4559
942 5911
942 5600
942 5678
890 5059
890 5328
890 5518
842 5170
842 5308
842 4989
565 3406
565 3225
565 3300
466 2684
466 2914
466 2882
567 3358
567 3463
567 3584
550 3328
550 3101
550 3259
494 3000
494 3000
494 3123
517 3061
517 3127
517 3127
452 2666
452 2848
452 2753
538 3070
538 3060
538 3228
541 3379
541 3222
541 3337
486 2795
486 2899
486 2830
533 3327
533 2990
533 3443
448 2914
448 2665
448 2750
534 3118
534 3326
534 3246
493 2958
493 2934
493 3186
459 2672
459 2849
459 2782
530 3329
530 3263
530 3165
437 2637
437 2767
437 2558
516 2961
516 3117
516 3281
518 3105
518 3125
518 2979
449 2766
449 2573
449 2671
509 3084
509 2937
509 2923
453 2600
453 2809
453 2724
530 3346
530 3195
530 3003
502 3051
502 3037
502 3081
459 2690
459 2681
459 2698
273 1516
273 1713
273 1748
514 3250
514 3306
514 2955
431 2581
431 2747
431 2773
507 3049
507 3232
507 3176
532 3190
532 2974
532 3292
441 2638
441 2447
441 2349
472 2691
472 2800
472 2741
436 2678
436 2662
436 2677
542 3279
542 3207
542 3325
511 3103
511 2906
511 2945
457 2955
457 2524
457 2688
530 3300
530 3194
530 3368
426 2511
426 2447
426 2552
508 2759
508 2837
508 3228
506 3107
506 3050
506 2915
502 2738
502 2892
502 2934
536 3325
536 3169
536 3123
477 2748
477 2969
477 2851
469 2701
469 2931
469 2684
543 3346
543 3199
543 3482
412 2603
412 2454
412 2643
473 2667
473 2717
473 2949
444 2645
444 2597
444 2430
539 3383
539 3294
539 3433
567 3501
567 3610
567 3409
415 2489
415 2502
415 2491
661 3882
661 3973
661 3889
550 3176
550 3047
550 3429
642 3767
642 3600
642 3956
616 3866
616 3865
616 3834
556 3168
556 3316
556 3315
593 3620
593 3746
593 3565
549 3093
549 3141
549 3288
614 3624
614 3441
614 3662
646 4029
646 3828
646 3912
514 3204
514 2954
514 3104
613 3622
613 3684
613 3429
533 2976
533 3141
533 3048
613 3661
613 4018
613 3816
624 3761
624 3705
624 3659
501 2905
501 2973
501 3290
334 1975
334 2019
334 1894
305 1931
305 1885
305 1853
342 2016
342 2169
342 1984
361 2066
361 2148
361 2171
331 1928
331 1860
331 1884
847 4984
847 4910
847 5189
767 4739
767 4594
767 4578
819 4985
819 4745
819 4878
830 4901
830 4851
830 5043
682 4067
682 3837
682 4190
524 3227
524 3018
524 2969
463 3024
463 2760
463 2696
574 3366
574 3346
574 3545
524 3154
524 3135
524 3162
440 2761
440 2559
440 2493
712 4242
712 4135
712 4163
608 3650
608 3637
608 3908
720 4382
720 4353
720 4169
630 3922
630 3985
630 3836
608 3662
608 3605
608 3738
732 4488
732 4472
732 4420
582 3368
582 3452
582 3514
705 4172
705 4177
705 4198
686 3902
686 4163
686 4120
603 3577
603 3702
603 3664
693 4180
693 4009
693 4041
611 3941
611 3655
611 3663
718 4320
718 4518
718 4467
754 4708
754 4513
754 4183
575 3390
575 3497
575 3343
535 3176
535 3112
535 3132
484 2973
484 3095
484 2668
512 3038
512 3140
512 3114
512 2974
512 2995
512 2960
458 2690
458 2595
458 2924
656 3840
656 3990
656 4143
571 3561
571 3479
571 3617
674 3720
674 4049
674 3918
654 3753
654 3767
654 3654
556 3576
556 3314
556 3541
562 3438
562 3505
562 3256
505 3016
505 2941
505 2882
553 3391
553 3420
553 3297
534 3449
534 3261
534 3328
490 2953
490 3182
490 2738
689 4003
689 4038
689 4366
606 3613
606 3683
606 3702
743 4652
743 4662
743 4605
688 4088
688 4216
688 4311
630 3788
630 3812
630 3827
489 2981
489 2898
489 2963
438 2580
438 2662
438 2613
523 3210
523 3185
523 3156
509 3051
509 3081
509 3152
455 2636
455 2756
455 2687
600 3531
600 3581
600 3576
461 2650
461 2783
461 2616
505 3063
505 2975
505 3056
535 3319
535 3220
535 3196
462 2792
462 2933
462 2861
816 5206
816 4824
816 4732
723 4155
723 4384
723 4148
837 4674
837 5181
837 5132
801 5024
801 4479
801 4828
752 4358
752 4506
752 4524
491 3008
491 2945
491 3075
394 2278
394 2389
394 2200
479 3077
479 2982
479 2939
498 2921
498 2961
498 2814
393 2427
393 2436
393 2346
479 2798
479 2958
479 2684
398 2380
398 2339
398 2497
496 2894
496 3122
496 2857
454 2734
454 2643
454 2537
434 2776
434 2380
434 2471
461 2691
461 2652
461 2747
386 2359
386 2236
386 2226
459 2820
459 2887
459 2686
507 3217
507 3047
507 3279
438 2629
438 2729
438 2771
431 2571
431 2615
431 2741
415 2537
415 2374
415 2457
518 3006
518 3090
518 2965
456 2627
456 2559
456 2782
400 2331
400 2349
400 2447
467 2943
467 2629
467 2843
416 2394
416 2419
416 2424
506 2839
506 3053
506 2900
469 2886
469 2619
469 2784
406 2275
406 2375
406 2319
455 2605
455 2786
455 2728
430 2478
430 2551
430 2607
469 2724
469 2419
469 2915
512 3120
512 3034
512 2712
407 2310
407 2534
407 2326
508 2803
508 2932
508 2969
407 2548
407 2280
407 2452
491 2949
491 2988
491 3099
473 2799
473 2789
473 2692
427 2525
427 2731
427 2704
503 3129
503 3153
503 2970
395 2395
395 2335
395 2644
536 3306
536 3175
536 3272
470 2533
470 2809
470 2779
413 2552
413 2532
413 2262
499 2820
499 2848
499 2914
412 2318
412 2549
412 2493
464 2826
464 2708
464 2752
539 3326
539 3056
539 3374
417 2566
417 2515
417 2381
517 2869
517 2983
517 3203
435 2592
435 2558
435 2340
518 3206
518 3081
518 3204
485 2868
485 3336
485 2828
412 2350
412 2491
412 2264
485 2998
485 2720
485 2986
426 2542
426 2532
426 2704
503 2836
503 3015
503 3136
522 3166
522 3111
522 3204
446 2553
446 2759
446 2631
563 3296
563 3215
563 3550
431 2591
431 2644
431 2581
488 2763
488 2887
488 2975
487 2900
487 2879
487 2890
486 2756
486 2837
486 2856
538 3027
538 3349
538 3216
486 2985
486 3029
486 2924
594 3493
594 3806
594 3335
552 3202
552 3269
552 3341
446 2815
446 2652
446 2587
581 3486
581 3540
581 3357
489 2904
489 3140
489 2795
558 3386
558 3426
558 3390
623 3517
623 3563
623 3554
507 2976
507 2841
507 3062
161 945
161 1041
161 849
189 1158
189 1135
189 1100
169 1018
169 982
169 906
235 1395
235 1386
235 1327
193 1244
193 990
193 1151
266 1451
266 1710
266 1530
221 1262
221 1310
221 1372
304 1868
304 1730
304 1759
266 1555
266 1537
266 1508
198 1165
198 1181
198 1271
306 1911
306 1712
306 2017
282 1651
282 1541
282 1811
333 2161
333 2039
333 2011
318 1925
318 2081
318 1973
250 1522
250 1491
250 1363
353 2153
353 2120
353 2018
321 2061
321 1931
321 2032
455 2781
455 2716
455 2628
378 2266
378 2224
378 2204
368 2297
368 2301
368 2048
964 5767
964 5955
964 5649
846 4961
846 5398
846 5058
1022 5940
1022 6121
1022 6296
973 5460
973 6033
973 6085
910 5290
910 5792
910 5538
1157 6898
1157 6939
1157 7242
978 5892
978 5815
978 5948
1138 6648
1138 6788
1138 6787
1183 7031
1183 7041
1183 6540
1022 6158
1022 6202
1022 5980
524 2874
524 3008
524 3110
453 2451
453 2789
453 2571
533 3104
533 3701
533 3178
541 3397
541 3273
541 3197
461 2879
461 2756
461 2815
616 3373
616 3687
616 3847
538 3116
538 3205
538 3237
661 4104
661 3978
661 3773
652 4124
652 3823
652 3988
555 3262
555 3188
555 3348
626 3601
626 3838
626 3778
530 3238
530 2879
530 3243
619 3711
619 3578
619 3458
577 3443
577 3419
577 3772
553 3531
553 3319
553 3166
573 3546
573 3301
573 3373
476 2805
476 2830
476 2951
579 3341
579 3570
579 3486
580 3385
580 3551
580 3310
497 2963
497 2915
497 2987
551 3270
551 3112
551 3298
538 3067
538 3128
538 3343
552 3358
552 3458
552 3471
567 3462
567 3395
567 3628
500 2889
500 2808
500 3032
403 2303
403 2260
403 2353
313 1812
313 1790
313 2033
433 2510
433 2518
433 2597
390 2229
390 2303
390 2201
366 2100
366 2298
366 2284
559 3123
559 3260
559 3394
476 2781
476 2758
476 2813
516 3055
516 3037
516 3049
565 3450
565 3538
565 3330
488 2729
488 3087
488 2957
536 2889
536 3273
536 3295
442 2646
442 2655
442 2588
466 2783
466 2815
466 2810
482 2918
482 3175
482 2971
446 2791
446 2667
446 2464
505 3029
505 3088
505 3171
478 2875
478 2713
478 2892
490 2930
490 2850
490 2975
454 2580
454 2711
454 2663
452 2747
452 2669
452 2810
264 1627
264 1579
264 1570
220 1480
220 1179
220 1303
247 1586
247 1508
247 1333
248 1392
248 1480
248 1432
207 1361
207 1113
207 1217
550 3207
550 3342
550 3151
505 3055
505 2761
505 2836
547 3292
547 3261
547 3363
557 3178
557 3526
557 3129
470 2802
470 2655
470 2933
384 2373
384 2220
384 2203
323 1913
323 1871
323 1842
399 2287
399 2409
399 2355
403 2568
403 2409
403 2414
333 2013
333 1953
333 2152
700 3937
700 4068
700 4259
597 3749
597 3561
597 3769
697 4279
697 4202
697 4016
685 4016
685 4138
685 3889
584 3478
584 3256
584 3550
551 3232
551 3320
551 3059
472 2846
472 2893
472 2552
574 3503
574 3263
574 3313
566 3391
566 3312
566 3429
478 2726
478 2940
478 2859
585 3457
585 3290
585 3370
540 3064
540 3305
540 3358
533 3107
533 3077
533 3239
541 3444
541 3290
541 3227
465 2872
465 2878
465 2909
780 4568
780 4596
780 4660
704 4172
704 4167
704 4522
777 4713
777 4756
777 4846
808 4896
808 4963
808 4724
702 4118
702 4247
702 4163
775 4729
775 4626
775 4692
655 3758
655 3986
655 3828
658 3951
658 3756
658 3971
687 4152
687 3727
687 4035
678 4016
678 4068
678 3779
318 1923
318 1783
318 1975
509 3319
509 3020
509 2955
471 2998
471 2681
471 2615
484 2843
484 2854
484 2842
502 2832
502 2800
502 3036
435 2529
435 2618
435 2615
513 3147
513 3042
513 3133
456 2874
456 2796
456 2893
521 3272
521 3023
521 3155
470 2833
470 2618
470 2973
467 2836
467 2735
467 2904
604 3621
604 3734
604 3599
573 3373
573 3179
573 3242
627 3657
627 3894
627 3642
666 4025
666 3690
666 4098
552 3354
552 3074
552 3181
682 4145
682 3926
682 3980
642 3666
642 3652
642 3847
700 4053
700 4247
700 4104
704 4101
704 4355
704 4309
630 3384
630 3960
630 3696
781 4817
781 4624
781 4467
758 4626
758 4659
758 4418
847 4853
847 4921
847 4753
867 5278
867 5267
867 5331
761 4541
761 4299
761 4457
1238 7108
1238 7136
1238 7301
1149 6700
1149 6599
1149 7066
1270 7244
1270 7896
1270 7785
1233 7200
1233 7592
1233 7717
1118 6715
1118 6667
1118 6646
594 3702
594 3390
594 3532
509 2974
509 3086
509 2972
576 3588
576 3444
576 3686
529 3030
529 3114
529 3162
463 2515
463 2871
463 2658
333 1975
333 1958
333 2100
293 1711
293 1649
293 1763
337 2321
337 2092
337 1913
330 1992
330 2061
330 1954
283 1583
283 1853
283 1743
581 3269
581 3427
581 3246
534 3385
534 3200
534 3480
612 3654
612 3670
612 3581
653 3960
653 3944
653 3987
583 3603
583 3654
583 3736
540 3166
540 3191
540 3041
453 2677
453 2603
453 2721
472 2950
472 2760
472 3018
495 3059
495 3174
495 3008
432 2626
432 2397
432 2495
523 3059
523 3263
523 3146
482 2693
482 2887
482 2703
516 3059
516 2895
516 3050
506 2774
506 2886
506 3017
466 2687
466 2779
466 2604
548 3338
548 3292
548 3524
469 2924
469 2523
469 2848
595 3493
595 3406
595 3556
547 3134
547 3293
547 3466
452 2660
452 2787
452 2831
539 3062
539 3063
539 3204
431 2488
431 2502
431 2452
496 2871
496 2860
496 3031
498 3158
498 2730
498 2958
471 2715
471 2622
471 2760
567 3403
567 3412
567 3263
488 2912
488 2766
488 2750
580 3530
580 3485
580 3676
531 3407
531 3177
531 3387
447 2640
447 2657
447 2721
641 3756
641 4036
641 3861
532 2944
532 3254
532 3120
601 3534
601 3584
601 3630
656 3787
656 3997
656 4038
546 3222
546 3274
546 3274
544 3026
544 3336
544 3350
483 2932
483 2870
483 3054
540 2985
540 3185
540 3140
571 3354
571 3034
571 3551
482 2931
482 2959
482 2995
556 3127
556 3339
556 3382
532 3270
532 3455
532 3186
568 3542
568 3476
568 3589
589 3366
589 3511
589 3370
501 2957
501 2838
501 3016
531 3174
531 2954
531 2985
473 2681
473 2753
473 2669
563 3400
563 3522
563 3266
585 3411
585 3542
585 3294
506 2980
506 3143
506 2991
291 1796
291 1671
291 1941
129 782
129 732
129 791
129 774
129 805
129 784
588 3464
588 3605
588 3191
566 3447
566 3291
566 3646
588 3510
588 3355
588 3450
660 4099
660 3824
660 3811
540 3094
540 3062
540 3077
692 4392
692 4157
692 4249
555 3234
555 3291
555 3618
619 3701
619 3653
619 3962
636 3805
636 3854
636 3907
524 3024
524 3487
524 3094
653 3870
653 4068
653 3736
563 3335
563 3213
563 3297
595 3669
595 3566
595 3683
628 3680
628 3850
628 3859
520 3162
520 3168
520 3252
235 1279
235 1303
235 1440
218 1252
218 1303
218 1286
232 1431
232 1333
232 1390
204 1128
204 1224
204 1242
214 1143
214 1343
214 1373
528 3059
528 3014
528 3109
470 2800
470 2930
470 2720
528 2924
528 3105
528 3266
505 3032
505 2975
505 3191
473 3015
473 2755
473 2814
360 2079
360 2137
360 2159
312 1937
312 1703
312 1858
325 1777
325 1930
325 2086
345 2111
345 2069
345 1931
311 1798
311 2080
311 1987
178 1112
178 1033
178 1231
645 3931
645 4036
645 3871
552 3286
552 3358
552 3403
658 3633
658 3883
658 4236
613 3678
613 3484
613 3699
522 3069
522 3262
522 3047
462 3010
462 3176
462 2718
605 3572
605 3808
605 3789
487 2915
487 2874
487 2975
599 3642
599 3762
599 3605
635 3516
635 3812
635 3483
519 2914
519 2990
519 2958
330 2073
330 1965
330 1918
273 1606
273 1621
273 1674
284 1772
284 1758
284 1774
293 1633
293 1753
293 1595
296 1627
296 1860
296 1687
699 4247
699 4230
699 4275
643 3720
643 3773
643 3766
678 3840
678 4189
678 4072
673 4275
673 4035
673 3962
593 3505
593 3631
593 3504
733 4345
733 4375
733 4320
706 4175
706 4042
706 4352
769 4540
769 4680
769 4328
800 4552
800 4837
800 4886
655 4084
655 3769
655 4036
661 3966
661 3633
661 3893
569 3359
569 3497
569 3577
710 4131
710 4450
710 4182
628 3798
628 3875
628 3804
622 3568
622 3629
622 3602
217 1323
217 1300
217 1101
175 1000
175 941
175 1055
228 1291
228 1288
228 1252
190 1052
190 1005
190 1157
161 965
161 991
161 888
790 4669
790 4654
790 4819
654 3866
654 4052
654 3836
758 4643
758 4478
758 4651
821 4918
821 4776
821 5058
690 4035
690 4313
690 4188
225 1384
225 1318
225 1414
188 1070
188 1199
188 1044
218 1291
218 1335
218 1238
217 1177
217 1064
217 1264
190 1230
190 1196
190 1062
746 4453
746 4575
746 4409
604 3544
604 3709
604 3444
729 4242
729 4318
729 4372
747 4724
747 4485
747 4566
638 4017
638 3778
638 3852
814 4674
814 4998
814 5070
700 4650
700 4100
700 4348
787 4605
787 4549
787 4778
778 4535
778 4756
778 4364
751 4407
751 4282
751 4774
474 2853
474 2953
474 2717
416 2428
416 2538
416 2587
471 2741
471 2891
471 3088
467 2604
467 2719
467 2725
407 2435
407 2320
407 2624
759 4567
759 4388
759 4433
680 4089
680 3892
680 3911
751 4443
751 4615
751 4506
778 4707
778 4474
778 4681
684 4111
684 4085
684 4144
115 723
115 609
115 687
112 741
112 592
112 605
145 828
145 858
145 954
129 767
129 792
129 788
116 762
116 748
116 639
110 720
110 711
110 724
542 3222
542 3123
542 3362
519 2900
519 3253
519 3230
587 3446
587 3718
587 3417
567 3354
567 3316
567 3256
530 3127
530 3194
530 2968
573 3483
573 3502
573 3632
519 3043
519 3056
519 2976
643 3823
643 3653
643 3731
585 3476
585 3483
585 3308
484 2897
484 2771
484 2805
180 952
180 1080
180 998
137 831
137 787
137 791
145 965
145 839
145 733
168 978
168 1011
168 992
165 1047
165 895
165 939
116 722
116 642
116 647
580 3418
580 3412
580 3353
501 3147
501 3016
501 2834
564 3390
564 3393
564 3502
562 3331
562 3446
562 3543
481 2752
481 2814
481 2706
505 2914
505 2734
505 3106
595 3436
595 3530
595 3667
546 3217
546 3440
546 3211
581 3429
581 3298
581 3390
603 3326
603 3481
603 3573
532 3074
532 3194
532 3251
474 2849
474 2781
474 3027
554 3336
554 3337
554 3408
523 3130
523 3056
523 3205
597 3468
597 3413
597 3687
570 3356
570 3321
570 3511
481 3152
481 2942
481 2754
558 3623
558 3214
558 3367
470 2507
470 2897
470 2714
495 3134
495 3076
495 2943
550 3189
550 3363
550 3437
477 2865
477 2757
477 2934
491 2930
491 2992
491 2859
427 2531
427 2357
427 2521
462 2832
462 2907
462 2754
478 2988
478 2991
478 2697
447 2653
447 2783
447 2662
667 3792
667 4061
667 4065
589 3476
589 3371
589 3666
641 3658
641 3727
641 4115
667 3971
667 3877
667 4168
559 3271
559 3191
559 3401
615 3834
615 3739
615 3652
551 3175
551 3289
551 3210
602 3559
602 4046
602 3597
606 3712
606 3625
606 3884
541 3186
541 3326
541 3072
654 3714
654 3790
654 4087
547 3298
547 3159
547 3212
650 3680
650 3707
650 3876
671 4044
671 3848
671 4139
573 3686
573 3447
573 3637
173 1066
173 946
173 1031
165 1013
165 925
165 803
197 1204
197 1281
197 1100
176 991
176 1058
176 1046
180 1093
180 1083
180 1086
219 1238
219 1156
219 1303
208 1360
208 1227
208 1301
220 1444
220 1201
220 1283
209 1285
209 1122
209 1346
172 983
172 1035
172 1086
265 1551
265 1470
265 1623
211 1236
211 1134
211 1190
256 1439
256 1464
256 1364
275 1676
275 1632
275 1657
239 1320
239 1370
239 1510
560 3233
560 3382
560 3455
505 2984
505 3160
505 2896
548 3170
548 3388
548 3135
542 3294
542 3129
542 3117
456 2636
456 2799
456 2814
499 3095
499 2905
499 2898
426 2699
426 2437
426 2664
492 2950
492 2772
492 2694
481 2709
481 2899
481 2774
448 2588
448 2684
448 2880
504 3253
504 2941
504 3060
420 2366
420 2395
420 2545
515 3111
515 3085
515 3203
490 2860
490 2988
490 3025
418 2616
418 2602
418 2509
233 1340
233 1450
233 1337
134 766
134 853
134 792
134 880
134 798
134 762
136 754
136 770
136 892
202 1124
202 1235
202 1155
178 984
178 1062
178 1168
201 1087
201 1202
201 1360
196 1273
196 1158
196 1169
190 1335
190 1237
190 1071
187 983
187 1131
187 1150
156 1003
156 949
156 924
186 1169
186 1115
186 1088
187 1036
187 1198
187 1008
146 855
146 805
146 875
547 3201
547 3479
547 3291
456 2953
456 2709
456 2820
528 3117
528 3200
528 3258
512 3078
512 3086
512 3084
483 2990
483 2773
483 2613
521 2834
521 3352
521 3105
463 2996
463 2867
463 2618
529 3022
529 3116
529 3040
543 3092
543 3240
543 3268
499 3229
499 2889
499 3091
609 3755
609 3562
609 3627
498 2988
498 2806
498 2964
606 3626
606 3616
606 3212
611 3577
611 3797
611 3658
528 3369
528 3208
528 3035
540 3176
540 3326
540 3219
485 2865
485 2792
485 3020
554 3305
554 3260
554 3299
536 3139
536 3074
536 3290
467 2658
467 2522
467 2819
528 3203
528 3040
528 3256
468 2671
468 2733
468 3017
504 2770
504 2966
504 3009
521 3090
521 3244
521 2943
447 2611
447 2643
447 2774
579 3285
579 3393
579 3591
494 2997
494 2885
494 3041
556 3244
556 3478
556 3341
530 3253
530 2892
530 3188
503 2732
503 3136
503 2739
597 3586
597 3604
597 3558
533 3215
533 3091
533 2814
586 3508
586 3456
586 3636
616 3838
616 3933
616 3689
547 3211
547 3348
547 3227
409 2282
409 2461
409 2374
335 1978
335 1827
335 2061
392 2487
392 2444
392 2473
372 2167
372 2360
372 2050
325 1983
325 1998
325 1997
573 3437
573 3533
573 3532
527 3226
527 3239
527 3092
608 3738
608 3801
608 3745
536 3113
536 3166
536 3048
527 3130
527 3330
527 3051
127 850
127 789
127 723
114 709
114 625
114 676
120 751
120 831
120 640
125 710
125 728
125 746
113 670
113 668
113 749
583 3399
583 3568
583 3298
480 2665
480 2822
480 3082
577 3525
577 3463
577 3115
542 3040
542 3443
542 3310
491 3037
491 2828
491 2947
689 4301
689 4264
689 3908
524 3142
524 3212
524 2939
673 4148
673 3928
673 3911
633 3810
633 3827
633 3913
564 3336
564 3498
564 3470
527 3088
527 3281
527 3225
465 2710
465 2682
465 2854
556 3124
556 3443
556 3388
571 3546
571 3669
571 3387
455 2809
455 2545
455 2559
478 2880
478 2648
478 2917
425 2540
425 2758
425 2458
504 2917
504 2929
504 2894
471 2658
471 2795
471 2584
464 3028
464 3093
464 2764
495 3108
495 3103
495 2962
447 2551
447 2703
447 2639
539 3167
539 3416
539 3216
551 3153
551 3234
551 3051
495 3006
495 2745
495 2896
296 1674
296 1748
296 1685
274 1671
274 1781
274 1668
297 1746
297 1735
297 1660
315 2018
315 1827
315 1928
259 1514
259 1480
259 1513
379 2383
379 2100
379 2176
314 1883
314 2015
314 1851
355 2026
355 2226
355 2228
317 2033
317 1968
317 1932
318 1838
318 1864
318 1778
791 4766
791 4980
791 4857
689 4076
689 4187
689 3948
715 4109
715 4204
715 4194
776 4777
776 4581
776 4416
666 3891
666 3834
666 4029
552 3395
552 3403
552 3295
497 3048
497 3109
497 2994
495 2969
495 2784
495 3022
568 3230
568 3252
568 3430
452 2612
452 2645
452 2605
480 2691
480 2847
480 2893
463 2551
463 3105
463 2659
568 3437
568 3302
568 3346
532 3184
532 3173
532 3207
472 2738
472 2667
472 2998
269 1625
269 1709
269 1591
240 1349
240 1336
240 1409
248 1370
248 1527
248 1412
273 1510
273 1608
273 1571
223 1407
223 1235
223 1133
333 2061
333 2178
333 1957
282 1773
282 1678
282 1743
323 1944
323 1692
323 1756
339 1842
339 1845
339 2074
293 1743
293 1717
293 1580
