123 845
123 836
123 828
178 1113
178 1237
178 1174
129 792
129 828
129 891
140 1029
140 1137
140 943
154 1019
154 1014
154 1138
183 1147
183 1288
183 1284
155 997
155 1112
155 1129
149 1195
149 949
149 1016
160 1181
160 1049
160 1065
147 1090
147 907
147 1206
231 1521
231 1524
231 1609
492 3172
492 3327
492 3303
374 2555
374 2643
374 2576
463 3320
463 3033
463 3080
457 3067
457 3068
457 3158
376 2480
376 2555
376 2483
92 589
92 726
92 677
129 915
129 937
129 842
115 739
115 722
115 1015
132 895
132 852
132 944
110 695
110 702
110 724
344 2361
344 2172
344 2217
262 1693
262 1872
262 1752
318 2270
318 2004
318 2092
352 2255
352 2585
352 2266
244 1781
244 1729
244 1617
294 2021
294 2027
294 2000
249 1687
249 1667
249 1582
265 1843
265 1908
265 1696
239 1887
239 1553
239 1533
217 1359
217 1465
217 1410
249 1657
249 1629
249 1642
217 1667
217 1524
217 1543
227 1649
227 1523
227 1717
227 1535
227 1530
227 1701
189 1182
189 1341
189 1272
316 2051
316 2112
316 2025
271 1779
271 1861
271 1781
325 2225
325 2070
325 2119
263 1890
263 1782
263 1809
263 1721
263 1966
263 1753
316 1989
316 2012
316 2181
273 2076
273 1927
273 1811
309 2295
309 2094
309 2233
330 2218
330 2255
330 2349
246 1696
246 1576
246 1723
321 2047
321 2160
321 2079
305 2274
305 1920
305 1921
323 2186
323 2150
323 2016
358 2575
358 2386
358 2626
352 2354
352 2618
352 2372
332 2283
332 2138
332 2230
334 2474
334 2302
334 2142
383 2640
383 2762
383 2641
333 2169
333 2676
333 2426
316 1960
316 2009
316 2121
173 1188
173 1249
173 1316
321 2235
321 2357
321 2252
333 2150
333 2304
333 2296
354 2505
354 2378
354 2448
390 2906
390 2610
390 2775
298 2043
298 2258
298 2067
459 3151
459 3315
459 3160
372 2575
372 2783
372 2409
492 3259
492 3444
492 3428
451 3128
451 3140
451 3081
433 2932
433 3071
433 2976
353 2409
353 2667
353 2459
307 1944
307 2070
307 2030
362 2422
362 2440
362 2490
332 2356
332 2436
332 2410
283 2076
283 1872
283 1874
474 3185
474 3295
474 3339
403 2715
403 2876
403 2751
414 2769
414 2871
414 2754
419 2847
419 2942
419 2824
407 2757
407 2734
407 2817
472 3076
472 3223
472 3433
438 2862
438 2970
438 3099
447 2873
447 3128
447 3340
459 3111
459 3228
459 3107
452 3012
452 3121
452 3071
107 716
107 669
107 658
203 1439
203 1523
203 1315
116 749
116 924
116 814
42 292
42 291
42 269
347 2452
347 2587
347 2179
289 1965
289 2006
289 2096
345 2210
345 2402
345 2361
334 2144
334 2345
334 2420
270 1880
270 1839
270 1661
373 2503
373 2534
373 2515
295 2042
295 1863
295 1982
349 2349
349 2192
349 2442
389 2801
389 2574
389 2606
293 2016
293 2038
293 1901
218 1614
218 1549
218 1498
173 1207
173 1140
173 1266
209 1415
209 1359
209 1211
212 1486
212 1323
212 1481
161 1122
161 1162
161 1213
505 2958
505 3492
505 3742
372 2557
372 2386
372 2476
462 3063
462 3189
462 3215
488 3309
488 3120
488 3212
415 3103
415 2886
415 2670
605 3932
605 4267
605 4370
595 3990
595 4072
595 4057
586 4192
586 3958
586 4057
451 2938
451 3224
451 3059
265 1812
265 1802
265 1877
118 753
118 856
118 766
566 3987
566 3762
566 4008
584 3876
584 4122
584 4286
585 4043
585 4189
585 3972
493 3187
493 3125
493 3385
603 3829
603 3888
603 4218
582 4000
582 3801
582 4279
613 4345
613 4440
613 4291
469 2984
469 3265
469 3309
587 4159
587 4013
587 3878
559 3618
559 4021
559 3626
586 3953
586 4054
586 4174
484 3226
484 3207
484 3325
574 3892
574 3759
574 3868
569 3787
569 3872
569 3707
578 3974
578 3910
578 3964
507 3373
507 3860
507 3382
614 4429
614 4242
614 4012
586 4127
586 3959
586 3900
529 3530
529 3629
529 3471
506 3343
506 3498
506 3506
558 3956
558 3868
558 3698
564 3756
564 3840
564 3965
579 3983
579 3931
579 3729
513 3773
513 3648
513 3399
135 992
135 901
135 1097
163 984
163 1110
163 1188
145 938
145 1015
145 819
172 1212
172 1229
172 1057
589 3901
589 4307
589 3946
539 3769
539 3756
539 3825
585 3710
585 4002
585 4013
499 3673
499 3489
499 3224
282 1838
282 1875
282 1913
272 1900
272 1869
272 2040
338 2414
338 2324
338 2336
238 1561
238 1500
238 1609
344 2098
344 2497
344 2534
295 1829
295 2120
295 2056
328 2210
328 2441
328 1983
363 2464
363 2754
363 2439
308 2043
308 2267
308 2168
431 3119
431 2950
431 3043
306 2019
306 2049
306 2143
422 3020
422 3032
422 3097
396 2665
396 2866
396 2765
317 2072
317 2153
317 1994
321 2240
321 2248
321 2181
466 3418
466 3227
466 3067
396 2960
396 2663
396 2629
496 3431
496 3185
496 3373
443 3084
443 3143
443 3045
383 2781
383 2559
383 2625
280 1807
280 1965
280 1743
219 1525
219 1375
219 1611
291 1823
291 1845
291 2006
258 1666
258 1938
258 1784
226 1435
226 1509
226 1528
490 3405
490 3408
490 3236
393 2547
393 2666
393 2560
472 2987
472 3188
472 3277
431 2850
431 2765
431 3014
417 2866
417 2897
417 2898
293 2169
293 1907
293 2149
213 1469
213 1492
213 1409
263 1754
263 1852
263 1768
280 1988
280 1964
280 1696
239 1553
239 1981
239 1688
317 1966
317 2271
317 2007
497 3421
497 3338
497 3590
80 489
80 509
80 617
464 3371
464 3259
464 3321
432 2900
432 3074
432 3093
435 2999
435 3149
435 3150
427 2896
427 2742
427 2885
404 2858
404 2911
404 2717
467 3384
467 2942
467 3133
381 2715
381 2303
381 2575
434 2921
434 2671
434 3191
499 3161
499 3502
499 3501
387 2538
387 2599
387 3002
566 4003
566 3741
566 3861
422 3048
422 2588
422 2943
508 3580
508 3576
508 3624
524 3414
524 3728
524 3244
447 2959
447 2929
447 2911
463 2929
463 3095
463 3065
361 2490
361 2400
361 2513
449 3030
449 2895
449 3090
427 2987
427 2812
427 2875
437 2904
437 3239
437 3067
495 3247
495 3374
495 3311
349 2581
349 2307
349 2489
477 3471
477 3288
477 3188
472 3188
472 3404
472 3212
378 2493
378 2677
378 2555
376 2520
376 2368
376 2560
371 2668
371 2423
371 2520
464 3296
464 3150
464 3163
445 3207
445 3096
445 3000
396 2433
396 2710
396 2774
441 2947
441 3165
441 3066
392 2702
392 2756
392 2696
472 2955
472 3614
472 3029
412 2702
412 2714
412 2714
330 2246
330 2256
330 2400
473 3314
473 3136
473 3331
446 3050
446 3132
446 3061
529 3705
529 3531
529 3753
233 1451
233 1683
233 1775
430 2937
430 2938
430 2794
495 3414
495 3411
495 3112
441 2949
441 3091
441 2861
522 3602
522 3659
522 3587
262 1796
262 1630
262 1829
387 2509
387 2849
387 2618
516 3245
516 3525
516 3518
448 3138
448 3107
448 3213
466 3028
466 3110
466 3290
288 1942
288 1987
288 2154
412 2744
412 2932
412 2894
489 3437
489 3182
489 3450
419 2871
419 2916
419 2807
472 3300
472 2848
472 3253
249 1708
249 1696
249 1720
410 2762
410 2738
410 2812
162 1054
162 1028
162 1304
129 836
129 806
129 898
132 930
132 700
132 907
120 817
120 922
120 755
167 1071
167 1017
167 1113
121 902
121 859
121 876
148 916
148 1102
148 989
129 859
129 803
129 897
278 1883
278 1979
278 1777
571 3801
571 3716
571 3839
492 3361
492 3349
492 3322
630 4132
630 4372
630 4225
322 2242
322 2095
322 2200
518 3488
518 3745
518 3432
88 661
88 556
88 616
474 3401
474 3178
474 2969
400 2885
400 2860
400 2666
479 3361
479 3181
479 3217
311 2232
311 2111
311 2182
440 2904
440 3047
440 2865
198 1342
198 1258
198 1424
190 1277
190 1223
190 1331
222 1543
222 1374
222 1590
205 1275
205 1252
205 1361
495 3547
495 3516
495 3276
411 2796
411 3016
411 2692
431 2993
431 2913
431 2855
386 2424
386 2678
386 2768
475 3371
475 3338
475 3065
417 3015
417 3123
417 2627
377 2592
377 2764
377 2565
508 3290
508 3467
508 3478
499 3486
499 3462
499 3409
441 3183
441 2666
441 2963
492 3501
492 3724
492 3452
428 3003
428 2900
428 2854
382 2482
382 2456
382 2640
388 2752
388 2737
388 2877
307 2131
307 2004
307 2174
369 2640
369 2640
369 2285
419 2877
419 2916
419 3049
314 2095
314 1910
314 2250
414 2842
414 2872
414 3013
202 1294
202 1405
202 1290
344 2224
344 2382
344 2072
513 3430
513 3313
513 3625
417 2687
417 2747
417 2888
502 3419
502 3541
502 3799
322 2020
322 2300
322 2180
435 2813
435 3234
435 2834
530 3509
530 3467
530 3502
450 2863
450 2973
450 3006
481 3126
481 3327
481 3175
335 2203
335 2279
335 2282
447 2951
447 3411
447 2994
493 3177
493 3661
493 3255
473 3109
473 3102
473 3182
475 3241
475 3269
475 3269
311 2030
311 2163
311 2120
487 3377
487 3429
487 3342
472 3264
472 2931
472 3054
409 3038
409 2668
409 2896
422 2872
422 2948
422 2819
232 1502
232 1505
232 1411
363 2484
363 2550
363 2349
464 3017
464 3243
464 3254
352 2644
352 2201
352 2339
363 2475
363 2714
363 2335
379 2477
379 2818
379 2518
269 1784
269 1869
269 1980
514 3199
514 3551
514 3641
449 3177
449 3028
449 3177
502 3529
502 3363
502 3324
415 2732
415 2783
415 2905
529 3371
529 3325
529 3825
455 3184
455 2882
455 2846
501 3243
501 3124
501 3548
446 3078
446 3023
446 3145
525 3447
525 3785
525 3455
411 2710
411 3047
411 2822
518 3516
518 3682
518 3628
355 2433
355 2515
355 2498
428 3280
428 2811
428 2873
493 3544
493 3517
493 3214
434 2980
434 3042
434 2995
524 3793
524 3752
524 3464
317 2205
317 2319
317 2096
463 3125
463 3124
463 3172
579 4091
579 4094
579 4123
480 3422
480 3296
480 3344
564 3759
564 3816
564 3768
523 3535
523 3641
523 3584
418 3059
418 2585
418 2954
437 2932
437 2872
437 2916
396 2901
396 2470
396 2723
514 3489
514 3595
514 3714
460 3301
460 3260
460 3009
497 3337
497 3347
497 3402
436 2851
436 2796
436 3010
480 3305
480 3240
480 3121
257 1727
257 1731
257 1691
438 2987
438 2781
438 3038
532 3526
532 3877
532 3819
360 2472
360 2633
360 2363
548 3859
548 3481
548 3708
251 1717
251 1616
251 1779
389 2723
389 2718
389 2642
68 524
68 428
68 481
553 3722
553 3657
553 3784
421 2884
421 2874
421 3151
535 3698
535 3623
535 3647
292 1925
292 2022
292 1907
412 2817
412 2888
412 2805
532 3460
532 3640
532 3617
427 3010
427 2958
427 2980
507 3391
507 3511
507 3654
293 1938
293 2052
293 2099
463 2836
463 3190
463 3029
175 1177
175 1126
175 998
168 1145
168 1044
168 1224
196 1372
196 1287
196 1408
178 1250
178 1297
178 1179
162 1191
162 1220
162 1038
520 3692
520 3485
520 3490
462 3082
462 3034
462 2950
521 3541
521 3468
521 3769
286 1999
286 2019
286 1966
444 3119
444 2844
444 2866
434 2787
434 2959
434 2873
400 2801
400 2581
400 2905
470 3145
470 3348
470 3260
462 3365
462 3130
462 3128
412 2769
412 2907
412 2888
485 3138
485 3294
485 3290
438 3207
438 3012
438 3063
487 3413
487 3093
487 3239
424 2926
424 2776
424 2832
420 2880
420 2692
420 3090
368 2603
368 2543
368 2373
415 3021
415 2844
415 3009
203 1364
203 1296
203 1414
344 2392
344 2263
344 2321
663 4675
663 4572
663 4472
536 3831
536 3824
536 3505
610 4107
610 4200
610 4039
450 2963
450 2864
450 3159
558 3917
558 3955
558 4000
82 485
82 436
82 606
149 1229
149 962
149 929
104 643
104 710
104 728
115 811
115 780
115 884
106 817
106 716
106 769
438 3170
438 3200
438 3400
308 2174
308 2099
308 2188
381 2726
381 2725
381 2566
264 1648
264 1824
264 1817
367 2628
367 2273
367 2614
510 3296
510 3478
510 3458
460 2932
460 3289
460 3006
534 3482
534 3545
534 3700
308 2122
308 2204
308 2063
437 2778
437 3004
437 3365
542 3675
542 3632
542 3594
449 3144
449 2897
449 3044
493 3325
493 3187
493 3532
345 2323
345 2445
345 2313
438 2882
438 3009
438 2844
226 1475
226 1551
226 1464
355 2354
355 2310
355 2290
542 3847
542 3671
542 3557
492 3401
492 3559
492 3562
538 3549
538 3512
538 3487
492 3442
492 3327
492 3418
599 4071
599 4221
599 4125
478 3086
478 3474
478 3275
540 3968
540 3578
540 3739
182 1208
182 1158
182 1219
466 3224
466 3134
466 3001
576 3888
576 4015
576 4060
459 3120
459 3268
459 3481
570 3914
570 3781
570 3961
194 1432
194 1321
194 1276
473 3124
473 3114
473 3027
192 1337
192 1353
192 1311
181 1338
181 1209
181 1145
162 1232
162 1111
162 1088
154 1149
154 1121
154 960
294 2059
294 2031
294 2075
232 1707
232 1497
232 1601
274 1759
274 1809
274 1969
233 1557
233 1625
233 1518
58 376
58 347
58 334
166 1188
166 1216
166 1157
158 1095
158 1128
158 1002
170 1148
170 1244
170 1048
152 859
152 967
152 1043
103 719
103 576
103 729
391 2488
391 2691
391 2548
299 1895
299 2120
299 2098
329 2154
329 2159
329 2270
302 2014
302 2051
302 2025
547 3741
547 3650
547 3750
473 3280
473 3303
473 3069
560 3876
560 3751
560 3783
483 3332
483 3446
483 3229
159 1230
159 998
159 947
145 1069
145 956
145 1010
174 1318
174 1323
174 1177
152 1001
152 1144
152 1075
606 3953
606 3918
606 4120
558 4050
558 3994
558 3734
577 3750
577 4076
577 4195
540 3611
540 3858
540 3559
233 1607
233 1741
233 1605
222 1558
222 1477
222 1590
265 1884
265 1823
265 1856
211 1319
211 1474
211 1420
626 4161
626 3974
626 4027
520 3290
520 3769
520 3790
596 4056
596 3943
596 3990
539 4041
539 3445
539 3720
250 1730
250 1460
250 1728
206 1319
206 1396
206 1499
235 1629
235 1635
235 1638
204 1417
204 1296
204 1404
615 4174
615 4286
615 4369
578 3758
578 3885
578 3890
619 3953
619 4218
619 4262
576 3869
576 4027
576 3897
425 2711
425 2858
425 2789
361 2504
361 2507
361 2561
389 2504
389 2775
389 2746
341 2411
341 2393
341 2217
496 3538
496 3452
496 3478
457 3109
457 3302
457 3076
504 3563
504 3530
504 3359
426 2924
426 2968
426 2803
606 4230
606 4241
606 3918
556 3871
556 3721
556 3764
623 4308
623 4437
623 4308
565 3754
565 3919
565 4058
536 3535
536 3960
536 3486
494 3192
494 3230
494 3368
551 3499
551 3522
551 3914
434 2965
434 2830
434 3006
390 2665
390 2941
390 2560
351 2458
351 2379
351 2340
423 3385
423 3097
423 2903
345 2332
345 2385
345 2487
647 4321
647 4368
647 4425
567 3832
567 3592
567 3808
625 4267
625 4160
625 4451
565 3878
565 3799
565 3719
653 4317
653 4352
653 4503
573 3870
573 4107
573 4055
607 4412
607 4290
607 4168
591 4216
591 3874
591 4087
750 5364
750 5059
750 5059
677 4598
677 4714
677 4431
731 4642
731 5057
731 5090
615 4256
615 4201
615 4106
375 2655
375 2549
375 2597
707 4811
707 4762
707 4606
569 4011
569 4090
569 3793
739 4953
739 5167
739 5117
564 3536
564 3885
564 4000
734 5188
734 5392
734 5056
612 4300
612 4072
612 4138
750 5155
750 5267
750 5335
603 4166
603 3949
603 4250
607 4365
607 4172
607 4067
503 3336
503 3576
503 3422
624 4345
624 4266
624 4285
494 3391
494 3349
494 3592
657 4248
657 4608
657 4533
501 3460
501 3371
501 3460
605 3866
605 4231
605 4154
479 3389
479 3154
479 3135
638 4307
638 4353
638 4809
536 3629
536 3819
536 3514
611 4004
611 4209
611 4210
492 3476
492 3602
492 3515
613 4321
613 4250
613 4180
552 3708
552 3779
552 3739
579 3918
579 4278
579 3820
532 3561
532 3618
532 3548
177 1281
177 1153
177 1204
158 1075
158 1227
158 1175
142 1027
142 976
142 856
133 906
133 910
133 982
594 4318
594 3793
594 4232
541 3604
541 3800
541 3531
582 4042
582 3951
582 4070
500 3475
500 3425
500 3699
624 4096
624 4631
624 4464
502 3365
502 3170
502 3576
611 4019
611 4155
611 4403
521 3542
521 3737
521 3704
631 4354
631 4214
631 4444
517 3661
517 3582
517 3658
569 3848
569 3967
569 3899
531 3411
531 3417
531 3572
558 3811
558 3727
558 3839
453 3320
453 3097
453 2945
535 3610
535 3783
535 3616
459 3193
459 3231
459 3208
623 4415
623 4140
623 4499
545 3591
545 3546
545 3735
597 4389
597 3949
597 3958
518 3450
518 3607
518 3446
521 3463
521 3298
521 3284
484 3598
484 3305
484 3297
537 3728
537 3726
537 3779
466 3476
466 3125
466 3243
618 4334
618 3965
618 4356
513 3619
513 3481
513 3445
563 3943
563 3719
563 3649
524 3669
524 3468
524 3689
607 4099
607 3810
607 4252
543 3558
543 3847
543 3820
604 4015
604 4141
604 3943
541 3731
541 3541
541 3798
364 2369
364 2437
364 2426
283 2092
283 1782
283 1947
333 2043
333 2351
333 2098
279 1921
279 2020
279 1950
590 3794
590 4011
590 3698
545 3783
545 3719
545 3624
602 3852
602 4053
602 3981
533 3889
533 3576
533 3532
367 2560
367 2534
367 2711
306 2171
306 2182
306 2181
352 2379
352 2474
352 2331
290 1995
290 1952
290 2019
541 3541
541 3711
541 3872
421 2890
421 2906
421 2796
577 3839
577 4072
577 3835
421 2894
421 3042
421 2880
606 4215
606 4089
606 4252
452 2828
452 2901
452 3110
567 3868
567 4221
567 3953
484 3311
484 3369
484 3388
423 2742
423 2860
423 3067
344 2386
344 2371
344 2119
467 3288
467 3131
467 3370
349 2372
349 2378
349 2468
552 3929
552 3671
552 3517
497 3255
497 3363
497 3309
585 3959
585 4306
585 3804
515 3447
515 3662
515 3517
586 3944
586 4255
586 4096
505 3476
505 3462
505 3347
542 3679
542 3687
542 3705
509 3523
509 3622
509 3651
517 3415
517 3208
517 3480
528 3604
528 3456
528 3567
595 4007
595 4479
595 4324
519 3587
519 3580
519 3293
652 4711
652 4344
652 4567
567 3816
567 3859
567 3881
657 4662
657 4628
657 4535
613 4158
613 3998
613 4082
40 225
40 294
40 245
187 1244
187 1395
187 1191
162 1167
162 1009
162 1180
199 1620
199 1366
199 1300
181 1139
181 1242
181 1199
565 3940
565 4165
565 3981
515 3511
515 3216
515 3787
547 3525
547 3809
547 3901
513 3642
513 3506
513 3509
630 4202
630 4286
630 4095
493 3136
493 3377
493 3426
552 3468
552 3697
552 3651
546 3616
546 3553
546 3791
626 4446
626 4350
626 4575
511 3330
511 3345
511 3527
578 4065
578 3989
578 4127
527 3765
527 3611
527 3704
537 3488
537 3600
537 3859
451 3122
451 3340
451 3267
453 3186
453 3060
453 2959
423 2967
423 3025
423 2615
401 2692
401 2902
401 2604
329 2240
329 2456
329 2232
394 2805
394 2822
394 2638
349 2531
349 2430
349 2538
592 4045
592 4330
592 3896
551 3839
551 3829
551 4042
632 4431
632 4193
632 4359
494 3372
494 3340
494 3371
628 4333
628 4626
628 4246
509 3525
509 3482
509 3468
634 4372
634 4659
634 4255
554 3923
554 3626
554 3232
271 1887
271 2059
271 1791
578 3976
578 3784
578 3998
493 3784
493 3425
493 3262
604 4156
604 4377
604 4181
518 3536
518 3821
518 3559
603 4054
603 4061
603 3979
462 3089
462 3096
462 3184
606 4187
606 4209
606 3994
520 3620
520 3334
520 3640
553 3748
553 3646
553 3738
493 3297
493 3421
493 3204
623 4198
623 4142
623 4373
523 3243
523 3646
523 3156
600 4242
600 4199
600 4295
503 3211
503 3295
503 3527
577 4042
577 3667
577 3859
494 3270
494 3448
494 3355
454 3004
454 3126
454 3196
425 2831
425 2856
425 2977
456 3105
456 3197
456 3307
386 2602
386 2675
386 2769
454 3098
454 3041
454 3273
638 4264
638 4470
638 4199
527 3784
527 3569
527 3569
531 3349
531 3359
531 3404
487 3615
487 3385
487 3420
533 3612
533 3745
533 3450
539 3410
539 3927
539 3887
579 3957
579 3918
579 3951
510 3678
510 3620
510 3523
591 4093
591 4157
591 4065
505 3451
505 3351
505 3732
533 3691
533 3555
533 3766
534 3454
534 3920
534 3764
605 4085
605 4399
605 4349
487 3475
487 3351
487 3458
611 4191
611 3975
611 4041
464 3217
464 3159
464 3310
595 3819
595 4136
595 4370
482 3441
482 3562
482 3424
573 3760
573 3674
573 3923
482 3228
482 3456
482 3391
440 2949
440 2983
440 2937
484 3211
484 3338
484 3418
413 2690
413 2744
413 2733
488 3267
488 3279
488 3219
360 2479
360 2407
360 2588
622 4185
622 4324
622 4015
521 3519
521 3593
521 3663
554 3793
554 3982
554 3843
497 3284
497 3372
497 3449
609 4182
609 4060
609 4108
507 3647
507 3535
507 3476
609 4213
609 4382
609 4113
509 3563
509 3370
509 3360
528 3553
528 3671
528 3652
431 2834
431 3076
431 2792
518 3526
518 3781
518 3246
450 3110
450 3109
450 2998
705 4916
705 4919
705 4571
546 3756
546 3808
546 3657
667 4469
667 4375
667 4504
589 3834
589 4149
589 3854
855 5651
855 5929
855 6108
755 5105
755 5499
755 5428
800 5308
800 5564
800 5232
694 4814
694 4769
694 4960
258 1543
258 1757
258 1868
235 1718
235 1806
235 1690
198 1270
198 1451
198 1432
241 1588
241 1578
241 1637
182 1261
182 1233
182 1145
611 4141
611 4354
611 4459
480 3103
480 3319
480 3166
615 4477
615 4200
615 4634
508 3465
508 3559
508 3636
615 4052
615 4185
615 4151
499 3265
499 3375
499 3499
614 3831
614 4200
614 4077
520 3792
520 3603
520 3606
628 4286
628 4032
628 4283
486 3307
486 3081
486 3309
535 3346
535 3962
535 3678
482 3348
482 3058
482 3155
478 2963
478 2971
478 3104
354 2193
354 2289
354 2267
459 3117
459 3026
459 3352
471 3280
471 3316
471 3161
398 2790
398 2661
398 2764
406 2759
406 2661
406 2899
419 2920
419 2826
419 2830
426 2758
426 2786
426 2998
479 3348
479 3345
479 3032
410 2841
410 2787
410 2709
451 3055
451 3029
451 3039
409 2702
409 2852
409 2716
476 3267
476 3513
476 3224
422 2824
422 2779
422 3135
365 2585
365 2472
365 2574
470 3310
470 3258
470 3255
391 2730
391 2858
391 2778
442 2847
442 2839
442 3093
444 3013
444 3261
444 3022
365 2591
365 2465
365 2526
448 3138
448 2948
448 3438
414 2568
414 2980
414 2886
373 2626
373 2651
373 2709
479 3264
479 3507
479 3335
441 2752
441 2975
441 3058
459 3062
459 3282
459 3223
415 2793
415 2935
415 2689
472 3203
472 2930
472 3244
428 3050
428 3110
428 2891
379 2564
379 2753
379 2585
376 2344
376 2578
376 2720
368 2478
368 2650
368 2507
387 2679
387 2850
387 2735
398 2720
398 2741
398 2565
402 2736
402 2916
402 2727
164 1128
164 1129
164 1049
236 1626
236 1606
236 1604
134 983
134 947
134 927
145 950
145 1115
145 937
143 1031
143 996
143 1004
205 1399
205 1351
205 1458
198 1458
198 1415
198 1432
205 1285
205 1377
205 1243
190 1324
190 1222
190 1277
170 1169
170 1160
170 1174
496 3357
496 3524
496 3334
423 2707
423 2888
423 3148
430 2892
430 2923
430 2747
439 3117
439 3198
439 2949
380 2526
380 2645
380 2661
417 2767
417 2871
417 3014
398 2932
398 2706
398 2734
464 3134
464 3329
464 3190
483 3302
483 3309
483 3226
407 2804
407 2841
407 2922
445 2969
445 3011
445 3215
385 2443
385 2718
385 2582
462 2993
462 3247
462 3099
446 3162
446 2980
446 3287
376 2499
376 2495
376 2518
447 3018
447 3008
447 2959
382 2439
382 2549
382 2584
449 2921
449 3097
449 3114
440 2835
440 2980
440 2854
424 2810
424 3034
424 2814
497 3183
497 3384
497 3383
376 2554
376 2470
376 2553
445 3004
445 3042
445 2811
469 3328
469 3064
469 3135
354 2414
354 2430
354 2346
460 3026
460 3024
460 3155
430 2742
430 3001
430 2667
442 3266
442 2902
442 3001
506 3485
506 3284
506 3465
337 2232
337 2080
337 2247
354 2450
354 2419
354 2398
284 1807
284 2034
284 1994
332 2177
332 2090
332 2131
339 2409
339 2501
339 2398
283 2047
283 2133
283 2001
451 3095
451 3010
451 3027
399 2704
399 2763
399 2801
445 2877
445 3252
445 3074
454 2989
454 2996
454 3183
391 2911
391 2860
391 2533
451 2945
451 3194
451 3107
425 2945
425 2974
425 2931
473 3230
473 3181
473 3357
408 2786
408 2711
408 2851
372 2547
372 2269
372 2510
424 2891
424 2943
424 2855
399 2993
399 2511
399 2814
475 3201
475 3152
475 3422
469 3136
469 3155
469 3044
385 2612
385 2609
385 2784
128 956
128 963
128 852
520 3454
520 3381
520 3449
457 3347
457 3081
457 3041
361 2447
361 2440
361 2345
458 3154
458 3042
458 3046
466 3404
466 3116
466 3058
412 2763
412 2815
412 2729
171 1088
171 1134
171 1039
427 2991
427 2840
427 2944
361 2550
361 2559
361 2320
394 2568
394 2570
394 2640
423 2865
423 2968
423 2717
362 2416
362 2352
362 2577
426 2890
426 2805
426 2889
376 2539
376 2550
376 2540
407 2781
407 2578
407 2678
409 2753
409 2681
409 2910
345 2310
345 2268
345 2339
420 2851
420 2931
420 2740
376 2716
376 2452
376 2341
428 2958
428 2897
428 2825
410 2768
410 2332
410 2773
371 2734
371 2579
371 2691
474 3396
474 3256
474 3315
430 2762
430 2975
430 3029
497 3415
497 3461
497 3266
511 3411
511 3565
511 3478
435 3082
435 3217
435 2996
497 3357
497 3504
497 3346
447 2936
447 2872
447 2919
463 3170
463 3154
463 3093
513 3525
513 3589
513 3367
412 2863
412 3080
412 2688
506 3413
506 3585
506 3313
430 2830
430 2931
430 2956
502 3228
502 3311
502 3402
439 2892
439 3093
439 3092
438 3041
438 3020
438 3087
240 1712
240 1654
240 1619
189 1249
189 1253
189 1197
231 1458
231 1408
231 1530
210 1455
210 1605
210 1339
175 1242
175 1203
175 1232
512 3246
512 3541
512 3377
436 3029
436 3106
436 2948
483 3394
483 3224
483 3296
498 3331
498 3244
498 3236
447 3031
447 3195
447 2895
516 3566
516 3497
516 3450
428 2871
428 2723
428 2986
486 3490
486 3243
486 3349
484 3397
484 3319
484 3314
476 3356
476 3141
476 3435
472 3246
472 2924
472 3060
438 3060
438 2967
438 2985
461 3138
461 3308
461 3015
522 3351
522 3648
522 3673
466 3065
466 3190
466 3151
457 3238
457 3017
457 2995
377 2465
377 2551
377 2680
488 3147
488 3391
488 3187
485 3566
485 3314
485 3252
381 2767
381 2493
381 2523
481 3463
481 3391
481 3157
408 2930
408 2858
408 2857
470 3004
470 2994
470 3102
459 3153
459 3247
459 3102
408 2605
408 2588
408 2782
523 3505
523 3546
523 3538
408 2703
408 2908
408 2961
545 3623
545 3687
545 3831
499 3500
499 3160
499 3633
437 2817
437 2763
437 2814
251 1549
251 1635
251 1718
215 1436
215 1409
215 1456
253 1550
253 1725
253 1760
260 1743
260 1466
260 1920
208 1454
208 1576
208 1369
410 2856
410 2441
410 2889
330 2006
330 2392
330 2179
364 2277
364 2436
364 2471
398 2764
398 2608
398 2754
345 2387
345 2169
345 2145
380 2705
380 2411
380 2545
364 2519
364 2239
364 2419
406 2927
406 2979
406 2860
379 2564
379 2533
379 2327
316 2058
316 2336
316 2169
384 2616
384 2633
384 2456
334 2198
334 2340
334 2092
395 2892
395 2697
395 2797
405 2616
405 2749
405 2624
351 2590
351 2443
351 2411
405 2775
405 2769
405 2847
338 2472
338 2184
338 2406
387 2656
387 2600
387 2648
419 3002
419 3074
419 2784
365 2367
365 2532
365 2237
398 2780
398 2719
398 2637
341 2163
341 2257
341 2436
436 2782
436 2899
436 3015
383 2679
383 2868
383 2487
369 2433
369 2544
369 2584
424 2902
424 2854
424 2722
349 2615
349 2359
349 2242
420 2738
420 2810
420 3110
399 2718
399 2818
399 2799
333 2251
333 2169
333 2308
290 1869
290 2082
290 1822
329 2253
329 2208
329 2221
265 1710
265 1783
265 1762
360 2404
360 2492
360 2476
354 2294
354 2298
354 2360
287 1981
287 1931
287 2093
383 2747
383 2547
383 2643
336 2254
336 2241
336 2393
382 2544
382 2619
382 2422
441 3039
441 2963
441 2969
370 2590
370 2494
370 2376
427 2906
427 2966
427 3020
334 2361
334 2266
334 2382
414 2895
414 2491
414 2926
398 2484
398 2536
398 2749
349 2535
349 2203
349 2432
395 2795
395 2979
395 2751
338 2501
338 2376
338 2149
419 2844
419 2985
419 2998
423 2807
423 2789
423 3064
335 2242
335 2322
335 2299
433 2848
433 2984
433 3012
338 2208
338 2258
338 2390
428 2855
428 2852
428 2990
372 2361
372 2427
372 2619
355 2201
355 2290
355 2465
400 2602
400 3056
400 2852
337 2202
337 2355
337 2265
400 2909
400 2925
400 2466
413 2970
413 2761
413 2655
376 2383
376 2606
376 2582
447 3000
447 3037
447 3038
347 2424
347 2286
347 2211
414 3004
414 2886
414 2731
384 2536
384 2562
384 2521
358 2385
358 2358
358 2367
397 2653
397 2849
397 2757
374 2620
374 2520
374 2506
428 3064
428 2843
428 2751
415 2759
415 2552
415 2920
341 2368
341 2317
341 2162
343 2084
343 2337
343 2053
326 2059
326 2316
326 2379
462 3183
462 3134
462 3275
404 2966
404 2993
404 2828
475 2991
475 3254
475 3199
486 3250
486 3216
486 3406
411 2868
411 2808
411 2660
473 3191
473 3243
473 3381
348 2195
348 2415
348 2482
493 3418
493 3127
493 3372
469 3170
469 3228
469 3123
415 2881
415 2784
415 2645
464 3160
464 3504
464 3102
394 2758
394 2790
394 2697
449 3195
449 2931
449 2929
468 3155
468 3198
468 3250
424 2940
424 2932
424 2889
464 3273
464 3099
464 3462
421 2922
421 2986
421 2789
455 3066
455 2962
455 3104
488 3209
488 3686
488 3319
368 2325
368 2486
368 2684
144 979
144 985
144 863
142 975
142 912
142 1060
177 1265
177 1142
177 1234
171 1058
171 1156
171 1213
145 847
145 881
145 1032
465 3187
465 3485
465 3168
379 2508
379 2815
379 2705
459 3358
459 3094
459 3358
458 3113
458 3125
458 3173
388 2624
388 2429
388 2558
421 3104
421 2796
421 2812
129 844
129 901
129 945
455 2930
455 3269
455 2982
422 2959
422 3039
422 2851
480 3318
480 3286
480 3089
467 3274
467 3110
467 3158
389 2698
389 2636
389 2648
430 2973
430 2768
430 3251
388 2500
388 2965
388 2576
497 3529
497 3408
497 3451
457 3262
457 3145
457 3299
420 2880
420 2709
420 3075
327 2299
327 2125
327 2422
269 1901
269 1875
269 1788
337 2184
337 2462
337 2299
330 2223
330 2329
330 2260
275 1911
275 1846
275 1858
483 3345
483 3347
483 3316
378 2696
378 2611
378 2667
471 3229
471 3346
471 3152
498 3532
498 3378
498 3183
396 2916
396 2780
396 3058
455 3178
455 2940
455 3254
408 2859
408 2951
408 2786
465 3193
465 3148
465 3262
475 3177
475 3249
475 2998
394 2506
394 2846
394 2836
215 1438
215 1492
215 1444
174 1180
174 1116
174 1122
197 1410
197 1195
197 1279
203 1382
203 1376
203 1344
163 1232
163 1056
163 999
301 2022
301 2102
301 2178
500 3565
500 3626
500 3780
387 2594
387 2367
387 2564
521 3520
521 3398
521 3515
462 2857
462 3372
462 3278
426 2839
426 2792
426 2852
376 2730
376 2531
376 2608
355 2546
355 2367
355 2452
355 2273
355 2463
355 2455
381 2460
381 2563
381 2651
303 2061
303 2077
303 2022
215 1653
215 1430
215 1315
163 1255
163 1149
163 1268
225 1533
225 1436
225 1437
225 1373
225 1695
225 1482
191 1436
191 1044
191 1252
321 2328
321 2478
321 2039
277 1852
277 1811
277 1699
291 1844
291 1780
291 2050
311 2102
311 2036
311 2178
267 1748
267 1644
267 1618
470 3219
470 3373
470 3207
394 2718
394 2748
394 2841
456 3343
456 3164
456 3097
470 3331
470 3295
470 3126
394 2497
394 2471
394 2808
464 3227
464 2927
464 3109
353 2659
353 2353
353 2349
450 2878
450 3197
450 3008
445 2878
445 2928
445 3023
408 2799
408 2829
408 2728
467 3214
467 3228
467 3457
379 2663
379 2539
379 2702
443 3046
443 3115
443 2951
452 3444
452 2960
452 3225
382 2591
382 2642
382 2804
441 3121
441 3297
441 2908
383 2811
383 2675
383 2470
455 2909
455 3294
455 3108
473 3159
473 3064
473 3365
378 2524
378 2619
378 2676
415 2918
415 2882
415 2828
365 2779
365 2656
365 2347
471 3279
471 3095
471 3324
443 3001
443 2955
443 2794
447 2977
447 2817
447 3167
421 2784
421 2773
421 2799
595 4018
595 4078
595 4116
508 3647
508 3630
508 3504
412 3041
412 2691
412 2665
462 3018
462 3213
462 3168
467 3416
467 3376
467 3337
366 2328
366 2410
366 2398
434 3164
434 2943
434 2902
359 2633
359 2332
359 2526
482 3337
482 3127
482 3272
483 3045
483 3499
483 3344
388 2739
388 2509
388 2818
462 2941
462 3123
462 3091
406 2774
406 2952
406 2631
480 3379
480 3377
480 3497
475 3368
475 3070
475 3357
377 2709
377 2601
377 2500
469 3077
469 3227
469 3125
428 3095
428 3035
428 3221
471 3278
471 3481
471 3170
450 3122
450 3135
450 3237
405 2930
405 2752
405 2775
463 3159
463 3412
463 2990
396 2628
396 2720
396 2805
510 3441
510 3405
510 3505
484 3222
484 3409
484 3376
409 3016
409 2626
409 2879
493 3230
493 3228
493 3100
404 2899
404 2788
404 2891
482 3173
482 3470
482 3392
478 3357
478 3250
478 3293
459 3288
459 3219
459 3201
166 1369
166 1175
166 1257
501 3445
501 3426
501 3454
432 2680
432 2788
432 2996
497 3457
497 3472
497 3095
490 3137
490 3511
490 3319
445 3298
445 3008
445 2718
500 3432
500 3575
500 3562
415 3083
415 2735
415 2813
522 3786
522 3925
522 3366
494 3816
494 3115
494 3230
449 2979
449 3028
449 3007
572 4154
572 3661
572 3800
452 2982
452 3120
452 3062
487 3105
487 3543
487 3274
495 3307
495 3618
495 3607
448 3115
448 3144
448 2938
448 2938
448 3143
448 3153
345 2312
345 2185
345 2060
440 3180
440 3072
440 3030
403 2778
403 2688
403 2785
375 2433
375 2574
375 2634
476 3322
476 3185
476 3152
354 2595
354 2500
354 2262
475 3473
475 3138
475 3036
422 2719
422 2758
422 2966
382 2504
382 2595
382 2480
336 2249
336 2330
336 2300
295 2086
295 2155
295 2026
366 2551
366 2501
366 2667
369 2532
369 2605
369 2573
282 2065
282 1829
282 1703
479 3124
479 3123
479 3348
428 3227
428 2690
428 2850
474 3016
474 3581
474 3418
513 3620
513 3415
513 3573
385 2696
385 2422
385 2575
466 3320
466 3321
466 3104
436 2917
436 2863
436 2993
460 2890
460 3254
460 3062
526 3639
526 3653
526 3507
434 2966
434 2922
434 3050
486 3391
486 3384
486 3371
434 2934
434 2901
434 3166
486 3282
486 3427
486 3237
506 3248
506 3246
506 3592
398 2781
398 2736
398 2723
499 3514
499 3344
499 3351
429 3088
429 3053
429 2802
471 3055
471 3228
471 3383
467 3216
467 3210
467 3135
437 3045
437 2933
437 2960
473 3274
473 3266
473 3101
467 2957
467 3129
467 3078
448 3046
448 3158
448 2798
519 3572
519 3453
519 3326
504 3269
504 3506
504 3494
421 2884
421 2562
421 2893
478 3099
478 3163
478 3355
440 3188
440 2852
440 3072
524 3534
524 3376
524 3513
483 3250
483 3030
483 3203
448 3138
448 3426
448 3088
515 3361
515 3305
515 3464
469 3314
469 3258
469 3170
523 3867
523 3609
523 3402
486 3152
486 3367
486 3228
407 2625
407 2720
407 2569
522 3549
522 3549
522 3357
445 2884
445 3187
445 3062
525 3526
525 3583
525 3389
506 3526
506 3380
506 3539
451 3272
451 2994
451 3196
575 3727
575 3757
575 3875
459 3243
459 3028
459 3190
546 3496
546 3650
546 3631
505 3445
505 3670
505 3326
463 3170
463 2753
463 3235
285 2143
285 1928
285 2100
270 1767
270 1913
270 1852
277 1866
277 1919
277 1872
277 1605
277 1845
277 1814
236 1499
236 1667
236 1596
588 4080
588 4185
588 4106
529 3753
529 3595
529 3476
558 3942
558 3882
558 3980
613 4107
613 4093
613 4010
484 3206
484 3116
484 3334
618 4035
618 4217
618 4097
545 3621
545 3718
545 3875
603 4146
603 3924
603 4248
591 4189
591 4037
591 4089
499 3362
499 3325
499 3291
626 4376
626 4192
626 4342
524 3497
524 3521
524 3662
640 4604
640 4180
640 4493
604 4211
604 4118
604 4144
554 3790
554 3854
554 3874
630 4280
630 4245
630 4402
562 3994
562 3733
562 3633
651 4268
651 4534
651 4352
640 4427
640 4548
640 4372
553 3686
553 3690
553 3839
666 4590
666 4155
666 4756
616 4303
616 3980
616 4250
630 3895
630 4631
630 4485
669 4689
669 4432
669 4597
588 4455
588 3731
588 4419
685 4753
685 4746
685 4649
603 3785
603 3983
603 4133
681 4350
681 4854
681 4867
685 4643
685 4440
685 4758
650 4539
650 4037
650 4589
197 1284
197 1424
197 1351
161 1099
161 1105
161 1056
195 1284
195 1344
195 1380
189 1294
189 1383
189 1310
152 1081
152 1129
152 903
491 3369
491 3412
491 3500
420 2673
420 2774
420 2860
467 3292
467 3107
467 3402
482 3350
482 3248
482 3218
383 2455
383 3038
383 2932
499 3298
499 3498
499 3515
386 2555
386 2646
386 2491
517 3452
517 3484
517 3387
484 3300
484 3669
484 3226
382 2547
382 2449
382 2541
445 3047
445 3050
445 3397
424 2975
424 2753
424 2747
476 3310
476 2970
476 2959
514 3622
514 3600
514 3711
402 2883
402 2782
402 2754
369 2496
369 2563
369 2361
304 1848
304 2268
304 2134
350 2293
350 2495
350 2423
350 2369
350 2448
350 2334
311 1980
311 2065
311 1974
377 2408
377 2607
377 2462
325 2304
325 2257
325 2149
368 2597
368 2531
368 2444
375 2639
375 2607
375 2512
312 2237
312 2354
312 2214
497 3304
497 3247
497 3569
427 2958
427 3024
427 2879
479 2959
479 3338
479 3090
491 3239
491 3139
491 3059
416 2694
416 2889
416 2828
467 3143
467 3087
467 3068
389 2589
389 2649
389 2864
504 3318
504 3097
504 3431
494 3566
494 3342
494 3327
440 2897
440 3205
440 2851
492 3269
492 3285
492 3345
411 2689
411 2776
411 2807
482 3062
482 3208
482 3260
473 3141
473 3161
473 3222
455 3026
455 3177
455 3171
483 3422
483 3090
483 3199
453 3107
453 3243
453 3145
492 3500
492 3111
492 3109
503 3417
503 3569
503 3393
399 3061
399 2588
399 2685
519 3690
519 3455
519 3666
457 3179
457 3136
457 3000
603 4181
603 3907
603 4354
530 3755
530 3392
530 3538
474 3366
474 3078
474 3255
509 3504
509 3475
509 3537
412 2757
412 2926
412 2907
483 3315
483 3387
483 3356
535 3770
535 3733
535 3553
375 2667
375 2583
375 2477
498 3319
498 3479
498 3645
412 2804
412 2883
412 2908
492 3577
492 3314
492 3170
489 3497
489 3419
489 3475
417 2898
417 2926
417 2619
502 3356
502 3672
502 3422
427 2937
427 2738
427 2983
478 3541
478 3176
478 3148
494 3302
494 3588
494 3356
432 2833
432 2956
432 3004
248 1697
248 1722
248 1659
191 1456
191 1173
191 1298
235 1495
235 1658
235 1558
255 1869
255 1677
255 1780
217 1423
217 1493
217 1447
490 3257
490 3480
490 3280
429 2834
429 2982
429 2788
478 3431
478 3292
478 3143
494 3415
494 3274
494 3427
447 2921
447 3134
447 2947
548 3611
548 3836
548 3990
410 2643
410 3024
410 2974
491 3219
491 3272
491 3289
469 3054
469 3281
469 3158
393 2506
393 2719
393 2673
225 1832
225 1525
225 1515
217 1439
217 1497
217 1461
221 1453
221 1436
221 1583
242 1658
242 1708
242 1648
200 1466
200 1409
200 1305
524 3726
524 3706
524 3467
469 3063
469 3253
469 3292
540 3808
540 3714
540 3766
494 3501
494 3254
494 3342
470 3042
470 3126
470 3258
585 3723
585 3977
585 4094
448 2913
448 3150
448 3010
515 3687
515 3517
515 3450
521 3859
521 3666
521 3650
450 2841
450 3205
450 3074
528 3323
528 3817
528 3397
478 3317
478 3394
478 3330
504 3151
504 3356
504 3528
526 3590
526 3787
526 3383
492 3245
492 3399
492 3614
517 3392
517 3209
517 3548
478 3360
478 3512
478 3082
522 3712
522 3337
522 3871
541 3371
541 3621
541 3714
460 3241
460 3156
460 3164
527 3412
527 3519
527 3572
427 2812
427 2712
427 2859
499 3472
499 3541
499 3434
547 3470
547 3860
547 3767
467 3116
467 3051
467 3143
514 3440
514 3602
514 3728
481 3289
481 3444
481 3119
517 3389
517 3635
517 3429
508 3315
508 3562
508 3454
473 3012
473 3267
473 3341
578 3900
578 4082
578 3975
420 2933
420 2651
420 2795
536 3731
536 3650
536 3408
516 3448
516 3488
516 3602
455 3056
455 2926
455 3071
80 540
80 613
80 613
526 3290
526 3509
526 3542
451 3180
451 3066
451 3121
560 3619
560 3748
560 3791
535 3792
535 3637
535 3307
470 3150
470 3150
470 2989
261 1827
261 1847
261 1841
232 1608
232 1563
232 1622
247 1590
247 1719
247 1523
255 1818
255 1776
255 1787
225 1661
225 1538
225 1674
419 2622
419 2782
419 2611
333 2212
333 2099
333 1993
435 2991
435 3130
435 2923
468 3221
468 3076
468 3330
304 2017
304 1959
304 2092
455 3093
455 3174
455 2847
352 2362
352 2278
352 2398
441 3030
441 2980
441 3370
415 2904
415 2901
415 2717
367 2593
367 2614
367 2630
418 2918
418 2743
418 2731
355 2413
355 2403
355 2425
446 2754
446 3050
446 2982
471 3111
471 3361
471 3152
363 2308
363 2500
363 2627
341 2362
341 2184
341 2301
289 2165
289 1972
289 1938
375 2492
375 2480
375 2540
333 2105
333 2294
333 2176
292 1766
292 1900
292 1778
467 3410
467 3172
467 3313
355 2316
355 2462
355 2473
451 3336
451 2982
451 3271
442 3071
442 2923
442 3054
401 2960
401 2734
401 2733
477 3122
477 3135
477 3173
365 2403
365 2536
365 2496
451 2998
451 3059
451 3178
465 3356
465 3121
465 3371
412 3023
412 2872
412 2708
470 2997
470 3014
470 3319
429 2984
429 2716
429 2979
454 2736
454 3317
454 3068
466 3106
466 3346
466 3169
408 2833
408 2825
408 2853
473 3224
473 3335
473 3429
420 2989
420 2997
420 2876
476 3176
476 3244
476 3403
482 3300
482 3270
482 3322
390 2417
390 2672
390 2846
494 3547
494 3207
494 3411
422 2590
422 2851
422 2986
488 3391
488 3352
488 3759
467 3202
467 3351
467 3372
436 2818
436 3168
436 3041
485 3370
485 3617
485 3228
426 3029
426 2947
426 2934
509 3690
509 3539
509 3325
463 3239
463 3098
463 3325
411 2858
411 2734
411 2877
217 1476
217 1503
217 1437
204 1449
204 1290
204 1448
237 1619
237 1493
237 1388
281 2032
281 1851
281 1830
198 1431
198 1309
198 1479
491 3273
491 2980
491 3290
406 2765
406 2919
406 2907
504 3687
504 3411
504 3653
490 3358
490 3223
490 3397
418 2879
418 2915
418 2930
490 3434
490 3235
490 3128
425 2875
425 2925
425 2812
519 3659
519 3275
519 3335
456 3125
456 3263
456 3156
414 2974
414 2712
414 2756
471 3427
471 3143
471 3179
388 2676
388 2840
388 2462
506 3303
506 3358
506 3703
502 3123
502 3485
502 3410
436 2896
436 3042
436 2975
142 1112
142 944
142 993
503 3545
503 3441
503 3588
456 3162
456 2932
456 3067
486 3112
486 3368
486 3217
495 3384
495 3509
495 3442
407 2959
407 2797
407 2921
476 3270
476 3182
476 3099
431 2908
431 2886
431 3128
496 3435
496 3372
496 3514
504 3493
504 3280
504 3465
470 3359
470 3219
470 3129
500 3301
500 3288
500 3439
457 3236
457 3351
457 3070
490 3322
490 3454
490 3355
481 3017
481 3345
481 3265
437 3172
437 2761
437 2969
332 2394
332 2257
332 2213
509 3496
509 3593
509 3452
428 3038
428 3026
428 2945
499 3443
499 3312
499 3424
530 3628
530 3628
530 3835
404 2623
404 2581
404 2761
488 3460
488 3452
488 3294
420 2973
420 2955
420 2662
479 3122
479 3376
479 3389
532 3875
532 3507
532 3720
457 3032
457 3279
457 3189
155 1111
155 1131
155 934
171 1113
171 1188
171 1014
185 1226
185 1396
185 1102
205 1407
205 1385
205 1358
170 1219
170 1194
170 1146
435 2952
435 3045
435 3108
419 2792
419 2875
419 2953
452 3215
452 3192
452 3404
490 3413
490 3633
490 3258
432 2955
432 3018
432 2988
656 4602
656 4572
656 4760
569 3928
569 4087
569 3905
613 4321
613 4104
613 4246
682 4885
682 4799
682 4579
572 3889
572 4052
572 3813
668 4642
668 4610
668 4358
576 3787
576 4170
576 4122
685 4674
685 4640
685 4571
690 4369
690 4738
690 4655
588 3826
588 3974
588 3843
507 3293
507 3508
507 3522
449 2871
449 2814
449 3270
496 3337
496 3244
496 3447
507 3803
507 3825
507 3408
444 2826
444 2988
444 3061
334 2084
334 2443
334 2354
333 2356
333 2123
333 2319
386 2504
386 2654
386 2622
368 2372
368 2495
368 2696
340 2360
340 2212
340 2452
663 4362
663 4585
663 4535
611 4224
611 4254
611 4323
644 4180
644 4413
644 4178
712 4896
712 4712
712 4681
550 3794
550 3602
550 3734
669 4685
669 4770
669 4694
583 3847
583 3900
583 4018
688 4579
688 4361
688 5029
633 4284
633 4432
633 4374
623 4218
623 4282
623 4315
358 2537
358 2538
358 2530
653 4470
653 4435
653 4762
569 3761
569 3879
569 3868
700 4765
700 4797
700 4622
686 4927
686 4742
686 4214
606 4008
606 4339
606 4210
608 4248
608 4034
608 4358
529 3648
529 3397
529 3573
630 4551
630 4069
630 4216
622 4034
622 4108
622 4050
559 3792
559 4069
559 3971
344 2474
344 2184
344 2302
291 1770
291 1971
291 2125
306 2117
306 1994
306 2062
325 2155
325 2305
325 2223
309 2181
309 2084
309 2085
668 4603
668 4347
668 4669
578 3957
578 3883
578 4012
691 4583
691 5027
691 4889
679 4853
679 4558
679 4375
585 4275
585 3979
585 4002
646 4164
646 4561
646 4463
606 4406
606 4254
606 4539
670 4572
670 4636
670 4810
683 4464
683 4351
683 4529
577 3985
577 4134
577 4298
292 2075
292 1902
292 2052
251 1577
251 1706
251 1834
308 2176
308 2133
308 2067
308 2156
308 2164
308 1996
256 1576
256 1800
256 1768
429 2883
429 3021
429 2920
412 2790
412 2799
412 2897
455 2997
455 3175
455 3315
468 3237
468 3198
468 3353
407 2594
407 2887
407 2855
464 3061
464 3301
464 3262
401 2808
401 2817
401 2694
465 2909
465 3085
465 3106
508 3478
508 3772
508 3536
413 2732
413 2913
413 2868
135 1071
135 885
135 966
489 3179
489 3527
489 3406
431 2924
431 2992
431 3014
511 3411
511 3529
511 3390
540 3717
540 3633
540 3968
429 2946
429 2843
429 3016
404 2982
404 2745
404 2641
359 2330
359 2469
359 2174
406 2783
406 2932
406 2566
420 2804
420 2850
420 2934
353 2476
353 2341
353 2504
486 3334
486 3477
486 3366
465 3051
465 3184
465 3485
500 3558
500 3528
500 3447
484 3340
484 3359
484 3216
458 3208
458 3156
458 3168
414 2794
414 2798
414 2879
356 2322
356 2438
356 2335
399 3011
399 2829
399 2834
446 2988
446 3011
446 3062
319 2076
319 2215
319 2239
100 642
100 611
100 607
526 3471
526 3427
526 3397
446 2991
446 3175
446 3165
492 3422
492 3331
492 3344
509 3781
509 3349
509 3278
437 2798
437 2853
437 3086
499 3291
499 3611
499 3473
445 3013
445 3021
445 2902
489 3233
489 3277
489 3174
477 3237
477 3033
477 3411
444 3114
444 3292
444 2970
506 3325
506 3268
506 3395
426 2881
426 2697
426 2637
486 3418
486 3442
486 3143
498 3442
498 3307
498 3511
453 3110
453 3060
453 2985
283 2091
283 1884
283 1789
259 1733
259 1664
259 1779
318 2291
318 2032
318 1977
309 2218
309 2173
309 2157
288 1892
288 2085
288 1856
702 4886
702 4458
702 4797
585 3862
585 4306
585 4256
705 4696
705 4746
705 4815
686 4800
686 4740
686 4479
589 3911
589 4057
589 4040
681 4435
681 4865
681 4761
608 4139
608 4232
608 4309
705 4664
705 4802
705 4998
691 4776
691 4848
691 4409
597 3947
597 3936
597 3635
569 3857
569 4098
569 4047
510 3493
510 3396
510 3378
583 4104
583 4097
583 3713
555 3736
555 3849
555 3848
498 3269
498 3283
498 3562
701 4701
701 4686
701 4824
634 4146
634 4397
634 4250
753 4843
753 5276
753 5315
713 4783
713 4828
713 4761
699 4977
699 4487
699 4922
678 4755
678 4229
678 4572
543 3675
543 3645
543 3740
662 4514
662 4353
662 4392
696 4898
696 4682
696 5011
618 4415
618 4589
618 4404
536 3960
536 3721
536 3757
433 2965
433 3066
433 3118
491 3411
491 3217
491 3394
536 4044
536 3675
536 3692
423 2649
423 3019
423 2841
279 1850
279 1884
279 1952
193 1479
193 1327
193 1407
247 1634
247 1640
247 1798
240 1523
240 1498
240 1647
190 1402
190 1219
190 1222
503 3301
503 3400
503 3535
444 3266
444 2882
444 3004
532 3636
532 3686
532 3543
509 3318
509 3576
509 3448
434 2950
434 2881
434 2917
535 3576
535 3652
535 3711
444 3057
444 3150
444 2940
528 3678
528 3672
528 3520
532 3688
532 3646
532 3724
416 2911
416 2791
416 2646
509 3678
509 3551
509 3787
444 3159
444 3108
444 2702
528 3602
528 3754
528 3697
495 3438
495 3209
495 3256
452 2928
452 2960
452 3196
499 3390
499 3287
499 3530
435 2984
435 2979
435 2909
501 3304
501 3240
501 3312
550 3783
550 3948
550 3488
451 3154
451 2978
451 2815
507 3407
507 3407
507 3435
394 2741
394 2951
394 2651
520 3478
520 3466
520 3776
484 3622
484 3320
484 3083
509 3425
509 3365
509 3640
474 3323
474 3172
474 3235
538 3349
538 3772
538 3797
557 3689
557 3718
557 3904
477 3345
477 3397
477 3148
573 4151
573 3959
573 4039
528 3731
528 3844
528 3646
562 3842
562 3822
562 3684
548 3647
548 3712
548 4239
526 3554
526 3757
526 3592
441 3098
441 3075
441 3081
520 3494
520 3432
520 3692
480 3390
480 3191
480 3339
570 4117
570 4158
570 3937
462 3423
462 3256
462 3416
548 3586
548 4000
548 3756
522 3591
522 3467
522 3529
493 3374
493 3280
493 3505
612 4222
612 4075
612 4135
528 3585
528 3543
528 3618
631 4623
631 4211
631 4108
563 4043
563 3894
563 3637
631 4230
631 4284
631 3998
544 3683
544 3522
544 3775
634 4193
634 4524
634 4478
538 3786
538 3468
538 3693
233 1663
233 1645
233 1664
137 848
137 882
137 827
130 805
130 860
130 811
862 5779
862 6052
862 5878
1068 7109
1068 7179
1068 7079
924 6527
924 6507
924 6510
149 1103
149 1015
149 1014
214 1499
214 1559
214 1587
169 1153
169 1207
169 1120
481 3047
481 3328
481 3381
642 4639
642 4513
642 4361
518 3572
518 3466
518 3495
951 6636
951 6384
951 6502
1174 7969
1174 8392
1174 8067
949 6521
949 6826
949 6404
607 3901
607 4452
607 4030
480 3226
480 3198
480 3161
611 3996
611 4032
611 4075
597 4274
597 4092
597 3929
522 3524
522 3505
522 3596
463 3187
463 3517
463 3146
438 3143
438 2748
438 3103
458 3330
458 3230
458 3004
499 3459
499 3286
499 3516
397 2668
397 2896
397 2697
524 3499
524 3689
524 3643
392 2654
392 2800
392 2752
465 3071
465 3401
465 3156
453 3160
453 2882
453 3106
421 2703
421 2715
421 2723
505 3417
505 3344
505 3479
396 2840
396 2779
396 2825
490 3391
490 3321
490 3302
485 3343
485 3042
485 3232
411 2837
411 2720
411 2650
302 2055
302 2005
302 1963
521 3927
521 3349
521 3871
404 2792
404 2730
404 2804
469 3187
469 3245
469 3420
476 3286
476 3073
476 3518
425 2775
425 2740
425 2952
519 3479
519 3463
519 3495
407 2655
407 2624
407 2862
473 3300
473 3206
473 3555
477 3182
477 3225
477 3230
434 3100
434 2963
434 3064
456 3059
456 2990
456 3497
448 3192
448 3224
448 3056
513 3424
513 3540
513 3536
496 3590
496 3146
496 3367
425 2865
425 2924
425 2864
466 3336
466 2988
466 3171
438 2852
438 3075
438 3037
504 3583
504 3519
504 3433
490 3355
490 3071
490 3414
432 2976
432 2938
432 2760
418 3018
418 2914
418 2791
421 2799
421 2883
421 2952
493 3592
493 3267
493 3290
515 3524
515 3759
515 3333
450 3113
450 3112
450 3235
58 355
58 420
58 374
653 4446
653 4546
653 4472
574 4004
574 3801
574 3941
665 4750
665 4487
665 4317
646 4738
646 4404
646 4798
562 3861
562 3644
562 4213
640 4613
640 4174
640 4501
559 3914
559 3845
559 3566
671 4572
671 4639
671 4288
682 4758
682 4657
682 4819
525 3429
525 3713
525 3645
743 5121
743 5126
743 4869
695 4697
695 4744
695 4861
823 5425
823 5494
823 5588
789 5295
789 5626
789 5238
717 4638
717 5067
717 4925
640 4224
640 4198
640 4163
538 3795
538 3610
538 3663
687 4692
687 4612
687 4996
645 4701
645 4573
645 4509
568 3576
568 3776
568 3760
640 4649
640 4363
640 4361
545 3753
545 3474
545 3626
627 4110
627 4342
627 4144
660 4452
660 4516
660 4662
500 3405
500 3553
500 3551
726 5159
726 5076
726 4961
585 4037
585 3942
585 4146
713 5034
713 4997
713 5217
669 4876
669 4361
669 4469
618 4175
618 4295
618 4272
150 940
150 1046
150 972
138 843
138 920
138 900
157 1023
157 1064
157 1167
130 782
130 918
130 871
125 942
125 792
125 785
317 2116
317 2301
317 2335
304 2269
304 1951
304 2069
369 2403
369 2906
369 2340
378 2531
378 2546
378 2405
311 2162
311 2162
311 2024
353 2527
353 2468
353 2540
301 2158
301 1980
301 2064
330 2491
330 2407
330 2199
381 2507
381 2435
381 2561
315 2096
315 2055
315 2093
694 4501
694 4826
694 4726
565 3905
565 4060
565 3596
655 4513
655 4345
655 4610
696 4883
696 4811
696 4872
575 4031
575 3899
575 4139
202 1429
202 1179
202 1326
155 1075
155 1017
155 1042
194 1346
194 1527
194 1281
212 1564
212 1409
212 1385
160 1197
160 1221
160 996
123 817
123 775
123 875
359 2593
359 2567
359 2628
384 2592
384 2674
384 2450
421 2774
421 2934
421 2749
428 2888
428 2829
428 3138
379 2418
379 2564
379 2624
689 4656
689 4687
689 4402
621 4201
621 4242
621 4022
676 4633
676 4645
676 4624
667 4565
667 4324
667 4227
597 3907
597 3917
597 4062
565 3755
565 3889
565 3754
484 3079
484 3253
484 3242
564 3853
564 3874
564 3779
555 3743
555 3833
555 3671
468 3492
468 3025
468 3181
791 5332
791 5318
791 5740
670 4365
670 4393
670 4461
746 4944
746 4825
746 4902
757 5266
757 5354
757 5418
662 4772
662 4780
662 4606
540 3417
540 3467
540 3620
490 3364
490 3201
490 3228
554 3945
554 3736
554 3338
563 3755
563 3988
563 3888
464 3184
464 3120
464 3250
809 5293
809 5493
809 5436
767 5097
767 5341
767 5465
837 6253
837 5907
837 5482
860 5846
860 6218
860 5610
755 4980
755 5163
755 5221
513 3578
513 3405
513 3341
436 2929
436 3183
436 2954
504 3253
504 3153
504 3395
518 3520
518 3708
518 3696
428 2703
428 2896
428 2885
447 2894
447 3027
447 3002
461 2939
461 3161
461 3218
515 3383
515 3478
515 3405
517 3419
517 3435
517 3627
453 3193
453 2946
453 2974
210 1372
210 1403
210 1460
157 1071
157 1023
157 1061
204 1220
204 1334
204 1354
212 1389
212 1498
212 1401
164 1178
164 1095
164 1042
366 2363
366 2669
366 2551
237 1507
237 1786
237 1682
210 1489
210 1422
210 1443
244 1584
244 1863
244 1588
220 1622
220 1506
220 1435
217 1474
217 1610
217 1420
517 3413
517 3554
517 3311
470 3336
470 2998
470 3204
472 3189
472 3345
472 3214
523 3479
523 3703
523 3428
437 3087
437 3078
437 2709
471 2984
471 3358
471 3116
433 2887
433 2815
433 2821
510 3543
510 3401
510 3629
477 3057
477 3152
477 3323
465 3087
465 3195
465 3165
488 3451
488 3212
488 3381
418 2880
418 2828
418 2646
530 3466
530 3627
530 3500
519 3556
519 3613
519 3407
431 2707
431 2967
431 3162
465 3026
465 3210
465 3185
408 2720
408 2650
408 2918
446 3255
446 3164
446 3320
458 3195
458 3238
458 3164
407 2668
407 2788
407 2721
486 3363
486 3224
486 3449
435 3019
435 2895
435 2914
500 3461
500 3361
500 3569
524 3607
524 3428
524 3697
404 2849
404 2821
404 2822
752 5108
752 5438
752 4959
645 4237
645 4206
645 4338
819 5444
819 5690
819 5630
775 5185
775 5234
775 5206
631 4016
631 4361
631 4223
669 4530
669 4570
669 4148
635 4116
635 4167
635 4418
654 4435
654 4268
654 4665
680 4768
680 4488
680 4773
550 3971
550 3612
550 3477
420 2614
420 2849
420 2664
398 2973
398 2643
398 2556
462 3085
462 3097
462 3068
463 3126
463 3351
463 3105
372 2570
372 2691
372 2502
506 3485
506 3430
506 3553
448 3085
448 2949
448 3154
496 3527
496 3519
496 3201
511 3600
511 3476
511 3280
473 3264
473 3378
473 3343
798 5354
798 5560
798 5294
727 4975
727 4997
727 5026
802 5310
802 5623
802 5592
767 5413
767 5224
767 5239
674 4458
674 4528
674 4760
24 198
24 138
24 174
718 5025
718 5006
718 4604
635 4302
635 4066
635 4455
689 4472
689 4694
689 4517
738 4984
738 4860
738 4998
621 4458
621 4302
621 4122
461 3040
461 3230
461 3166
422 2875
422 3094
422 3006
487 3302
487 3487
487 3238
425 2887
425 2693
425 2847
410 2704
410 2858
410 2725
271 1866
271 1829
271 1886
804 5764
804 5422
804 5757
705 4552
705 4995
705 5169
861 5915
861 5872
861 5765
809 5628
809 5522
809 5814
757 4972
757 5354
757 5069
579 3830
579 3920
579 3865
512 3455
512 3614
512 3116
606 4265
606 4326
606 4039
601 4053
601 3959
601 4041
550 3902
550 4093
550 3709
610 4387
610 4157
610 4206
550 3724
550 3546
550 3731
599 4052
599 3761
599 3945
563 3408
563 3728
563 4189
480 3234
480 3316
480 3160
464 3342
464 3146
464 3077
130 839
130 1073
130 860
303 2113
303 1881
303 2087
290 2093
290 2099
290 2050
331 2245
331 2337
331 2182
358 2407
358 2432
358 2417
269 1710
269 1901
269 1749
701 4896
701 4544
701 5045
699 4677
699 4857
699 4664
829 5548
829 5636
829 5477
821 5465
821 5603
821 5629
654 4371
654 4413
654 4436
936 6521
936 6617
936 6326
796 5599
796 5723
796 5354
928 6377
928 6623
928 6389
904 6179
904 6467
904 5765
775 5350
775 5058
775 5164
570 3566
570 3731
570 3866
526 3696
526 3621
526 3403
583 3710
583 3967
583 3943
603 4301
603 4093
603 4225
534 3748
534 3511
534 3632
441 3234
441 3004
441 3125
400 2739
400 2524
400 2633
409 2827
409 2657
409 3018
461 3281
461 3312
461 2860
359 2359
359 2468
359 2438
819 5896
819 5817
819 5251
665 4589
665 4515
665 4436
746 5227
746 5070
746 5205
796 5116
796 5738
796 5582
666 4727
666 4384
666 4854
752 4998
752 5109
752 5330
581 4097
581 3848
581 4058
729 5208
729 4963
729 5328
726 4717
726 4918
726 5255
620 4536
620 4196
620 4139
959 6097
959 6187
959 6677
755 5183
755 5127
755 5264
942 6515
942 6470
942 6181
890 5826
890 6529
890 5979
842 5842
842 5888
842 5426
565 3740
565 3756
565 3853
466 3488
466 3280
466 3433
567 3745
567 3538
567 3838
550 3921
550 3682
550 3625
494 3591
494 3281
494 3269
517 3634
517 3322
517 3353
452 3138
452 3100
452 3067
538 3722
538 3692
538 3739
541 3557
541 3627
541 3544
486 3363
486 3342
486 3691
533 3615
533 3432
533 3521
448 3036
448 2955
448 3120
534 3521
534 3664
534 3680
493 3109
493 3287
493 3544
459 2877
459 3036
459 3157
530 3594
530 3554
530 3694
437 3094
437 2972
437 2939
516 3576
516 3508
516 3532
518 3616
518 3519
518 3423
449 3164
449 3021
449 2960
509 3250
509 3331
509 3439
453 2935
453 3222
453 2994
530 3830
530 3594
530 3635
502 3531
502 3211
502 3446
459 2876
459 2937
459 3263
273 1768
273 1821
273 2100
514 3556
514 3832
514 3348
431 2891
431 2914
431 2601
507 3685
507 3355
507 3518
532 3557
532 3617
532 3658
441 3084
441 3090
441 3049
472 2882
472 3306
472 3266
436 2858
436 2908
436 2805
542 3543
542 3684
542 3608
511 3394
511 3724
511 3350
457 3094
457 2996
457 3218
530 3608
530 3856
530 3529
426 2875
426 2899
426 2608
508 3687
508 3528
508 3476
506 3300
506 3413
506 3434
502 3418
502 3351
502 3493
536 3452
536 3979
536 3713
477 3337
477 3176
477 3382
469 3086
469 2937
469 3119
543 3598
543 3555
543 3853
412 2752
412 2778
412 2650
473 3206
473 3374
473 3130
444 3010
444 3105
444 3049
539 3693
539 3771
539 3654
567 3863
567 3689
567 3784
415 2849
415 2701
415 2691
661 4634
661 4629
661 4503
550 3723
550 3588
550 3679
642 4374
642 4382
642 4355
616 4472
616 4006
616 4189
556 3525
556 3759
556 3593
593 3803
593 4047
593 3958
549 3673
549 3831
549 3625
614 4304
614 3825
614 4133
646 4420
646 4429
646 4495
514 3425
514 3212
514 3611
613 4025
613 3990
613 3876
533 3639
533 3720
533 3714
613 4154
613 4348
613 4157
624 3988
624 4146
624 4136
501 3655
501 3369
501 3648
334 2244
334 2184
334 2207
305 2079
305 1931
305 2130
342 2386
342 2363
342 2296
361 2449
361 2247
361 2575
331 2247
331 2464
331 2304
847 6444
847 5371
847 5858
767 5197
767 5240
767 5282
819 5510
819 5527
819 5464
830 5612
830 5863
830 5819
682 4315
682 4928
682 4527
524 3621
524 3616
524 3590
463 3155
463 3162
463 3011
574 3742
574 4178
574 4017
524 3892
524 3625
524 3679
440 2898
440 2857
440 3257
712 4800
712 4744
712 5012
608 4084
608 4086
608 4267
720 4772
720 4780
720 4854
630 4470
630 4198
630 4120
608 4120
608 4178
608 3812
732 5064
732 5198
732 5223
582 3991
582 3751
582 3999
705 4745
705 4542
705 4670
686 4678
686 4786
686 4697
603 4139
603 3920
603 3882
693 4786
693 4626
693 4656
611 3966
611 4154
611 4221
718 5178
718 4834
718 4957
754 4978
754 4956
754 5115
575 3918
575 4113
575 3883
535 3677
535 3883
535 3488
484 3270
484 3167
484 3376
512 3515
512 3441
512 3490
512 3350
512 3508
512 3485
458 3130
458 3042
458 3010
656 4293
656 4502
656 4392
571 4102
571 3940
571 3673
674 4588
674 4289
674 4811
654 4572
654 4272
654 4376
556 3662
556 3745
556 3780
562 3644
562 3934
562 3882
505 3702
505 3225
505 3580
553 3696
553 3828
553 3834
534 3636
534 3686
534 3395
490 3646
490 3602
490 3185
689 4544
689 4792
689 4540
606 4140
606 4014
606 4429
743 5009
743 4875
743 5175
688 4675
688 4914
688 4551
630 4568
630 4194
630 4401
489 3471
489 3479
489 3146
438 2873
438 3295
438 2868
523 3673
523 3606
523 3501
509 3776
509 3374
509 3344
455 2964
455 3050
455 3139
600 4198
600 4409
600 4331
461 3089
461 2983
461 3225
505 3486
505 3214
505 3363
535 3654
535 3814
535 3514
462 3339
462 3075
462 3223
816 5734
816 5408
816 5599
723 4711
723 4845
723 4947
837 5797
837 5830
837 5602
801 5529
801 5536
801 5284
752 5010
752 4784
752 5068
491 3321
491 3263
491 3315
394 2758
394 2709
394 2653
479 3202
479 3351
479 3330
498 3703
498 3333
498 3298
393 2597
393 2654
393 2556
479 3005
479 3208
479 3132
398 2772
398 2498
398 2670
496 3447
496 3318
496 3169
454 3004
454 2842
454 2973
434 3007
434 2985
434 2672
461 2990
461 3292
461 3196
386 2798
386 2591
386 2568
459 3100
459 3139
459 3313
507 3407
507 3611
507 3448
438 2860
438 3000
438 2925
431 3063
431 2985
431 2866
415 2753
415 2799
415 2761
518 3344
518 3398
518 3618
456 3305
456 2954
456 2910
400 2850
400 2788
400 2782
467 3048
467 3238
467 3111
416 2687
416 2719
416 2906
506 3337
506 3431
506 3519
469 3259
469 2935
469 3139
406 2635
406 2900
406 2741
455 3186
455 3148
455 3464
430 3011
430 3099
430 3061
469 3039
469 3092
469 3228
512 3493
512 3373
512 3516
407 2638
407 2707
407 2794
508 3369
508 3553
508 3591
407 2996
407 2775
407 2732
491 3178
491 3582
491 3123
473 3160
473 3198
473 3068
427 3026
427 2712
427 2789
503 3372
503 3704
503 3720
395 2516
395 3033
395 2526
536 3885
536 3860
536 3675
470 3191
470 3126
470 3237
413 2836
413 2568
413 2996
499 3576
499 3365
499 3480
412 2872
412 2943
412 2709
464 3046
464 3268
464 3070
539 3720
539 3640
539 3540
417 2580
417 3012
417 3036
517 3280
517 3378
517 3467
435 3050
435 2862
435 3098
518 3489
518 3694
518 3518
485 3231
485 3340
485 3222
412 2831
412 2752
412 2729
485 3457
485 3514
485 3289
426 3197
426 3273
426 2819
503 3488
503 3693
503 3242
522 3648
522 3739
522 3544
446 3071
446 3023
446 3123
563 3821
563 3787
563 3961
431 2802
431 2828
431 3132
488 3197
488 3473
488 3257
487 3290
487 3261
487 3305
486 3365
486 3372
486 3403
538 3665
538 3575
538 3880
486 3286
486 3342
486 3607
594 3952
594 4109
594 4323
552 3898
552 3770
552 3611
446 2967
446 3042
446 2876
581 4066
581 4005
581 4158
489 3372
489 3410
489 3510
558 3800
558 3762
558 4017
623 4552
623 4321
623 4524
507 3476
507 3382
507 3824
161 1004
161 1172
161 1040
189 1119
189 1156
189 1243
169 1228
169 1193
169 1163
235 1815
235 1695
235 1490
193 1328
193 1271
193 1295
266 1827
266 1733
266 1886
221 1581
221 1457
221 1356
304 2137
304 2140
304 2074
266 1809
266 1927
266 1536
198 1371
198 1342
198 1443
306 1957
306 2037
306 2281
282 1787
282 1907
282 1919
333 2313
333 2223
333 2358
318 2044
318 2154
318 2119
250 1803
250 1745
250 1590
353 2320
353 2396
353 2566
321 2310
321 2262
321 2087
455 3411
455 3262
455 3058
378 2455
378 2666
378 2564
368 2538
368 2553
368 2519
964 6927
964 6805
964 6686
846 5483
846 5819
846 5957
1022 6895
1022 7091
1022 6950
973 6187
973 6458
973 6518
910 6436
910 6513
910 6134
1157 7853
1157 7874
1157 7880
978 6587
978 6686
978 7012
1138 8001
1138 7742
1138 7705
1183 8029
1183 8460
1183 8114
1022 7101
1022 6908
1022 7227
524 3447
524 3638
524 3724
453 2909
453 3016
453 2985
533 3679
533 3703
533 3585
541 3832
541 3586
541 3511
461 2960
461 3117
461 3146
616 4009
616 4172
616 4577
538 3767
538 3676
538 3748
661 4131
661 4724
661 4522
652 4610
652 4297
652 4235
555 3951
555 3803
555 3849
626 4203
626 4397
626 4324
530 3625
530 3587
530 3445
619 4385
619 4365
619 3921
577 3695
577 3878
577 3821
553 4041
553 3645
553 3575
573 3852
573 3758
573 3838
476 3364
476 3179
476 3390
579 3997
579 3882
579 3920
580 3923
580 4194
580 4079
497 3465
497 3572
497 3466
551 3706
551 3663
551 3632
538 3989
538 3712
538 3456
552 3777
552 3860
552 3861
567 3937
567 3853
567 3943
500 3214
500 3475
500 3395
403 2806
403 2704
403 2868
313 2272
313 2173
313 2273
433 2905
433 2947
433 2942
390 2569
390 2658
390 2616
366 2507
366 2578
366 2566
559 3587
559 3850
559 3906
476 3035
476 3196
476 3324
516 3513
516 3555
516 3597
565 3764
565 3971
565 3761
488 3174
488 3229
488 3152
536 3499
536 3657
536 3769
442 3111
442 3161
442 2970
466 3323
466 3182
466 3182
482 3496
482 3289
482 3428
446 3052
446 3083
446 3049
505 3551
505 3434
505 3520
478 3105
478 3148
478 3046
490 3423
490 3353
490 3320
454 3144
454 2865
454 3049
452 2895
452 3163
452 3084
264 1929
264 1768
264 1654
220 1504
220 1464
220 1541
247 1530
247 1600
247 1756
248 1594
248 1665
248 1699
207 1372
207 1383
207 1442
550 3681
550 3786
550 4134
505 3829
505 3453
505 3348
547 3534
547 3878
547 3808
557 3661
557 4059
557 3974
470 3413
470 3387
470 3337
384 2653
384 2612
384 2572
323 2091
323 2427
323 2089
399 2791
399 2760
399 2894
403 2666
403 2733
403 2969
333 2414
333 2147
333 2263
700 4554
700 4699
700 4682
597 4102
597 4249
597 3921
697 4645
697 4828
697 4717
685 4666
685 4683
685 5020
584 3757
584 4336
584 3836
551 3730
551 3723
551 3846
472 3094
472 3217
472 3138
574 3998
574 3895
574 3754
566 4071
566 3784
566 3910
478 3359
478 3218
478 3010
585 4080
585 4131
585 4121
540 3952
540 3692
540 3753
533 3657
533 3647
533 3435
541 3574
541 3792
541 3796
465 3403
465 3028
465 3431
780 5283
780 5481
780 5506
704 5047
704 4648
704 4829
777 5527
777 5201
777 5387
808 5658
808 5667
808 5466
702 4824
702 4754
702 4819
775 5469
775 5043
775 5166
655 4598
655 4431
655 4540
658 4077
658 4201
658 4564
687 4746
687 4680
687 4740
678 4854
678 4667
678 4359
318 1979
318 2366
318 2218
509 3578
509 3478
509 3321
471 3151
471 3143
471 3388
484 3377
484 3278
484 3379
502 3592
502 3472
502 3637
435 2920
435 2941
435 2854
513 3372
513 3401
513 3508
456 3059
456 2942
456 3104
521 3621
521 3678
521 3530
470 3112
470 3193
470 3252
467 3386
467 3194
467 2842
604 3997
604 4017
604 4108
573 4134
573 3617
573 3784
627 4195
627 4188
627 4013
666 4777
666 4682
666 4801
552 3748
552 3621
552 3599
682 4661
682 4836
682 4471
642 4256
642 4800
642 4535
700 4794
700 4670
700 4985
704 5000
704 4797
704 5069
630 4063
630 4192
630 4190
781 5028
781 5435
781 5367
758 4931
758 5167
758 4703
847 5922
847 5715
847 5628
867 6208
867 6060
867 5971
761 5209
761 5169
761 5216
1238 8308
1238 8888
1238 8847
1149 8134
1149 7630
1149 7753
1270 8715
1270 8656
1270 8764
1233 8399
1233 8690
1233 8313
1118 6977
1118 7786
1118 7753
594 4063
594 4147
594 4274
509 3137
509 3709
509 3389
576 3993
576 3900
576 4000
529 3601
529 3514
529 3736
463 3121
463 3105
463 3417
333 2268
333 2165
333 2255
293 1962
293 2019
293 1827
337 2158
337 2398
337 2417
330 2250
330 2180
330 2249
283 1934
283 1839
283 1934
581 4044
581 4057
581 4009
534 3658
534 3641
534 3617
612 4140
612 4027
612 4133
653 4558
653 4470
653 4108
583 3950
583 3749
583 3823
540 3834
540 3728
540 3912
453 3073
453 3123
453 3087
472 2968
472 3214
472 3391
495 3353
495 3522
495 3262
432 2893
432 2909
432 3014
523 3537
523 3339
523 3639
482 3196
482 3492
482 3315
516 3598
516 3593
516 3602
506 3579
506 3144
506 3510
466 3224
466 3175
466 3376
548 3735
548 3927
548 3683
469 3132
469 3153
469 3320
595 3911
595 4197
595 3895
547 3676
547 3517
547 3498
452 3074
452 3074
452 2836
539 3824
539 3886
539 3731
431 2810
431 3177
431 2827
496 3297
496 3470
496 3566
498 3518
498 3682
498 3447
471 3358
471 3135
471 2991
567 3850
567 3926
567 3841
488 3371
488 3395
488 3136
580 4024
580 4043
580 3731
531 3533
531 3631
531 3357
447 3087
447 2931
447 3170
641 4255
641 4502
641 4647
532 3876
532 3826
532 3566
601 4228
601 3921
601 4450
656 4370
656 4674
656 4424
546 3654
546 3721
546 3874
544 3627
544 3910
544 3758
483 3463
483 3110
483 3496
540 3688
540 3669
540 3664
571 4018
571 4003
571 3785
482 3357
482 3349
482 3561
556 3772
556 3774
556 3876
532 3454
532 3760
532 3582
568 3935
568 3980
568 3576
589 4103
589 4151
589 4058
501 3541
501 3489
501 3417
531 3698
531 3612
531 3696
473 3047
473 3188
473 3455
563 3669
563 3653
563 3809
585 4237
585 3987
585 4057
506 3796
506 3631
506 3585
291 1882
291 2141
291 2029
129 850
129 807
129 842
129 770
129 761
129 901
588 4106
588 4044
588 4028
566 3660
566 3762
566 3874
588 4157
588 4141
588 3975
660 4475
660 4474
660 4470
540 3499
540 3808
540 3783
692 4734
692 4946
692 4261
555 3738
555 3961
555 3695
619 4051
619 4372
619 3981
636 4209
636 4085
636 4566
524 3640
524 3729
524 3593
653 4475
653 4486
653 4540
563 3523
563 3739
563 3856
595 3773
595 3939
595 4037
628 4246
628 3999
628 4390
520 3542
520 3629
520 3434
235 1699
235 1506
235 1846
218 1566
218 1411
218 1564
232 1498
232 1766
232 1593
204 1413
204 1259
204 1335
214 1314
214 1568
214 1704
528 3606
528 3675
528 3437
470 3097
470 3401
470 3186
528 3612
528 3679
528 3853
505 3431
505 3332
505 3734
473 3248
473 3458
473 3143
360 2693
360 2484
360 2309
312 2237
312 2066
312 2160
325 2391
325 2197
325 2046
345 2141
345 2282
345 2213
311 2144
311 2295
311 2111
178 1209
178 1217
178 1185
645 4566
645 4284
645 4542
552 3743
552 3611
552 3992
658 4241
658 4409
658 4373
613 4446
613 4278
613 4112
522 3749
522 3269
522 3701
462 2971
462 3134
462 3093
605 4129
605 4254
605 4257
487 3335
487 3293
487 3217
599 4077
599 3845
599 3749
635 4527
635 4360
635 4445
519 3570
519 3544
519 3657
330 2309
330 2229
330 2512
273 1766
273 1792
273 1835
284 1874
284 1895
284 2292
293 1980
293 1884
293 2043
296 2102
296 1904
296 2028
699 4683
699 4686
699 4894
643 4547
643 4572
643 4511
678 4452
678 4392
678 4851
673 4605
673 4808
673 4480
593 4178
593 4098
593 4062
733 4869
733 4994
733 4995
706 4965
706 5016
706 4815
769 5106
769 5270
769 5113
800 5463
800 5296
800 5352
655 4595
655 4576
655 4516
661 4304
661 4504
661 4347
569 3782
569 3845
569 3751
710 4641
710 4988
710 4758
628 4501
628 4128
628 4344
622 4067
622 4421
622 4206
217 1548
217 1346
217 1447
175 1261
175 1189
175 1050
228 1501
228 1558
228 1609
190 1446
190 1369
190 1388
161 1101
161 1037
161 1215
790 5454
790 5261
790 4802
654 4264
654 4530
654 4343
758 5183
758 5091
758 5326
821 5320
821 5753
821 5781
690 4368
690 4577
690 4796
225 1479
225 1471
225 1637
188 1303
188 1191
188 1231
218 1442
218 1627
218 1535
217 1594
217 1503
217 1355
190 1348
190 1220
190 1239
746 5033
746 5075
746 5167
604 3928
604 3636
604 4046
729 4968
729 5024
729 5181
747 5088
747 5038
747 4815
638 4243
638 4382
638 4547
814 5604
814 5590
814 5667
700 4858
700 5038
700 4637
787 5133
787 5331
787 5427
778 5318
778 5466
778 5394
751 5348
751 5145
751 5453
474 3054
474 3209
474 3382
416 3021
416 2749
416 3029
471 3068
471 3050
471 3157
467 3288
467 3095
467 3147
407 2598
407 2914
407 2649
759 5382
759 5313
759 5205
680 4759
680 4381
680 4525
751 5111
751 5129
751 5049
778 5195
778 5346
778 5176
684 4634
684 4603
684 4562
115 874
115 803
115 854
112 722
112 799
112 725
145 880
145 942
145 966
129 964
129 999
129 962
116 807
116 773
116 825
110 698
110 845
110 645
542 3728
542 3564
542 3953
519 3423
519 3569
519 3954
587 4093
587 3736
587 4091
567 3967
567 3737
567 3753
530 3711
530 3766
530 3531
573 3912
573 3926
573 4055
519 3328
519 3607
519 3403
643 4439
643 4367
643 4313
585 4116
585 4296
585 3856
484 3075
484 3488
484 3245
180 1216
180 1239
180 1302
137 994
137 1172
137 908
145 1186
145 1003
145 842
168 1218
168 1097
168 1073
165 1159
165 1112
165 1100
116 834
116 730
116 731
580 3802
580 3967
580 3851
501 3455
501 3569
501 3649
564 3992
564 3948
564 3800
562 3850
562 3906
562 3777
481 3351
481 3114
481 3396
505 3570
505 3366
505 3688
595 4077
595 4025
595 4266
546 3968
546 3784
546 3414
581 3814
581 4021
581 3818
603 4222
603 3988
603 4206
532 3645
532 3763
532 3667
474 3369
474 3305
474 3089
554 3606
554 3680
554 3702
523 3327
523 3412
523 3474
597 4048
597 4223
597 3908
570 3790
570 4150
570 3906
481 3275
481 3353
481 3426
558 4058
558 3904
558 3862
470 3158
470 3133
470 3291
495 3463
495 3344
495 3376
550 3910
550 3698
550 3660
477 3394
477 3365
477 3158
491 3371
491 3225
491 3286
427 2798
427 2838
427 2932
462 3121
462 2890
462 3223
478 3417
478 3460
478 3224
447 3073
447 2796
447 3015
667 4603
667 4237
667 4462
589 3746
589 4047
589 4064
641 4319
641 4480
641 4469
667 4347
667 4503
667 4233
559 3856
559 4020
559 3699
615 4381
615 4257
615 4081
551 3912
551 3726
551 3834
602 4228
602 4265
602 3930
606 3990
606 3875
606 4236
541 3778
541 3504
541 3785
654 4474
654 4472
654 4484
547 3738
547 3724
547 3907
650 4372
650 4521
650 4440
671 4404
671 4380
671 4699
573 3917
573 3941
573 3715
173 1182
173 1283
173 1156
165 1165
165 1017
165 1149
197 1349
197 1269
197 1387
176 1195
176 1164
176 1108
180 1176
180 1326
180 1090
219 1427
219 1524
219 1419
208 1384
208 1342
208 1304
220 1516
220 1390
220 1447
209 1421
209 1504
209 1467
172 1105
172 1243
172 1092
265 1914
265 1742
265 1969
211 1423
211 1410
211 1441
256 1828
256 1732
256 1768
275 1775
275 1699
275 1961
239 1547
239 1586
239 1653
560 3965
560 3713
560 3786
505 3330
505 3527
505 3313
548 3541
548 4093
548 3588
542 3683
542 3512
542 3572
456 3050
456 3185
456 3246
499 3311
499 3785
499 3575
426 2820
426 2701
426 2882
492 3282
492 3400
492 3205
481 3446
481 3346
481 3494
448 3043
448 2921
448 3188
504 3392
504 3440
504 3386
420 2904
420 2803
420 2956
515 3334
515 3610
515 3683
490 3374
490 3405
490 3491
418 2844
418 2834
418 3093
233 1712
233 1430
233 1546
134 891
134 942
134 833
134 868
134 918
134 908
136 897
136 831
136 854
202 1375
202 1290
202 1495
178 1145
178 1106
178 1380
201 1455
201 1203
201 1374
196 1392
196 1328
196 1384
190 1251
190 1339
190 1377
187 1217
187 1233
187 1386
156 1170
156 966
156 1004
186 1177
186 1292
186 1260
187 1385
187 1193
187 1345
146 933
146 1057
146 892
547 3479
547 3889
547 3921
456 3226
456 3061
456 2980
528 3346
528 4001
528 3532
512 3723
512 3535
512 3559
483 3462
483 3273
483 3071
521 3769
521 3576
521 3452
463 2947
463 3186
463 3060
529 3513
529 3687
529 3564
543 3702
543 3892
543 3989
499 3336
499 3274
499 3531
609 4320
609 4377
609 4245
498 3494
498 3545
498 3351
606 3961
606 4308
606 4181
611 4311
611 4117
611 4294
528 3604
528 3553
528 3689
540 3826
540 3445
540 3738
485 3342
485 3229
485 3255
554 3747
554 3930
554 3816
536 3644
536 3665
536 3734
467 3376
467 2944
467 3039
528 3827
528 3428
528 3889
468 3148
468 3343
468 3019
504 3222
504 3300
504 3582
521 3449
521 3799
521 3288
447 3275
447 3036
447 2806
579 3792
579 4261
579 3910
494 3322
494 3417
494 3629
556 3867
556 3933
556 3661
530 3645
530 3542
530 3433
503 3306
503 3207
503 3566
597 4046
597 3939
597 3886
533 3569
533 3134
533 3547
586 4035
586 4185
586 3884
616 4338
616 4258
616 4270
547 3804
547 3791
547 3822
409 2774
409 2879
409 2664
335 2587
335 2183
335 2208
392 2953
392 2590
392 2896
372 2472
372 2513
372 2480
325 2213
325 2289
325 2102
573 3705
573 4105
573 3779
527 3447
527 3713
527 3484
608 4344
608 4129
608 4380
536 3489
536 3748
536 3614
527 3832
527 3782
527 3727
127 919
127 1031
127 876
114 807
114 753
114 834
120 812
120 739
120 684
125 840
125 743
125 935
113 721
113 701
113 861
583 4106
583 4021
583 3999
480 3455
480 3192
480 3322
577 3938
577 3861
577 3701
542 3551
542 3649
542 3587
491 3105
491 3396
491 3088
689 4577
689 4811
689 4655
524 3851
524 3591
524 3637
673 4401
673 4650
673 4861
633 4578
633 4664
633 4297
564 4021
564 3847
564 3675
527 3588
527 3768
527 3396
465 3022
465 3166
465 3340
556 3647
556 3938
556 3763
571 4047
571 3781
571 4246
455 3052
455 3272
455 3179
478 3321
478 3567
478 3342
425 2708
425 2756
425 2984
504 3261
504 3513
504 3645
471 3030
471 3230
471 3485
464 3107
464 3201
464 3360
495 3097
495 3245
495 3579
447 3200
447 3213
447 3092
539 3776
539 3715
539 3854
551 3818
551 3690
551 3958
495 3297
495 3396
495 3254
296 1982
296 1940
296 1904
274 1821
274 1806
274 1843
297 1932
297 1816
297 2057
315 2285
315 2261
315 2154
259 1674
259 1591
259 1932
379 2438
379 2813
379 2488
314 2218
314 1999
314 2038
355 2495
355 2545
355 2220
317 2117
317 2099
317 2181
318 2208
318 2016
318 2207
791 4974
791 5307
791 5262
689 4871
689 4431
689 4534
715 4780
715 4926
715 5054
776 5031
776 5158
776 5384
666 4518
666 4284
666 4642
552 3801
552 3748
552 3945
497 3438
497 3276
497 3348
495 3275
495 3366
495 3221
568 3869
568 3734
568 4104
452 3050
452 3119
452 3045
480 3232
480 3413
480 3217
463 3337
463 2924
463 3294
568 3852
568 3912
568 3898
532 3750
532 3615
532 3704
472 3250
472 3241
472 3300
269 1756
269 1785
269 1758
240 1569
240 1529
240 1483
248 1614
248 1618
248 1774
273 1617
273 1882
273 1882
223 1698
223 1440
223 1444
333 2432
333 2187
333 2217
282 1989
282 1878
282 1757
323 2250
323 2151
323 2196
339 2504
339 2372
339 2322
293 2119
293 1933
293 1743
