123 976
123 1035
123 945
178 1428
178 1413
178 1605
129 937
129 1019
129 1056
140 1200
140 1119
140 1081
154 1252
154 1177
154 1408
183 1510
183 1401
183 1602
155 1286
155 1386
155 1223
149 1269
149 1226
149 1001
160 1390
160 1231
160 1208
147 1087
147 1239
147 1316
231 2087
231 1676
231 1933
492 3975
492 4177
492 3970
374 3154
374 3075
374 2870
463 3691
463 3578
463 4153
457 3851
457 3775
457 3729
376 3090
376 3066
376 3150
92 699
92 745
92 859
129 982
129 1033
129 887
115 917
115 955
115 898
132 1000
132 1248
132 1109
110 835
110 834
110 844
344 2881
344 2800
344 3171
262 2284
262 2099
262 2392
318 2593
318 2954
318 2598
352 2670
352 3031
352 2976
244 2038
244 1945
244 1978
294 2588
294 2441
294 2631
249 2078
249 1988
249 2135
265 2263
265 2165
265 2111
239 2021
239 2020
239 2040
217 1790
217 1716
217 1757
249 2261
249 2023
249 2131
217 1813
217 1722
217 1813
227 1762
227 1950
227 1774
227 1757
227 1812
227 1764
189 1674
189 1416
189 1601
316 2606
316 2465
316 2492
271 2143
271 2204
271 2403
325 2628
325 2487
325 2584
263 2061
263 2112
263 2312
263 2351
263 2255
263 2055
316 2470
316 2662
316 2535
273 2213
273 2168
273 2120
309 2620
309 2663
309 2653
330 2762
330 2604
330 2753
246 1911
246 1867
246 2021
321 2556
321 2547
321 2544
305 2477
305 2518
305 2293
323 2651
323 2739
323 2618
358 2890
358 3009
358 3068
352 2954
352 2955
352 2961
332 2836
332 2537
332 2646
334 2831
334 2814
334 2794
383 3119
383 3028
383 3061
333 2802
333 2647
333 2573
316 2599
316 2421
316 2501
173 1510
173 1443
173 1473
321 2566
321 2682
321 2823
333 2738
333 2833
333 2816
354 2961
354 2802
354 3065
390 3324
390 3359
390 3240
298 2254
298 2373
298 2260
459 4003
459 3709
459 3675
372 2991
372 3033
372 3478
492 4133
492 3804
492 3956
451 3431
451 3829
451 3492
433 3701
433 3602
433 3645
353 2827
353 2944
353 3047
307 2592
307 2543
307 2603
362 2934
362 2922
362 2956
332 2729
332 2814
332 2390
283 2358
283 2250
283 2261
474 4230
474 3947
474 3919
403 3186
403 3217
403 3227
414 3327
414 3369
414 3513
419 3639
419 3369
419 3362
407 3329
407 3380
407 2928
472 3640
472 3785
472 4018
438 3560
438 3740
438 3514
447 3816
447 3570
447 3598
459 3764
459 3645
459 3831
452 3484
452 3453
452 3891
107 921
107 971
107 833
203 1630
203 1437
203 1560
116 1007
116 1030
116 1015
42 325
42 377
42 270
347 3063
347 2855
347 2888
289 2468
289 2484
289 2337
345 2741
345 2781
345 2860
334 2825
334 2696
334 2907
270 2286
270 1953
270 1944
373 3183
373 3050
373 3316
295 2565
295 2435
295 2283
349 2489
349 3132
349 2830
389 3219
389 2948
389 3095
293 2475
293 2329
293 2233
218 1794
218 1854
218 1600
173 1307
173 1564
173 1526
209 1640
209 1684
209 1689
212 1672
212 1730
212 1640
161 1491
161 1270
161 1302
505 4155
505 4320
505 3621
372 3250
372 3189
372 3277
462 3931
462 4105
462 4015
488 3691
488 4087
488 4124
415 3661
415 3236
415 3347
605 5268
605 4807
605 4830
595 5053
595 5399
595 5138
586 4893
586 5035
586 4758
451 3599
451 3533
451 3684
265 2518
265 2229
265 2224
118 910
118 881
118 925
566 4570
566 4266
566 4591
584 4468
584 4517
584 4668
585 4828
585 5091
585 4505
493 4185
493 4000
493 4046
603 4734
603 4871
603 5393
582 4810
582 4874
582 4721
613 4965
613 5426
613 5102
469 3675
469 4009
469 3690
587 4663
587 4830
587 4731
559 4527
559 4564
559 4435
586 5032
586 4783
586 4396
484 4168
484 4072
484 3845
574 4563
574 4772
574 4594
569 4625
569 4379
569 4717
578 4625
578 4744
578 4684
507 3970
507 3740
507 4320
614 5089
614 4877
614 5320
586 5224
586 4500
586 4833
529 4240
529 4242
529 4147
506 3980
506 4085
506 4125
558 4461
558 4538
558 4336
564 4614
564 4518
564 4456
579 5014
579 4913
579 4701
513 4267
513 4272
513 4058
135 1153
135 1158
135 981
163 1289
163 1513
163 1585
145 1147
145 1345
145 1213
172 1449
172 1231
172 1390
589 5273
589 4817
589 5198
539 4211
539 4268
539 4356
585 4741
585 4718
585 4652
499 4312
499 4058
499 4263
282 2222
282 2275
282 2231
272 2502
272 2251
272 2314
338 2776
338 2594
338 2863
238 2026
238 1902
238 2068
344 2935
344 2870
344 2696
295 2399
295 2366
295 2220
328 2742
328 2789
328 2683
363 3053
363 2928
363 2874
308 2350
308 2611
308 2395
431 3403
431 3492
431 3547
306 2172
306 2371
306 2852
422 3346
422 3516
422 3487
396 3268
396 3280
396 3281
317 2443
317 2761
317 2906
321 2582
321 3015
321 2506
466 3611
466 3987
466 4105
396 3233
396 3156
396 3270
496 3921
496 4246
496 4239
443 3611
443 3832
443 3816
383 3015
383 3437
383 3380
280 2174
280 2336
280 2457
219 1718
219 1699
219 1793
291 2761
291 2411
291 2475
258 2064
258 2047
258 2048
226 1857
226 1816
226 1972
490 3766
490 3991
490 4328
393 3149
393 3014
393 2876
472 4046
472 3839
472 3796
431 3518
431 3752
431 3830
417 3289
417 2980
417 3769
293 2645
293 2322
293 2488
213 1910
213 1785
213 1828
263 2167
263 2246
263 2214
280 2226
280 2137
280 2249
239 1792
239 1960
239 1886
317 2694
317 2525
317 2587
497 4165
497 4004
497 4258
80 650
80 613
80 785
464 3633
464 3447
464 3989
432 3799
432 3328
432 3632
435 3704
435 3575
435 3643
427 3588
427 3504
427 3428
404 3331
404 3155
404 3517
467 3841
467 3884
467 3907
381 3249
381 3228
381 3055
434 3487
434 3546
434 3526
499 4314
499 3856
499 4156
387 3180
387 3319
387 3018
566 4912
566 4532
566 4680
422 3532
422 3762
422 3395
508 4047
508 4363
508 4456
524 4388
524 4278
524 4173
447 3471
447 3794
447 3594
463 3599
463 3866
463 3666
361 2906
361 3114
361 3089
449 4200
449 3738
449 3647
427 3714
427 3375
427 3630
437 3572
437 3727
437 3586
495 4078
495 3998
495 4038
349 2499
349 2783
349 2842
477 4261
477 3669
477 3867
472 4004
472 3735
472 3714
378 3180
378 3100
378 3079
376 2959
376 3045
376 2835
371 2785
371 3003
371 2903
464 3576
464 3785
464 3772
445 3642
445 3464
445 3577
396 3138
396 3487
396 3067
441 3549
441 3570
441 3689
392 3057
392 3057
392 3259
472 3808
472 4109
472 4156
412 3304
412 3516
412 3104
330 2511
330 2604
330 2615
473 3841
473 3766
473 3848
446 3779
446 3615
446 3592
529 3870
529 4570
529 3908
233 1765
233 1830
233 1889
430 3357
430 3630
430 3422
495 4154
495 4128
495 3924
441 3367
441 3203
441 3685
522 4380
522 4374
522 4095
262 2141
262 2144
262 2170
387 2986
387 3390
387 3277
516 4207
516 4318
516 4162
448 3483
448 3549
448 3625
466 3819
466 3844
466 3836
288 2390
288 2565
288 2349
412 3355
412 3700
412 3563
489 4100
489 4344
489 3858
419 3357
419 3477
419 3772
472 3901
472 3744
472 3774
249 2188
249 1950
249 2085
410 3428
410 3378
410 3785
162 1396
162 1317
162 1428
129 949
129 1001
129 1155
132 1100
132 1119
132 1089
120 934
120 1057
120 1085
167 1411
167 1500
167 1406
121 962
121 983
121 995
148 1217
148 1173
148 1260
129 1088
129 1127
129 1313
278 2472
278 2377
278 2245
571 5057
571 4499
571 4670
492 4009
492 4397
492 3929
630 5329
630 5144
630 5175
322 2660
322 2678
322 2462
518 4131
518 4222
518 4151
88 830
88 725
88 823
474 3570
474 3878
474 3993
400 3249
400 3345
400 3223
479 3628
479 3760
479 3991
311 2734
311 2437
311 2615
440 3895
440 3426
440 3556
198 1682
198 1687
198 1498
190 1531
190 1543
190 1640
222 1832
222 1941
222 1749
205 1759
205 1873
205 1675
495 4135
495 3949
495 4076
411 3610
411 3416
411 3404
431 3431
431 3490
431 3411
386 3259
386 3384
386 2811
475 3956
475 3607
475 3747
417 3132
417 3655
417 3559
377 2732
377 3228
377 3300
508 4304
508 4147
508 4123
499 4083
499 4082
499 4244
441 3588
441 3283
441 3694
492 3917
492 3863
492 3678
428 3492
428 3406
428 3358
382 3094
382 3290
382 3258
388 2977
388 3017
388 3193
307 2696
307 2721
307 2556
369 2987
369 3142
369 2683
419 3360
419 3548
419 3203
314 2555
314 2381
314 2800
414 3420
414 3317
414 3399
202 1635
202 1722
202 1747
344 2781
344 2660
344 2797
513 4534
513 4239
513 4014
417 3559
417 3453
417 3279
502 4205
502 3770
502 4142
322 2772
322 2601
322 2620
435 3941
435 3659
435 3703
530 4422
530 4188
530 4403
450 3482
450 3912
450 3457
481 4050
481 3764
481 3764
335 2643
335 2716
335 2799
447 3824
447 3566
447 3831
493 3939
493 4008
493 3837
473 4064
473 3834
473 3870
475 3675
475 3821
475 4284
311 2526
311 2463
311 2438
487 3863
487 4075
487 4143
472 3952
472 3892
472 3642
409 3123
409 3221
409 3638
422 3308
422 3588
422 3485
232 1996
232 1880
232 1959
363 3113
363 2909
363 2854
464 3612
464 3838
464 3932
352 2927
352 2870
352 3055
363 2831
363 2988
363 2838
379 2880
379 3033
379 3039
269 2307
269 2030
269 2178
514 4232
514 4022
514 4124
449 3663
449 3618
449 3731
502 4158
502 3915
502 4475
415 3317
415 3569
415 3446
529 4296
529 4390
529 4224
455 3885
455 3567
455 3869
501 4045
501 4170
501 3757
446 3514
446 3821
446 3741
525 4425
525 4534
525 4214
411 3423
411 3648
411 3666
518 4258
518 4238
518 4318
355 2884
355 2828
355 2921
428 3720
428 3490
428 3226
493 4219
493 3914
493 4019
434 3233
434 3396
434 3731
524 4229
524 4230
524 4098
317 2593
317 2648
317 2585
463 3925
463 3640
463 4057
579 4827
579 4579
579 4562
480 3797
480 4177
480 3915
564 4779
564 4591
564 4823
523 4185
523 4389
523 4447
418 3269
418 3732
418 3298
437 3471
437 3597
437 3620
396 3374
396 3377
396 3393
514 4081
514 4506
514 3972
460 3897
460 3678
460 3823
497 4046
497 4075
497 4087
436 3431
436 3652
436 3578
480 3668
480 3928
480 3738
257 2053
257 2150
257 2313
438 3492
438 3491
438 3618
532 4022
532 4371
532 4433
360 2952
360 3103
360 2785
548 4763
548 4346
548 4442
251 2039
251 1954
251 2092
389 3285
389 3189
389 3262
68 634
68 489
68 516
553 4622
553 4424
553 4469
421 3299
421 3565
421 3411
535 4424
535 4627
535 4180
292 2264
292 2333
292 2432
412 3237
412 3260
412 3270
532 4038
532 4277
532 4399
427 3819
427 3526
427 3435
507 4339
507 4344
507 4167
293 2587
293 2501
293 2338
463 3822
463 3641
463 3924
175 1331
175 1572
175 1501
168 1332
168 1289
168 1512
196 1671
196 1577
196 1478
178 1595
178 1437
178 1485
162 1373
162 1522
162 1346
520 4502
520 4075
520 4303
462 3704
462 4001
462 3866
521 4308
521 4161
521 4011
286 2361
286 2242
286 2145
444 3699
444 3665
444 3705
434 3365
434 3399
434 3650
400 3280
400 3372
400 3227
470 3838
470 4028
470 3862
462 3894
462 3720
462 3481
412 3354
412 3609
412 3583
485 3747
485 3720
485 3690
438 3556
438 3492
438 3573
487 3676
487 3941
487 4242
424 3515
424 3584
424 3299
420 3509
420 3436
420 3481
368 3040
368 3100
368 2976
415 3404
415 3336
415 3603
203 1654
203 1546
203 1638
344 2766
344 2798
344 2745
663 5249
663 5216
663 5431
536 4373
536 4428
536 4398
610 5055
610 4995
610 5051
450 3872
450 3904
450 3681
558 4551
558 4844
558 4431
82 749
82 650
82 507
149 1380
149 1241
149 1185
104 799
104 814
104 790
115 1147
115 1023
115 838
106 860
106 881
106 850
438 3924
438 3515
438 3956
308 2777
308 2422
308 2541
381 3271
381 3412
381 3119
264 2033
264 2164
264 2290
367 2907
367 3022
367 3130
510 4309
510 4460
510 4061
460 3992
460 3756
460 3710
534 4436
534 4673
534 4694
308 2543
308 2499
308 2554
437 3808
437 3571
437 3394
542 4290
542 4171
542 4712
449 3547
449 3882
449 3960
493 4003
493 4004
493 4268
345 2883
345 2560
345 2752
438 3513
438 3702
438 3666
226 1911
226 1705
226 1979
355 2762
355 2661
355 2993
542 4125
542 3957
542 4235
492 3919
492 3922
492 4167
538 4190
538 4215
538 4255
492 4268
492 4145
492 3998
599 5161
599 5001
599 4734
478 3993
478 4085
478 4108
540 4321
540 4397
540 4513
182 1696
182 1559
182 1576
466 3779
466 3810
466 3724
576 4644
576 4591
576 4850
459 3826
459 3421
459 3400
570 4449
570 4628
570 4677
194 1756
194 1677
194 1564
473 3782
473 3590
473 4207
192 1522
192 1677
192 1572
181 1460
181 1521
181 1433
162 1371
162 1333
162 1262
154 1354
154 1270
154 1228
294 2514
294 2285
294 2403
232 1838
232 2134
232 1758
274 2349
274 2290
274 2226
233 1841
233 1980
233 1999
58 563
58 469
58 431
166 1323
166 1581
166 1667
158 1175
158 1408
158 1476
170 1639
170 1432
170 1558
152 1263
152 1321
152 1273
103 775
103 771
103 732
391 3220
391 2909
391 3261
299 2482
299 2418
299 2291
329 2736
329 2507
329 2578
302 2618
302 2497
302 2379
547 4548
547 4723
547 4594
473 3675
473 3608
473 3951
560 4708
560 4658
560 4852
483 3931
483 4239
483 3753
159 1255
159 1376
159 1230
145 1123
145 1245
145 1201
174 1610
174 1344
174 1289
152 1229
152 1131
152 1282
606 4600
606 4774
606 5095
558 4576
558 4764
558 4735
577 4967
577 4640
577 4912
540 4621
540 4295
540 4093
233 1799
233 2017
233 2084
222 1568
222 1870
222 1736
265 2166
265 2124
265 2293
211 1792
211 1642
211 1549
626 5045
626 4754
626 5203
520 4224
520 4201
520 4263
596 5149
596 4962
596 4726
539 4369
539 4781
539 4018
250 2086
250 2005
250 1966
206 1792
206 1678
206 1800
235 1795
235 2173
235 2151
204 1684
204 1702
204 1827
615 4956
615 4815
615 4974
578 4749
578 4341
578 4541
619 4939
619 5294
619 5180
576 4396
576 5004
576 4893
425 3494
425 3419
425 3737
361 3203
361 3116
361 3162
389 3288
389 3178
389 3159
341 2771
341 3004
341 3176
496 3961
496 3818
496 4129
457 3766
457 3662
457 3563
504 4448
504 4065
504 4240
426 3305
426 3314
426 3718
606 4806
606 4879
606 5163
556 4613
556 4498
556 4622
623 4977
623 4965
623 5299
565 4537
565 4719
565 4593
536 4494
536 4649
536 4637
494 4313
494 4020
494 3730
551 4330
551 4585
551 4600
434 3065
434 3884
434 3508
390 3454
390 3100
390 3205
351 3082
351 2975
351 2909
423 3577
423 3435
423 3153
345 2848
345 2833
345 2704
647 5575
647 5116
647 5422
567 4543
567 4677
567 4764
625 5167
625 5435
625 5331
565 4357
565 4663
565 4809
653 5108
653 5491
653 5592
573 4716
573 4538
573 4692
607 4900
607 4901
607 5098
591 4917
591 4892
591 4607
750 5666
750 6311
750 5969
677 5692
677 5366
677 5755
731 6151
731 5986
731 5653
615 5130
615 5395
615 5086
375 3192
375 2931
375 3361
707 5564
707 5901
707 5865
569 4865
569 4818
569 4615
739 5842
739 6136
739 6226
564 4743
564 4761
564 4560
734 6022
734 6421
734 6232
612 5267
612 5027
612 5028
750 6383
750 6255
750 6392
603 4751
603 4766
603 5051
607 4633
607 4915
607 5166
503 3982
503 4042
503 4278
624 4929
624 4942
624 4599
494 4149
494 3965
494 3810
657 5034
657 5448
657 5331
501 4056
501 4414
501 3749
605 4942
605 5022
605 5167
479 3831
479 3577
479 3630
638 5240
638 4999
638 5153
536 4442
536 4599
536 4574
611 4940
611 4846
611 5083
492 4209
492 4138
492 4167
613 5055
613 4793
613 5046
552 4476
552 4625
552 4190
579 4594
579 4917
579 4754
532 4371
532 4377
532 4428
177 1461
177 1571
177 1485
158 1410
158 1227
158 1256
142 1172
142 1188
142 1107
133 1004
133 1100
133 1123
594 4856
594 4999
594 4663
541 4563
541 4583
541 4312
582 4948
582 4858
582 4606
500 4339
500 4116
500 4249
624 5188
624 5037
624 5088
502 4123
502 4041
502 4177
611 4726
611 5031
611 4788
521 4377
521 4081
521 4431
631 5029
631 5061
631 5572
517 4278
517 4224
517 4374
569 4783
569 4569
569 4450
531 4374
531 4482
531 4462
558 4768
558 4247
558 4602
453 3865
453 3868
453 3722
535 4220
535 4404
535 4206
459 3803
459 3855
459 3936
623 4755
623 5211
623 5122
545 4578
545 4614
545 4508
597 5104
597 4998
597 5091
518 4347
518 4166
518 4187
521 4062
521 4144
521 4524
484 3906
484 4092
484 3981
537 4870
537 4625
537 4383
466 3895
466 3884
466 3643
618 5122
618 5132
618 5199
513 4361
513 4011
513 4215
563 4611
563 4902
563 4785
524 4296
524 4314
524 4257
607 5142
607 4784
607 5005
543 4469
543 4201
543 4363
604 4834
604 5009
604 4689
541 4253
541 4770
541 4071
364 3183
364 2972
364 2865
283 2392
283 2214
283 2537
333 2819
333 2732
333 2545
279 2322
279 2215
279 2420
590 5066
590 4603
590 4927
545 4325
545 4488
545 4311
602 4824
602 4763
602 4665
533 4187
533 4281
533 4137
367 2943
367 3206
367 2939
306 2663
306 2185
306 2444
352 2997
352 2628
352 2820
290 2398
290 2326
290 2171
541 4226
541 4276
541 4324
421 3519
421 3283
421 3593
577 4817
577 4506
577 4875
421 3555
421 3422
421 3384
606 4994
606 4817
606 5205
452 3716
452 3559
452 3462
567 4878
567 5030
567 4510
484 3831
484 4121
484 4184
423 3604
423 3507
423 3545
344 2972
344 2949
344 2742
467 3974
467 3698
467 4202
349 2847
349 2879
349 2739
552 4462
552 4557
552 4248
497 3790
497 4297
497 4139
585 5232
585 4814
585 4882
515 4180
515 4392
515 4460
586 4460
586 4254
586 4892
505 4212
505 4261
505 4050
542 4770
542 4507
542 4402
509 4324
509 3923
509 3953
517 4127
517 4184
517 4136
528 4328
528 4202
528 4150
595 4939
595 5006
595 4683
519 4298
519 4332
519 4344
652 5207
652 5185
652 5352
567 4716
567 4208
567 4507
657 5002
657 5348
657 5528
613 4951
613 4829
613 4998
40 387
40 319
40 345
187 1645
187 1799
187 1490
162 1294
162 1258
162 1306
199 1594
199 1620
199 1612
181 1460
181 1576
181 1510
565 4899
565 4750
565 4399
515 4205
515 3979
515 4096
547 4807
547 4928
547 4690
513 4184
513 4286
513 4293
630 5138
630 4814
630 5287
493 4089
493 4042
493 3856
552 4521
552 4389
552 4551
546 4677
546 4470
546 4576
626 5516
626 5180
626 4912
511 4045
511 4028
511 4153
578 4536
578 4990
578 4712
527 4340
527 4172
527 4252
537 4223
537 4276
537 4692
451 3740
451 3818
451 3603
453 3464
453 3957
453 3694
423 3504
423 3338
423 3624
401 3270
401 3441
401 3374
329 2760
329 2824
329 2701
394 3223
394 3197
394 3162
349 2548
349 2915
349 2865
592 4710
592 4906
592 4907
551 4521
551 4499
551 4626
632 5329
632 4983
632 5250
494 3837
494 4176
494 4190
628 5285
628 4830
628 5215
509 4081
509 4662
509 4117
634 5143
634 5319
634 4835
554 4453
554 4701
554 4519
271 2146
271 2284
271 2087
578 4598
578 5005
578 4894
493 3861
493 4335
493 4007
604 4874
604 4709
604 4888
518 4139
518 4205
518 4508
603 5025
603 5275
603 4804
462 4158
462 4124
462 4128
606 4917
606 4776
606 5131
520 4210
520 4202
520 4320
553 4574
553 4555
553 4630
493 4048
493 4081
493 3938
623 4874
623 5164
623 5185
523 4406
523 4481
523 4126
600 4797
600 5135
600 5015
503 4006
503 4190
503 4006
577 4903
577 4616
577 4537
494 4144
494 4160
494 4506
454 3778
454 3925
454 3970
425 3612
425 3406
425 3506
456 3583
456 3978
456 3550
386 3500
386 3139
386 3178
454 3811
454 3826
454 4036
638 5383
638 5537
638 5005
527 4421
527 4335
527 4082
531 4237
531 4298
531 4456
487 4243
487 3878
487 4103
533 4388
533 4512
533 4358
539 4435
539 4247
539 4862
579 4861
579 4867
579 4764
510 4493
510 4129
510 4328
591 4661
591 4756
591 4886
505 4272
505 3980
505 4204
533 4472
533 4444
533 4111
534 4299
534 4390
534 4163
605 5034
605 4532
605 5294
487 4194
487 3724
487 4081
611 5163
611 4785
611 5121
464 3848
464 3631
464 3764
595 5050
595 5034
595 5072
482 4109
482 4333
482 3925
573 4517
573 4796
573 4460
482 4289
482 4059
482 3879
440 3319
440 3712
440 3506
484 4008
484 3770
484 4071
413 3448
413 3418
413 3434
488 4110
488 3864
488 4174
360 2784
360 2958
360 3034
622 4912
622 5129
622 5214
521 3999
521 4285
521 4194
554 4721
554 4726
554 4392
497 3952
497 3788
497 3966
609 4735
609 5325
609 4707
507 4032
507 4084
507 4482
609 5306
609 4957
609 4861
509 3891
509 4004
509 4074
528 4557
528 4162
528 4105
431 3336
431 3315
431 3290
518 4005
518 4355
518 4312
450 3992
450 3949
450 3754
705 5805
705 6125
705 5954
546 4299
546 4282
546 4391
667 5693
667 5857
667 5362
589 4379
589 4571
589 4849
855 6753
855 7084
855 6552
755 6318
755 6553
755 5860
800 6760
800 6622
800 6690
694 5519
694 5725
694 5578
258 2310
258 2184
258 1945
235 2021
235 1894
235 2107
198 1872
198 1609
198 1731
241 1870
241 1971
241 1890
182 1521
182 1316
182 1389
611 4933
611 5239
611 5188
480 3983
480 3563
480 4149
615 5084
615 4645
615 4921
508 4099
508 4478
508 4079
615 5330
615 5261
615 5182
499 4135
499 4034
499 3930
614 4941
614 5166
614 5213
520 4702
520 4313
520 4364
628 4913
628 5340
628 4971
486 3908
486 3978
486 3929
535 4386
535 4593
535 4449
482 4310
482 4053
482 3869
478 3909
478 3670
478 4048
354 2947
354 3100
354 3180
459 3810
459 3832
459 3795
471 3730
471 3968
471 3839
398 3214
398 3138
398 3374
406 3379
406 3211
406 3418
419 3467
419 3501
419 3531
426 3510
426 3520
426 3484
479 3648
479 4271
479 3955
410 3214
410 3508
410 3399
451 3661
451 3649
451 3852
409 3632
409 3446
409 3189
476 3955
476 3691
476 3703
422 3619
422 3461
422 3484
365 2847
365 2778
365 3116
470 3838
470 3932
470 3807
391 3239
391 3030
391 3410
442 3795
442 3425
442 3280
444 3793
444 3574
444 3422
365 3002
365 3013
365 3110
448 3647
448 3650
448 3819
414 3619
414 3494
414 3276
373 2954
373 2981
373 3014
479 3942
479 4218
479 4109
441 3628
441 3701
441 3251
459 3818
459 4149
459 3822
415 3348
415 3488
415 3378
472 3845
472 3693
472 4009
428 3629
428 3631
428 3457
379 2897
379 3086
379 3313
376 3070
376 3173
376 3156
368 3184
368 3076
368 2952
387 3220
387 3276
387 3167
398 3277
398 3324
398 3146
402 3451
402 3232
402 3464
164 1335
164 1369
164 1440
236 1906
236 1800
236 2013
134 960
134 897
134 1154
145 1174
145 1253
145 1331
143 1200
143 1196
143 1230
205 1686
205 1645
205 1524
198 1642
198 1615
198 1822
205 1656
205 1622
205 1611
190 1401
190 1642
190 1604
170 1477
170 1327
170 1220
496 4228
496 4080
496 4255
423 3457
423 3246
423 3406
430 3672
430 3736
430 3608
439 3680
439 3483
439 3593
380 3203
380 3154
380 3133
417 3553
417 3596
417 3574
398 3133
398 3229
398 3283
464 3975
464 3885
464 3801
483 3990
483 4157
483 3962
407 3272
407 3256
407 3233
445 3573
445 3671
445 3633
385 2942
385 2933
385 3106
462 3849
462 3736
462 3800
446 3739
446 3703
446 3726
376 3043
376 2796
376 2913
447 3616
447 3507
447 3705
382 3115
382 3012
382 2990
449 3576
449 3477
449 3640
440 3718
440 3533
440 3547
424 3502
424 3174
424 3522
497 4397
497 4119
497 4293
376 2879
376 2999
376 3338
445 3685
445 3955
445 3893
469 3872
469 3769
469 4014
354 3053
354 2817
354 2848
460 4027
460 3990
460 3436
430 3928
430 3449
430 3434
442 3767
442 3620
442 3605
506 4132
506 4220
506 4198
337 2743
337 2882
337 2778
354 2831
354 2794
354 2776
284 2306
284 2344
284 2231
332 2726
332 2800
332 2670
339 2505
339 3094
339 2904
283 2386
283 2374
283 2561
451 3914
451 3914
451 3610
399 3157
399 3471
399 3048
445 3465
445 3624
445 3546
454 3569
454 3707
454 3829
391 3344
391 3468
391 3332
451 3468
451 3783
451 3874
425 3619
425 3732
425 3356
473 3906
473 3820
473 3673
408 3680
408 3394
408 3188
372 2856
372 3010
372 3226
424 3705
424 3652
424 3421
399 3258
399 3351
399 3496
475 4098
475 3929
475 4042
469 3731
469 3930
469 3859
385 3298
385 3527
385 3048
128 949
128 1070
128 960
520 4310
520 4085
520 4051
457 3701
457 3502
457 3986
361 2939
361 2999
361 3052
458 4057
458 3480
458 3891
466 3958
466 3769
466 4089
412 3369
412 3157
412 3313
171 1351
171 1353
171 1321
427 3367
427 3433
427 3349
361 2780
361 2985
361 3032
394 3252
394 3253
394 3273
423 3366
423 3668
423 3344
362 2967
362 2896
362 3292
426 3327
426 3562
426 3377
376 2891
376 3244
376 2931
407 3531
407 3195
407 3842
409 3367
409 3627
409 3237
345 3075
345 2843
345 2607
420 3351
420 3613
420 3699
376 3291
376 3098
376 2869
428 3405
428 3521
428 3427
410 3513
410 3266
410 3389
371 2955
371 3002
371 2991
474 4033
474 3952
474 3607
430 3475
430 3420
430 3517
497 4086
497 4338
497 4059
511 4436
511 4422
511 4448
435 3476
435 3832
435 3203
497 3951
497 4075
497 4011
447 3609
447 3628
447 3750
463 3826
463 3812
463 3930
513 3823
513 4201
513 4386
412 3323
412 3219
412 3276
506 3951
506 4088
506 4196
430 3353
430 3404
430 3458
502 4118
502 4426
502 4240
439 3273
439 3851
439 3770
438 3849
438 3358
438 3696
240 2095
240 2208
240 1964
189 1612
189 1388
189 1707
231 2074
231 1735
231 1969
210 1661
210 1669
210 1692
175 1269
175 1235
175 1550
512 4201
512 4408
512 4308
436 3611
436 3697
436 3536
483 3644
483 4163
483 4108
498 4297
498 4163
498 4171
447 3733
447 3753
447 3590
516 4616
516 4165
516 3942
428 3510
428 3476
428 3686
486 4257
486 3790
486 4193
484 4178
484 4222
484 4129
476 4060
476 3948
476 4040
472 3999
472 3783
472 3936
438 3375
438 3512
438 3613
461 3681
461 3989
461 3870
522 4284
522 4132
522 4268
466 3487
466 3789
466 3499
457 3502
457 3742
457 3996
377 3078
377 3153
377 3059
488 3529
488 3802
488 3710
485 4176
485 4251
485 4230
381 3398
381 3297
381 3462
481 3836
481 3925
481 3758
408 3267
408 3255
408 2880
470 3792
470 3872
470 3878
459 3838
459 3698
459 3936
408 3224
408 3382
408 3606
523 4238
523 4415
523 4251
408 3432
408 3442
408 3284
545 4594
545 4478
545 4659
499 4092
499 3980
499 4337
437 3452
437 3488
437 3636
251 2029
251 1968
251 1842
215 1775
215 1911
215 1656
253 2098
253 2057
253 2265
260 1871
260 2057
260 2378
208 1814
208 1813
208 1807
410 3063
410 3153
410 3442
330 2804
330 2841
330 2750
364 2874
364 2874
364 2958
398 3327
398 3372
398 3105
345 2756
345 2848
345 2880
380 2860
380 3296
380 3017
364 2871
364 2835
364 3015
406 3457
406 3166
406 3162
379 3331
379 3192
379 3306
316 2644
316 2705
316 2841
384 3309
384 3321
384 3133
334 2558
334 2573
334 2584
395 3235
395 3285
395 3338
405 3391
405 3150
405 3409
351 2878
351 3098
351 2892
405 3299
405 3418
405 3281
338 2563
338 2813
338 2666
387 3126
387 3456
387 3243
419 3335
419 3627
419 3447
365 2966
365 3183
365 2939
398 3073
398 3201
398 3178
341 2535
341 2755
341 2510
436 3458
436 3878
436 3659
383 3268
383 3036
383 3076
369 2980
369 3075
369 3043
424 3505
424 3676
424 3431
349 2633
349 3108
349 2865
420 3486
420 3438
420 3467
399 3258
399 3465
399 3318
333 2776
333 2583
333 2464
290 2105
290 2347
290 2341
329 2689
329 2716
329 2673
265 2095
265 2159
265 2373
360 2953
360 2989
360 2963
354 2775
354 2848
354 2825
287 2173
287 2269
287 2323
383 3211
383 3077
383 3363
336 2592
336 3008
336 2804
382 3315
382 3068
382 3315
441 3751
441 3438
441 3526
370 2963
370 3182
370 2832
427 3520
427 3630
427 3392
334 2655
334 2621
334 2880
414 3462
414 3179
414 3341
398 3385
398 3263
398 3230
349 3099
349 2784
349 3007
395 3490
395 3035
395 2849
338 2898
338 2713
338 2875
419 3276
419 3589
419 3451
423 3562
423 3493
423 3386
335 2797
335 2653
335 2869
433 3562
433 3479
433 3401
338 2784
338 2967
338 2775
428 3460
428 3779
428 3518
372 2966
372 3258
372 2987
355 2787
355 2949
355 2808
400 3253
400 3007
400 3455
337 2967
337 2843
337 2874
400 3264
400 3442
400 2975
413 3238
413 3251
413 3477
376 2875
376 3191
376 2799
447 3365
447 3694
447 3869
347 2879
347 2706
347 2880
414 3517
414 3510
414 3460
384 3174
384 3048
384 3128
358 2964
358 3001
358 2780
397 3499
397 2957
397 3255
374 2823
374 3122
374 3110
428 3584
428 3387
428 3694
415 3530
415 3374
415 3433
341 2768
341 2887
341 2610
343 2693
343 2658
343 2830
326 2624
326 2587
326 2834
462 3839
462 4042
462 3933
404 3136
404 3228
404 3281
475 4159
475 3827
475 3804
486 3973
486 4060
486 3981
411 3251
411 3502
411 3455
473 3993
473 3809
473 3960
348 2937
348 2821
348 2758
493 4223
493 3884
493 3829
469 3772
469 3866
469 3876
415 3504
415 3591
415 3242
464 3736
464 3705
464 3993
394 3387
394 3220
394 3452
449 3631
449 3765
449 3416
468 3871
468 3767
468 3757
424 3510
424 3495
424 3360
464 4014
464 3841
464 3824
421 3598
421 3697
421 3454
455 3732
455 4095
455 3448
488 4003
488 4231
488 4075
368 2863
368 3193
368 2802
144 1240
144 1149
144 1016
142 1101
142 1320
142 1103
177 1599
177 1495
177 1512
171 1268
171 1560
171 1453
145 1069
145 996
145 1312
465 3827
465 3750
465 4046
379 3147
379 3194
379 3311
459 3620
459 3782
459 3828
458 3737
458 3835
458 3322
388 3246
388 3215
388 3096
421 3551
421 3322
421 3277
129 1128
129 919
129 1023
455 3785
455 3683
455 3381
422 3180
422 3290
422 3297
480 3841
480 3790
480 3676
467 3967
467 4070
467 3877
389 3282
389 3028
389 3317
430 3385
430 3320
430 3555
388 3266
388 3544
388 3031
497 4149
497 4191
497 3860
457 3673
457 3557
457 3673
420 3175
420 3247
420 3461
327 2677
327 2688
327 2818
269 2218
269 2088
269 2426
337 2812
337 2710
337 2701
330 2878
330 2551
330 2850
275 2297
275 2292
275 2239
483 3998
483 4094
483 4187
378 2988
378 2953
378 3015
471 3654
471 4101
471 4070
498 3760
498 4346
498 3971
396 3428
396 3302
396 3153
455 3979
455 4009
455 3921
408 3246
408 3421
408 3192
465 3869
465 3552
465 3863
475 3792
475 4122
475 3789
394 3345
394 3043
394 3078
215 1935
215 1721
215 1847
174 1305
174 1472
174 1556
197 1659
197 1567
197 1570
203 1657
203 1888
203 1844
163 1436
163 1447
163 1296
301 2424
301 2391
301 2486
500 4190
500 4374
500 3941
387 2899
387 2822
387 3052
521 4251
521 4298
521 4340
462 3694
462 3624
462 3648
426 3446
426 3679
426 3211
376 3240
376 3092
376 3102
355 3349
355 2742
355 3162
355 2808
355 3164
355 3103
381 3231
381 2963
381 2864
303 2406
303 2764
303 2367
215 1865
215 1709
215 1803
163 1201
163 1418
163 1410
225 1831
225 1847
225 2009
225 1770
225 2113
225 1729
191 1656
191 1609
191 1481
321 2525
321 2612
321 2680
277 2167
277 1988
277 2137
291 2462
291 2533
291 2569
311 2606
311 2798
311 2422
267 2442
267 2143
267 2343
470 3910
470 3483
470 4019
394 3294
394 3484
394 3063
456 3824
456 3764
456 3565
470 3895
470 3766
470 4021
394 3097
394 3209
394 3172
464 3739
464 3863
464 3887
353 2857
353 2988
353 2973
450 3850
450 3698
450 3807
445 3541
445 3475
445 3667
408 3624
408 3339
408 3213
467 3831
467 3878
467 3602
379 2770
379 3158
379 3234
443 3637
443 3362
443 3474
452 3802
452 3546
452 3935
382 3237
382 3113
382 3153
441 3585
441 3507
441 3564
383 2965
383 3018
383 3340
455 3471
455 3840
455 3776
473 4256
473 3887
473 3835
378 3185
378 3280
378 3113
415 3298
415 3344
415 3498
365 3036
365 2961
365 2953
471 4347
471 3862
471 4101
443 3415
443 3620
443 3691
447 3801
447 3902
447 3803
421 3480
421 3453
421 3073
595 4750
595 5088
595 4818
508 4126
508 4206
508 4146
412 3233
412 3566
412 3462
462 3823
462 3795
462 3652
467 3742
467 3614
467 3905
366 2785
366 2955
366 2902
434 3639
434 3468
434 3409
359 3174
359 2894
359 2998
482 3861
482 3928
482 4149
483 3989
483 4142
483 4003
388 3261
388 3092
388 3125
462 3914
462 3699
462 3814
406 3265
406 3293
406 3237
480 3817
480 4106
480 4031
475 3501
475 3961
475 3838
377 2958
377 3114
377 2755
469 3784
469 4121
469 3887
428 3746
428 3355
428 3783
471 3735
471 3734
471 3999
450 3783
450 3728
450 3608
405 3237
405 3340
405 3384
463 3793
463 3695
463 3926
396 3077
396 3674
396 3198
510 3926
510 4148
510 4201
484 3973
484 4025
484 4082
409 3237
409 3469
409 3542
493 4013
493 3964
493 3759
404 3356
404 3190
404 3181
482 3798
482 4012
482 3896
478 4068
478 3691
478 3945
459 3700
459 3714
459 3922
166 1503
166 1242
166 1256
501 4498
501 3889
501 3986
432 3581
432 3390
432 3686
497 4005
497 4086
497 3961
490 4349
490 4035
490 4293
445 3735
445 3695
445 3332
500 4668
500 4102
500 4061
415 3507
415 3508
415 3266
522 4226
522 4233
522 4418
494 4006
494 4122
494 4050
449 3492
449 3683
449 3265
572 4313
572 4805
572 4503
452 3767
452 3456
452 3819
487 3998
487 3778
487 4160
495 3831
495 4183
495 4159
448 3752
448 3803
448 3527
448 3741
448 3593
448 3645
345 2989
345 2767
345 2619
440 3584
440 3582
440 3651
403 3218
403 3574
403 3508
375 3063
375 2929
375 2869
476 4065
476 4056
476 3985
354 2772
354 2907
354 2909
475 3947
475 3891
475 3792
422 3524
422 3354
422 3322
382 3108
382 2709
382 3102
336 2704
336 2744
336 3011
295 2403
295 2435
295 2588
366 2965
366 3126
366 2974
369 3149
369 2940
369 3047
282 2260
282 2311
282 2262
479 4245
479 3863
479 4164
428 3507
428 3408
428 3465
474 3784
474 3910
474 3861
513 4102
513 4329
513 4208
385 3251
385 3067
385 2924
466 3888
466 3747
466 3779
436 3729
436 3518
436 3752
460 3823
460 4029
460 3826
526 4328
526 4102
526 4132
434 3698
434 3979
434 3655
486 4067
486 4174
486 3811
434 3400
434 3465
434 3704
486 4241
486 4003
486 3809
506 4082
506 3932
506 4124
398 3280
398 3372
398 3215
499 4000
499 4159
499 3988
429 3521
429 3664
429 3555
471 3695
471 3732
471 3792
467 4164
467 4287
467 3994
437 3514
437 3546
437 3404
473 3859
473 3958
473 3845
467 3572
467 3737
467 3833
448 3427
448 4048
448 3492
519 4437
519 4328
519 4281
504 3955
504 4012
504 4114
421 3595
421 3767
421 3649
478 4119
478 3883
478 4022
440 3584
440 3701
440 3461
524 4406
524 4309
524 4602
483 4015
483 3995
483 3951
448 3659
448 3642
448 3357
515 4103
515 4252
515 4078
469 3644
469 3899
469 3964
523 4501
523 4317
523 4453
486 4121
486 4025
486 3950
407 3578
407 3426
407 3494
522 4553
522 4364
522 4287
445 3704
445 4170
445 3626
525 4460
525 4067
525 4534
506 3971
506 3984
506 4165
451 3757
451 3759
451 3715
575 4498
575 4772
575 4541
459 3662
459 3728
459 3725
546 4345
546 4429
546 4568
505 4041
505 4266
505 4186
463 4031
463 3961
463 4069
285 2441
285 2158
285 2473
270 2226
270 2091
270 2185
277 2265
277 2343
277 2379
277 2208
277 2254
277 2628
236 1749
236 2064
236 2108
588 4956
588 4542
588 4969
529 4393
529 4448
529 4087
558 4800
558 4239
558 4643
613 4970
613 5013
613 5475
484 4440
484 3814
484 3998
618 5011
618 5357
618 5222
545 4447
545 4463
545 4298
603 5064
603 4845
603 4787
591 5069
591 4396
591 4803
499 4142
499 4294
499 4334
626 5269
626 5070
626 4990
524 4230
524 3978
524 4422
640 5085
640 5470
640 5513
604 5004
604 4910
604 4828
554 4619
554 4295
554 4964
630 5376
630 5106
630 5148
562 4657
562 4351
562 4636
651 5360
651 5236
651 5456
640 5180
640 5157
640 5046
553 4529
553 4539
553 4276
666 5384
666 5821
666 5421
616 5097
616 5130
616 4899
630 5152
630 5253
630 5316
669 5697
669 5646
669 5461
588 4667
588 4666
588 4907
685 5742
685 5344
685 5527
603 5340
603 5164
603 4844
681 5598
681 5682
681 5852
685 5724
685 5382
685 5278
650 5347
650 5058
650 5488
197 1844
197 1511
197 1556
161 1240
161 1337
161 1360
195 1569
195 1697
195 1576
189 1698
189 1497
189 1696
152 1353
152 1170
152 1216
491 4201
491 4074
491 3805
420 3316
420 3490
420 3506
467 3803
467 4159
467 3969
482 3728
482 3962
482 3868
383 2975
383 3077
383 2966
499 4420
499 4116
499 4431
386 3351
386 3209
386 3131
517 4209
517 4218
517 4319
484 4159
484 3847
484 4165
382 3214
382 3297
382 3075
445 3773
445 3690
445 3945
424 3627
424 3328
424 3669
476 4110
476 3932
476 3967
514 3965
514 4419
514 4339
402 3165
402 3123
402 3450
369 3321
369 3167
369 3216
304 2789
304 2419
304 2556
350 2787
350 2640
350 2681
350 2818
350 2620
350 2729
311 2722
311 2560
311 2497
377 2816
377 2984
377 3134
325 2571
325 2634
325 2677
368 3156
368 2867
368 3208
375 3231
375 3034
375 2933
312 2453
312 2480
312 2677
497 3942
497 4023
497 4056
427 3426
427 3328
427 3398
479 3916
479 3816
479 4183
491 4082
491 4348
491 3641
416 3095
416 3446
416 3587
467 3759
467 3605
467 3753
389 3060
389 3179
389 2980
504 4121
504 4315
504 4032
494 3790
494 3918
494 3921
440 3971
440 3870
440 3641
492 4084
492 3831
492 3740
411 3222
411 3215
411 3376
482 4030
482 3929
482 3824
473 3779
473 3833
473 3903
455 3798
455 3815
455 3659
483 3989
483 3859
483 3946
453 3514
453 3691
453 3788
492 4221
492 4195
492 4373
503 4223
503 4202
503 4130
399 3360
399 3514
399 3224
519 4454
519 3895
519 4180
457 3594
457 3868
457 3696
603 5149
603 4785
603 4767
530 4414
530 4481
530 4490
474 4081
474 3942
474 4275
509 4058
509 4386
509 3940
412 3376
412 3251
412 3309
483 3640
483 4022
483 4105
535 4342
535 4412
535 4506
375 3192
375 3074
375 2962
498 4128
498 4318
498 3939
412 3063
412 3302
412 3320
492 3898
492 4109
492 3896
489 4242
489 3841
489 3996
417 3319
417 3471
417 3070
502 3889
502 3814
502 4197
427 3344
427 3626
427 3595
478 3871
478 3790
478 4000
494 3925
494 3887
494 4012
432 3433
432 3324
432 3416
248 2298
248 2027
248 2018
191 1620
191 1595
191 1525
235 2030
235 1838
235 2003
255 2209
255 1948
255 2256
217 1745
217 1894
217 1734
490 4178
490 4312
490 4273
429 3647
429 3703
429 3461
478 3935
478 3922
478 4118
494 3826
494 3778
494 3819
447 3864
447 3743
447 3919
548 4269
548 4695
548 4537
410 3283
410 3313
410 2921
491 3800
491 3656
491 3997
469 3789
469 3878
469 3670
393 3276
393 3471
393 3182
225 2056
225 1898
225 2144
217 1836
217 1664
217 1773
221 1671
221 1754
221 2050
242 2114
242 2259
242 1966
200 1562
200 1628
200 1564
524 4662
524 4330
524 4384
469 4282
469 3959
469 4024
540 4573
540 4553
540 4442
494 4005
494 4299
494 4224
470 3866
470 3899
470 3894
585 4845
585 5094
585 4793
448 3465
448 3620
448 3858
515 4271
515 4068
515 4410
521 4235
521 4140
521 4388
450 3585
450 3482
450 3411
528 4322
528 4528
528 4467
478 4222
478 3835
478 4191
504 3948
504 4375
504 4176
526 4609
526 4388
526 4471
492 4026
492 3949
492 4150
517 4151
517 4280
517 4075
478 3859
478 3888
478 3948
522 4438
522 4361
522 4197
541 4552
541 4233
541 4416
460 3705
460 3855
460 3387
527 4542
527 4442
527 4488
427 3251
427 3603
427 3555
499 4134
499 3991
499 3790
547 4491
547 4309
547 4468
467 3444
467 3859
467 3861
514 4134
514 4143
514 4230
481 4007
481 4081
481 3880
517 3970
517 4256
517 4391
508 4166
508 4122
508 4386
473 3924
473 3846
473 3825
578 4984
578 4409
578 4829
420 3307
420 3295
420 3475
536 4365
536 4429
536 4470
516 4211
516 4262
516 4339
455 3860
455 3772
455 3793
80 718
80 623
80 688
526 4221
526 4179
526 4466
451 3834
451 3726
451 3573
560 4664
560 4189
560 4505
535 4370
535 4606
535 4576
470 4203
470 3733
470 3744
261 2404
261 2083
261 2315
232 1756
232 1931
232 1946
247 2058
247 2142
247 2118
255 1971
255 2218
255 2252
225 1718
225 1803
225 1700
419 3547
419 3508
419 3244
333 2580
333 2541
333 2560
435 3470
435 3917
435 3639
468 3771
468 3810
468 3637
304 2686
304 2303
304 2789
455 3673
455 3639
455 3747
352 3086
352 2888
352 2914
441 3701
441 3557
441 3784
415 3458
415 3452
415 3153
367 3009
367 3028
367 3061
418 3438
418 3091
418 3297
355 3008
355 2784
355 2659
446 3966
446 3813
446 3641
471 3889
471 4067
471 4093
363 2824
363 3075
363 3029
341 2669
341 2813
341 2878
289 2560
289 2419
289 2290
375 2940
375 3035
375 3273
333 2736
333 2954
333 2709
292 2321
292 2422
292 2504
467 3836
467 4026
467 3940
355 2998
355 2836
355 3020
451 3306
451 3926
451 3726
442 3867
442 3838
442 3465
401 3170
401 3144
401 3676
477 4034
477 3794
477 3895
365 2937
365 2996
365 2801
451 3516
451 3858
451 3580
465 3831
465 3739
465 3967
412 3116
412 3220
412 3382
470 3870
470 4018
470 3700
429 3842
429 3407
429 3582
454 3831
454 3820
454 3645
466 4023
466 3975
466 3937
408 3021
408 3390
408 3334
473 3777
473 4115
473 3875
420 3375
420 3316
420 3516
476 3823
476 3917
476 3905
482 3744
482 4062
482 3825
390 2951
390 3173
390 3139
494 4331
494 3746
494 4091
422 3658
422 3306
422 3450
488 4001
488 4262
488 4188
467 3664
467 4145
467 3935
436 3617
436 3542
436 3555
485 3796
485 3961
485 3779
426 3375
426 3383
426 3389
509 3982
509 4315
509 4160
463 3990
463 3908
463 3648
411 3361
411 3439
411 3263
217 1726
217 1810
217 1952
204 1566
204 1610
204 1678
237 1847
237 1973
237 1904
281 2312
281 2126
281 2086
198 1570
198 1494
198 1449
491 4284
491 4074
491 4122
406 3085
406 3585
406 3432
504 4581
504 4207
504 4127
490 3841
490 3881
490 4480
418 3467
418 3290
418 3209
490 3866
490 4385
490 4059
425 3595
425 3421
425 3416
519 4659
519 4148
519 4206
456 3754
456 3786
456 3810
414 3292
414 3576
414 3330
471 3935
471 3660
471 3752
388 3157
388 3158
388 2990
506 3966
506 4121
506 3884
502 4098
502 4053
502 4086
436 3586
436 3877
436 3716
142 1122
142 1226
142 1148
503 4260
503 4341
503 4314
456 4019
456 3810
456 3597
486 3982
486 3911
486 4254
495 4211
495 4097
495 4062
407 3269
407 3214
407 3059
476 3754
476 4255
476 3728
431 3607
431 3488
431 3811
496 3880
496 3944
496 4221
504 4211
504 3788
504 4245
470 3767
470 3794
470 4045
500 4057
500 4118
500 3937
457 3874
457 3703
457 3779
490 4307
490 3998
490 4224
481 3912
481 4120
481 4000
437 3524
437 3725
437 3589
332 2531
332 2734
332 2661
509 3903
509 4072
509 4176
428 3593
428 3210
428 3450
499 4021
499 4439
499 4360
530 4091
530 4422
530 4537
404 3082
404 3248
404 3559
488 4154
488 4087
488 4030
420 3449
420 3406
420 3754
479 3857
479 3999
479 3465
532 4365
532 4528
532 4314
457 3696
457 3702
457 3550
155 1220
155 1278
155 1207
171 1283
171 1523
171 1366
185 1443
185 1641
185 1578
205 1821
205 1654
205 1835
170 1211
170 1496
170 1274
435 3324
435 3738
435 3577
419 3640
419 3220
419 3392
452 3943
452 3618
452 3626
490 3829
490 3860
490 4078
432 3572
432 3607
432 3358
656 5364
656 5651
656 5681
569 4577
569 4916
569 4515
613 4740
613 4834
613 5411
682 5659
682 5600
682 5368
572 4732
572 4643
572 4911
668 5251
668 5494
668 5726
576 4948
576 4670
576 4552
685 5545
685 5403
685 6026
690 6159
690 5756
690 5629
588 4659
588 4461
588 4619
507 3871
507 4269
507 4574
449 3766
449 3562
449 3555
496 4020
496 4027
496 3950
507 4240
507 4463
507 4059
444 3567
444 3671
444 3481
334 2906
334 2680
334 2531
333 2647
333 2560
333 2735
386 3292
386 3185
386 2997
368 3116
368 2892
368 2852
340 3036
340 2925
340 2787
663 6032
663 5409
663 5711
611 4806
611 4955
611 5230
644 5141
644 5178
644 5149
712 6029
712 5870
712 6108
550 4522
550 4458
550 4551
669 5109
669 5479
669 5351
583 4990
583 4682
583 4866
688 5708
688 5748
688 5485
633 5300
633 5072
633 5341
623 4813
623 5130
623 4980
358 2713
358 2804
358 2572
653 5265
653 5399
653 5206
569 4750
569 4721
569 4461
700 5707
700 5957
700 5921
686 5504
686 5676
686 5883
606 4851
606 4923
606 5125
608 4816
608 5046
608 4825
529 4021
529 4241
529 4072
630 5197
630 5202
630 4659
622 5107
622 4945
622 4964
559 4812
559 4818
559 4862
344 2948
344 2835
344 2706
291 2316
291 2301
291 2183
306 2271
306 2556
306 2355
325 2918
325 2682
325 2679
309 2457
309 2593
309 2173
668 5436
668 5695
668 5738
578 4633
578 4795
578 4782
691 5344
691 5635
691 5617
679 5643
679 5386
679 5691
585 4411
585 4716
585 5209
646 5608
646 5068
646 5348
606 5009
606 4736
606 4643
670 5379
670 5391
670 5341
683 5824
683 5785
683 5616
577 4704
577 4202
577 4877
292 2237
292 2473
292 2359
251 2072
251 2199
251 1898
308 2482
308 2550
308 2308
308 2474
308 2593
308 2576
256 1958
256 2197
256 1995
429 3664
429 3543
429 3341
412 3608
412 3288
412 3373
455 3642
455 3533
455 4105
468 3490
468 3773
468 3735
407 3130
407 3410
407 3295
464 3702
464 3785
464 3513
401 3462
401 3454
401 3320
465 3833
465 3832
465 3737
508 4016
508 4134
508 4485
413 2920
413 3201
413 3341
135 1186
135 1175
135 983
489 3928
489 3961
489 3920
431 3739
431 3326
431 3417
511 4060
511 4074
511 4467
540 4514
540 4082
540 4070
429 3617
429 3639
429 3510
404 3390
404 3196
404 3411
359 3080
359 3092
359 2856
406 3490
406 3320
406 3264
420 3490
420 3307
420 3180
353 2629
353 2978
353 3129
486 3931
486 4175
486 3993
465 4005
465 4063
465 4009
500 4055
500 4358
500 4102
484 4134
484 3742
484 4093
458 3832
458 3912
458 3796
414 3485
414 3444
414 3340
356 2891
356 3126
356 3029
399 3256
399 3384
399 3316
446 3431
446 3655
446 3367
319 2511
319 2864
319 2892
100 832
100 772
100 870
526 4466
526 4427
526 4550
446 3507
446 3523
446 3714
492 4309
492 3893
492 4274
509 3983
509 4222
509 3739
437 3889
437 3580
437 3689
499 4126
499 4212
499 4011
445 3641
445 3708
445 3512
489 3748
489 4157
489 3966
477 3923
477 3843
477 4080
444 3740
444 3521
444 3421
506 4221
506 4180
506 4127
426 3490
426 3770
426 3736
486 4365
486 4124
486 4211
498 4140
498 4025
498 3862
453 3697
453 3856
453 3770
283 2239
283 2544
283 2391
259 2191
259 2310
259 2326
318 2668
318 2697
318 2571
309 2589
309 2767
309 2392
288 2631
288 2277
288 2380
702 5441
702 5743
702 5977
585 4750
585 4653
585 4819
705 5785
705 6091
705 5495
686 5635
686 5651
686 5399
589 4769
589 4749
589 4945
681 5783
681 5408
681 5752
608 5002
608 5102
608 4828
705 5552
705 5296
705 5600
691 5596
691 5457
691 5613
597 4858
597 4811
597 5250
569 4801
569 4979
569 4509
510 4069
510 3949
510 4348
583 4711
583 4868
583 4711
555 4405
555 4154
555 4381
498 4117
498 4359
498 4197
701 5996
701 5681
701 5807
634 4953
634 5189
634 5238
753 6162
753 6424
753 5947
713 5998
713 5749
713 5955
699 5893
699 5655
699 6006
678 5642
678 5620
678 5684
543 4449
543 4347
543 4418
662 5380
662 5606
662 5054
696 5792
696 5462
696 5934
618 5036
618 5200
618 5072
536 3955
536 4423
536 4682
433 3633
433 3755
433 3669
491 4012
491 3887
491 3800
536 4588
536 4594
536 4323
423 3749
423 3425
423 3543
279 2211
279 2148
279 2139
193 1792
193 1682
193 1570
247 2066
247 1925
247 1875
240 2016
240 2114
240 2125
190 1704
190 1584
190 1644
503 4147
503 4188
503 4317
444 3327
444 3751
444 3636
532 4526
532 4466
532 4319
509 4146
509 4536
509 4430
434 3412
434 3707
434 3157
535 4374
535 4325
535 4508
444 3662
444 3648
444 3559
528 4289
528 3961
528 4227
532 4387
532 4396
532 4217
416 3358
416 3116
416 3331
509 4418
509 3980
509 4221
444 3577
444 3796
444 3563
528 4325
528 4246
528 4299
495 3968
495 3954
495 3852
452 3901
452 3666
452 3656
499 3859
499 4026
499 4389
435 3556
435 3490
435 3086
501 4231
501 4353
501 3934
550 4548
550 4867
550 4596
451 3499
451 3940
451 3906
507 4345
507 4098
507 4576
394 3176
394 3211
394 3467
520 4328
520 4360
520 4465
484 3936
484 4236
484 4134
509 4168
509 4107
509 4259
474 3542
474 4124
474 4002
538 4574
538 5076
538 4415
557 4763
557 4173
557 4804
477 3949
477 3830
477 3830
573 4808
573 4345
573 4744
528 4275
528 4277
528 4134
562 4450
562 4470
562 4725
548 4642
548 4433
548 4368
526 4164
526 4238
526 3946
441 3724
441 3603
441 3613
520 4064
520 4227
520 4209
480 4086
480 3906
480 3780
570 4785
570 4488
570 4560
462 4003
462 3681
462 3844
548 4314
548 4265
548 4728
522 4159
522 4180
522 4260
493 3979
493 3922
493 4041
612 5102
612 5325
612 4876
528 4611
528 4580
528 4052
631 5466
631 4938
631 5328
563 4393
563 4508
563 4717
631 5510
631 5202
631 5395
544 4519
544 4434
544 4462
634 5144
634 5079
634 4888
538 4697
538 4626
538 4223
233 1787
233 1912
233 1819
137 1207
137 1090
137 1070
130 1014
130 940
130 993
862 6916
862 7012
862 7308
1068 8039
1068 8900
1068 9116
924 7396
924 7887
924 7505
149 1250
149 1351
149 1052
214 1768
214 1867
214 1751
169 1323
169 1486
169 1258
481 3841
481 3949
481 4083
642 5466
642 5237
642 4997
518 4098
518 4021
518 4282
951 8076
951 8112
951 7569
1174 9509
1174 10263
1174 9586
949 7825
949 7733
949 7960
607 4871
607 5071
607 5093
480 3944
480 3803
480 4033
611 5218
611 5256
611 5114
597 5094
597 4939
597 5262
522 4398
522 4633
522 4272
463 4037
463 4017
463 3562
438 3527
438 3441
438 3318
458 3978
458 3876
458 3481
499 3993
499 3852
499 3855
397 3396
397 3092
397 3248
524 4353
524 4503
524 4181
392 3140
392 3011
392 3329
465 3954
465 3951
465 3799
453 3852
453 3806
453 3617
421 3350
421 3385
421 3577
505 4028
505 4132
505 4242
396 2941
396 3145
396 3474
490 3625
490 4094
490 3726
485 3863
485 3932
485 4047
411 3623
411 3237
411 3226
302 2452
302 2383
302 2516
521 4380
521 4309
521 4447
404 3249
404 3049
404 3042
469 3497
469 3795
469 3668
476 3827
476 4037
476 3959
425 3425
425 3425
425 3362
519 4214
519 4092
519 4289
407 3330
407 3413
407 3496
473 3842
473 3858
473 3878
477 3965
477 4041
477 3711
434 3415
434 3737
434 3475
456 3869
456 3694
456 3930
448 3677
448 3824
448 3630
513 4006
513 4278
513 4734
496 4432
496 3870
496 4075
425 3393
425 3399
425 3393
466 3696
466 3760
466 3835
438 3273
438 3822
438 3259
504 4434
504 4147
504 4292
490 4068
490 4165
490 4068
432 3611
432 3669
432 3718
418 3304
418 3408
418 3602
421 3467
421 3328
421 3706
493 3962
493 4104
493 3941
515 4150
515 4478
515 4390
450 3679
450 3489
450 3831
58 434
58 405
58 546
653 5500
653 5047
653 5048
574 4913
574 4646
574 4427
665 5702
665 5639
665 5337
646 5072
646 5898
646 5608
562 4738
562 4603
562 4645
640 4821
640 5607
640 5137
559 4459
559 4595
559 4501
671 5330
671 5458
671 5497
682 5615
682 5421
682 5741
525 4832
525 4373
525 4270
743 5999
743 5863
743 6199
695 5748
695 5615
695 5721
823 6606
823 6553
823 6630
789 6366
789 6498
789 6335
717 6148
717 5960
717 5701
640 5254
640 5256
640 5044
538 4021
538 4367
538 4424
687 5739
687 5625
687 5557
645 5443
645 5064
645 4991
568 4579
568 4702
568 4781
640 5357
640 4992
640 5516
545 4599
545 4709
545 4519
627 4797
627 5278
627 5202
660 5591
660 5535
660 5326
500 4298
500 4337
500 4213
726 5909
726 5896
726 5864
585 4627
585 4815
585 4856
713 5734
713 5899
713 5862
669 5107
669 5519
669 5417
618 4670
618 4897
618 5089
150 1085
150 1132
150 1165
138 991
138 1056
138 1214
157 1115
157 1299
157 1273
130 975
130 1147
130 1069
125 1105
125 1064
125 917
317 2645
317 2606
317 2576
304 2462
304 2541
304 2271
369 3112
369 2981
369 2936
378 3106
378 3116
378 3307
311 2481
311 2575
311 2544
353 2784
353 2928
353 2950
301 2465
301 2344
301 2790
330 2490
330 2705
330 2591
381 2981
381 3003
381 3077
315 2797
315 2548
315 2557
694 5448
694 5534
694 5757
565 4781
565 4593
565 4975
655 5149
655 5403
655 5595
696 5704
696 5978
696 5925
575 4719
575 4745
575 4856
202 1541
202 1640
202 1721
155 1405
155 1387
155 1311
194 1608
194 1415
194 1691
212 1821
212 1814
212 1741
160 1389
160 1320
160 1525
123 899
123 916
123 1077
359 3045
359 2755
359 3121
384 3169
384 3130
384 3129
421 3246
421 3270
421 3594
428 3251
428 3567
428 3386
379 3258
379 2898
379 3004
689 5491
689 5520
689 5739
621 5247
621 5074
621 5679
676 6063
676 5544
676 5495
667 5528
667 5393
667 5452
597 5005
597 4882
597 4468
565 4825
565 5116
565 4549
484 3764
484 3849
484 4161
564 4440
564 4635
564 4381
555 4429
555 4222
555 4530
468 4081
468 3819
468 3739
791 6739
791 6739
791 6439
670 5560
670 5469
670 5731
746 6161
746 6275
746 6341
757 6455
757 6329
757 5916
662 5730
662 5578
662 5415
540 4592
540 4728
540 4258
490 3783
490 4245
490 4112
554 4816
554 4569
554 4644
563 4735
563 4364
563 4547
464 4067
464 3867
464 3902
809 6446
809 6533
809 7039
767 6355
767 5670
767 6374
837 6709
837 6714
837 6920
860 7510
860 7396
860 7430
755 6205
755 6205
755 6592
513 4122
513 4178
513 4546
436 3558
436 3481
436 3609
504 3899
504 4146
504 4062
518 4213
518 4098
518 4068
428 3561
428 3543
428 3378
447 3683
447 3341
447 3585
461 3745
461 3623
461 3765
515 4243
515 4390
515 4174
517 3913
517 4342
517 4224
453 3608
453 3738
453 4037
210 1745
210 1872
210 1824
157 1322
157 1347
157 1124
204 1701
204 1569
204 1839
212 1710
212 1756
212 1772
164 1484
164 1241
164 1280
366 2859
366 3185
366 3293
237 1894
237 1951
237 1951
210 1810
210 1680
210 1942
244 1765
244 2020
244 1973
220 1645
220 1839
220 1788
217 1769
217 1877
217 2148
517 4223
517 4339
517 4721
470 3784
470 3735
470 3950
472 3841
472 3961
472 3926
523 4447
523 4351
523 4173
437 3603
437 3552
437 3726
471 4134
471 4005
471 4236
433 3443
433 3183
433 3506
510 4285
510 3929
510 4270
477 3911
477 3952
477 3852
465 3469
465 3938
465 3869
488 3932
488 4454
488 3995
418 3310
418 3604
418 3613
530 4566
530 4224
530 4589
519 4231
519 4212
519 4230
431 3566
431 3573
431 3472
465 3760
465 3759
465 4000
408 3213
408 3476
408 3530
446 3319
446 3450
446 3750
458 3581
458 3735
458 3766
407 3320
407 3165
407 3156
486 4177
486 4011
486 4077
435 3739
435 3575
435 3283
500 4315
500 3956
500 4045
524 3816
524 4464
524 4357
404 3381
404 3448
404 3698
752 6168
752 6311
752 6232
645 5533
645 4952
645 5081
819 6750
819 6507
819 6062
775 6031
775 6260
775 6318
631 5174
631 4970
631 5206
669 5351
669 5529
669 5672
635 5134
635 5185
635 5131
654 5523
654 5284
654 5387
680 5495
680 5439
680 5609
550 4390
550 4618
550 4533
420 3533
420 3645
420 3350
398 3091
398 3346
398 3260
462 3866
462 3732
462 3668
463 3798
463 3639
463 3729
372 3048
372 3168
372 3105
506 4401
506 4212
506 4417
448 3594
448 3630
448 3323
496 3700
496 3917
496 4242
511 4238
511 3925
511 4453
473 3904
473 3901
473 3892
798 6803
798 6786
798 6659
727 5994
727 6120
727 6009
802 6500
802 6689
802 6452
767 6243
767 5830
767 6162
674 5493
674 5065
674 5526
24 197
24 236
24 190
718 6096
718 5900
718 5846
635 4955
635 5070
635 5247
689 5853
689 5685
689 5978
738 6021
738 5561
738 6114
621 4988
621 4853
621 5040
461 3742
461 3881
461 3841
422 3426
422 3285
422 3719
487 4077
487 3794
487 4009
425 3383
425 3473
425 3657
410 3166
410 3950
410 2998
271 2101
271 2380
271 2039
804 6675
804 6466
804 6395
705 5826
705 5740
705 5465
861 7008
861 6857
861 6453
809 6703
809 6880
809 6576
757 6057
757 6261
757 6075
579 4835
579 4728
579 4721
512 4432
512 4266
512 4451
606 4534
606 4973
606 5142
601 4823
601 5021
601 4911
550 4640
550 4504
550 4780
610 4910
610 5006
610 4747
550 4491
550 4589
550 4558
599 4900
599 5095
599 5071
563 4424
563 4740
563 4451
480 4217
480 4219
480 4055
464 4034
464 3749
464 3915
130 1026
130 973
130 1142
303 2287
303 2346
303 2708
290 2435
290 2439
290 2137
331 2812
331 2689
331 2839
358 2791
358 2917
358 3133
269 2269
269 2235
269 2280
701 5826
701 5983
701 5962
699 6187
699 5943
699 5747
829 6881
829 6572
829 6971
821 6749
821 6789
821 6641
654 5482
654 5468
654 5368
936 7626
936 7506
936 7859
796 6266
796 6146
796 6567
928 7110
928 7271
928 7678
904 7145
904 7373
904 7480
775 6048
775 6243
775 6297
570 4390
570 4724
570 4357
526 4262
526 4196
526 4026
583 4808
583 4693
583 4750
603 5351
603 4766
603 4826
534 4501
534 4270
534 4451
441 3528
441 3679
441 3673
400 3268
400 3229
400 3247
409 3374
409 3287
409 3266
461 3289
461 3786
461 3889
359 2915
359 3009
359 2957
819 6598
819 6869
819 6722
665 5272
665 5758
665 5465
746 5751
746 6241
746 6130
796 6953
796 6782
796 6445
666 5490
666 5535
666 5410
752 6173
752 5764
752 6269
581 4545
581 4675
581 4655
729 6021
729 5999
729 6497
726 5936
726 6347
726 6176
620 4944
620 5251
620 5239
959 7995
959 8267
959 8115
755 6325
755 5997
755 6423
942 7810
942 7963
942 8175
890 7667
890 6998
890 7482
842 7015
842 7154
842 6892
565 4684
565 4598
565 4806
466 3692
466 3898
466 3917
567 4522
567 4977
567 4957
550 4791
550 4323
550 4360
494 3935
494 4120
494 3808
517 4247
517 4551
517 4416
452 3727
452 3637
452 3709
538 4951
538 4213
538 4313
541 4325
541 4373
541 4463
486 4006
486 4153
486 3881
533 4275
533 4266
533 4336
448 3651
448 3554
448 3663
534 4286
534 4575
534 4590
493 3772
493 4125
493 3877
459 3829
459 3952
459 3770
530 4479
530 4262
530 4328
437 3558
437 3873
437 3656
516 4282
516 4438
516 4084
518 4557
518 4043
518 4475
449 3666
449 3692
449 3473
509 4419
509 4264
509 4265
453 3557
453 3680
453 3821
530 4391
530 4120
530 4429
502 4144
502 4061
502 3928
459 3798
459 3404
459 3841
273 2337
273 2317
273 2074
514 3878
514 4057
514 4279
431 3575
431 3817
431 3178
507 4214
507 4254
507 4141
532 4603
532 4404
532 4496
441 3515
441 3581
441 3770
472 3973
472 3892
472 3818
436 3448
436 3546
436 3623
542 4492
542 4194
542 4476
511 4525
511 4335
511 4232
457 3676
457 3722
457 3676
530 3999
530 4494
530 4639
426 3496
426 3733
426 3498
508 4268
508 4236
508 3865
506 4177
506 4154
506 4211
502 3940
502 4165
502 3981
536 4121
536 4295
536 4472
477 3943
477 3659
477 3786
469 4041
469 3806
469 3830
543 4386
543 4111
543 4382
412 3223
412 3466
412 3272
473 3633
473 4004
473 4105
444 3510
444 3722
444 3351
539 4505
539 4435
539 4653
567 4593
567 4422
567 4665
415 3441
415 3401
415 3325
661 5474
661 5645
661 5459
550 4847
550 4473
550 4596
642 5387
642 5452
642 5221
616 4827
616 4538
616 5175
556 4636
556 4539
556 4349
593 4919
593 4811
593 4769
549 4729
549 4499
549 4166
614 5165
614 4678
614 4884
646 5291
646 4976
646 5349
514 4448
514 4129
514 4224
613 5232
613 4980
613 4825
533 4487
533 4547
533 4427
613 5137
613 4806
613 5093
624 5052
624 5062
624 5035
501 3967
501 4072
501 3824
334 2904
334 2789
334 2768
305 2205
305 2925
305 2634
342 2650
342 2964
342 2807
361 2984
361 2883
361 3202
331 2596
331 2475
331 2559
847 7122
847 7110
847 6902
767 6225
767 6427
767 6431
819 6836
819 6585
819 6758
830 6804
830 6717
830 6823
682 5686
682 5484
682 5615
524 4368
524 4394
524 4076
463 3876
463 3884
463 3813
574 4741
574 4659
574 4633
524 4605
524 4106
524 4310
440 3898
440 3729
440 3413
712 5801
712 5795
712 5888
608 4924
608 4867
608 5087
720 5627
720 5477
720 5841
630 4867
630 5036
630 5324
608 5069
608 4905
608 4981
732 6108
732 6143
732 5743
582 4917
582 4861
582 4940
705 5723
705 5713
705 5589
686 5615
686 5489
686 5766
603 4664
603 4978
603 5001
693 5610
693 5687
693 5861
611 4931
611 5442
611 5011
718 5886
718 5809
718 5876
754 6400
754 6637
754 6103
575 4649
575 4385
575 4745
535 4235
535 4155
535 4384
484 3846
484 4158
484 3930
512 4038
512 4307
512 4152
512 4070
512 4017
512 4244
458 3849
458 3777
458 3507
656 5422
656 5463
656 5806
571 4788
571 4626
571 4750
674 5272
674 5372
674 5796
654 5330
654 5170
654 5166
556 4508
556 4769
556 4206
562 4610
562 4598
562 4554
505 4163
505 4405
505 3982
553 4308
553 4601
553 4426
534 4473
534 4362
534 4502
490 4190
490 4176
490 3975
689 5957
689 5437
689 5231
606 5209
606 4959
606 5084
743 6011
743 5798
743 5740
688 5786
688 5506
688 5733
630 5092
630 5705
630 5175
489 4021
489 4105
489 3970
438 3562
438 3466
438 3693
523 4251
523 4386
523 4696
509 4092
509 4128
509 3955
455 3828
455 3505
455 3701
600 4899
600 4967
600 5100
461 3697
461 4166
461 3955
505 4045
505 4311
505 4408
535 4330
535 4587
535 4269
462 3872
462 3699
462 3683
816 6691
816 6572
816 6620
723 5982
723 6140
723 6115
837 6923
837 6901
837 6811
801 6607
801 6547
801 6212
752 6058
752 6183
752 6183
491 3894
491 3655
491 3892
394 3347
394 3223
394 3055
479 4069
479 3950
479 3956
498 4093
498 4226
498 4047
393 3254
393 3212
393 3250
479 3616
479 3886
479 3963
398 3206
398 3187
398 3346
496 4037
496 3972
496 4243
454 3932
454 3653
454 3779
434 3340
434 3322
434 3501
461 3917
461 3621
461 4040
386 3047
386 3117
386 3081
459 3591
459 4029
459 3513
507 4051
507 4266
507 4161
438 3581
438 3679
438 3588
431 3361
431 3416
431 3561
415 3447
415 3261
415 3366
518 4496
518 4245
518 4124
456 3782
456 3808
456 4094
400 3219
400 3321
400 3383
467 3773
467 4061
467 3805
416 3298
416 3644
416 3618
506 4121
506 4588
506 4268
469 3872
469 3713
469 3692
406 3615
406 3239
406 3448
455 3771
455 3791
455 3805
430 3378
430 3519
430 3592
469 3654
469 3872
469 3759
512 4295
512 4383
512 4125
407 3217
407 3522
407 3311
508 4272
508 4142
508 4364
407 3287
407 3327
407 3331
491 4144
491 3980
491 3925
473 3967
473 4011
473 3941
427 3258
427 3716
427 3290
503 4118
503 4265
503 3936
395 3086
395 3431
395 3327
536 4032
536 4467
536 4447
470 4047
470 3645
470 3755
413 3393
413 3462
413 3428
499 4152
499 4343
499 3939
412 3318
412 3221
412 3593
464 3870
464 3705
464 3741
539 4591
539 3969
539 4267
417 3307
417 3623
417 3437
517 4160
517 4286
517 4089
435 3499
435 3836
435 3459
518 4342
518 4164
518 4183
485 4020
485 4107
485 3794
412 3376
412 3084
412 3442
485 4191
485 4191
485 3987
426 3543
426 3603
426 3426
503 4221
503 3955
503 4137
522 4112
522 4363
522 4268
446 3866
446 3702
446 3647
563 4596
563 4669
563 3890
431 3356
431 3133
431 3607
488 3810
488 3654
488 3785
487 4210
487 3889
487 3993
486 3812
486 3982
486 3965
538 4474
538 4625
538 4176
486 3890
486 4267
486 4099
594 4425
594 5042
594 4812
552 4584
552 4467
552 4712
446 3557
446 3890
446 3677
581 4838
581 4814
581 4702
489 3887
489 3866
489 3980
558 4612
558 4729
558 4452
623 5109
623 5222
623 5125
507 4175
507 4119
507 4313
161 1317
161 1316
161 1320
189 1478
189 1563
189 1536
169 1428
169 1282
169 1574
235 2021
235 1984
235 1806
193 1628
193 1560
193 1661
266 2140
266 2082
266 1977
221 1725
221 1928
221 1924
304 2435
304 2274
304 2670
266 2245
266 2096
266 2087
198 1377
198 1652
198 1693
306 2581
306 2542
306 2647
282 2248
282 2162
282 2503
333 2536
333 2726
333 2620
318 2462
318 2705
318 2630
250 2016
250 2189
250 2374
353 3042
353 2661
353 2921
321 2772
321 2693
321 2986
455 3645
455 4201
455 3923
378 3046
378 3294
378 3288
368 3144
368 3055
368 2881
964 7659
964 7858
964 7888
846 6925
846 7154
846 6827
1022 8412
1022 8502
1022 8222
973 8458
973 8183
973 8114
910 6913
910 7291
910 7627
1157 9512
1157 9629
1157 9788
978 8162
978 7683
978 7892
1138 9471
1138 9392
1138 9442
1183 9904
1183 9863
1183 10118
1022 8339
1022 8233
1022 8409
524 4209
524 4259
524 4459
453 3942
453 3753
453 3671
533 4609
533 4402
533 4320
541 4370
541 4491
541 4723
461 3507
461 3682
461 3885
616 5235
616 4767
616 4922
538 4359
538 4409
538 4428
661 5282
661 5513
661 5735
652 5359
652 5466
652 5324
555 4369
555 4624
555 4796
626 5094
626 4972
626 5099
530 4354
530 4317
530 4229
619 5211
619 5133
619 5107
577 4728
577 4662
577 4765
553 4222
553 4035
553 4385
573 4675
573 4899
573 4763
476 4268
476 4171
476 3631
579 4459
579 5056
579 4935
580 4519
580 4740
580 5095
497 3852
497 3859
497 3954
551 4727
551 4774
551 4719
538 4439
538 4562
538 4329
552 4529
552 4774
552 4404
567 4749
567 4706
567 4637
500 4238
500 3896
500 4300
403 3317
403 3322
403 3389
313 2487
313 2361
313 2535
433 3512
433 3533
433 3685
390 3257
390 3114
390 3383
366 2679
366 3229
366 3143
559 4250
559 4611
559 4741
476 3625
476 4075
476 3541
516 4328
516 4309
516 4296
565 4422
565 4717
565 5009
488 4215
488 4036
488 4095
536 4579
536 4274
536 4526
442 3562
442 3863
442 3762
466 3777
466 3876
466 3709
482 4041
482 3924
482 4017
446 3797
446 3586
446 3540
505 4244
505 4312
505 4484
478 3759
478 3877
478 3889
490 3886
490 4053
490 3794
454 3668
454 4060
454 3792
452 4025
452 3571
452 3781
264 2117
264 2222
264 2510
220 1637
220 1798
220 1709
247 2064
247 1820
247 2010
248 1892
248 1986
248 1919
207 1604
207 1706
207 1501
550 4767
550 4691
550 4344
505 4056
505 4268
505 4237
547 3997
547 4396
547 4642
557 4586
557 4674
557 4282
470 3738
470 3833
470 4051
384 2897
384 3226
384 3176
323 2608
323 2710
323 2513
399 3449
399 3133
399 3204
403 3284
403 3333
403 3401
333 2701
333 2711
333 2640
700 5636
700 5707
700 6439
597 5196
597 4939
597 5263
697 5843
697 5819
697 5781
685 5933
685 5927
685 5811
584 4770
584 5175
584 4800
551 4620
551 4584
551 4392
472 3885
472 3989
472 4021
574 4738
574 4894
574 4779
566 4633
566 4558
566 4861
478 3983
478 3753
478 4050
585 4659
585 4836
585 4800
540 4441
540 4552
540 4263
533 4398
533 4251
533 4686
541 4302
541 4401
541 4354
465 3866
465 4026
465 3914
780 6240
780 6166
780 6205
704 6007
704 5914
704 5532
777 6729
777 6811
777 6381
808 7038
808 6792
808 6342
702 5750
702 6025
702 5572
775 6305
775 6272
775 6025
655 5404
655 5437
655 5411
658 5435
658 5571
658 5647
687 5181
687 5698
687 5660
678 5372
678 5507
678 5384
318 2632
318 2542
318 2545
509 4063
509 4255
509 4110
471 3768
471 3614
471 4247
484 3770
484 4003
484 4091
502 3997
502 3986
502 4003
435 3862
435 3551
435 3265
513 4141
513 4154
513 4138
456 3774
456 3471
456 3912
521 4248
521 4530
521 4324
470 3869
470 3816
470 3975
467 3679
467 3993
467 3923
604 5044
604 5002
604 4903
573 4722
573 4898
573 5121
627 4972
627 4974
627 4872
666 5577
666 5638
666 5784
552 4935
552 4376
552 4428
682 5456
682 5540
682 5682
642 5255
642 5390
642 5073
700 5829
700 5932
700 5433
704 5536
704 5841
704 5649
630 5285
630 4968
630 5288
781 6661
781 6359
781 6413
758 5801
758 5901
758 6381
847 7119
847 6689
847 7108
867 7758
867 7183
867 7301
761 6244
761 6157
761 6096
1238 10246
1238 10073
1238 10023
1149 9761
1149 9341
1149 9529
1270 10471
1270 10403
1270 10219
1233 9682
1233 9623
1233 9966
1118 9311
1118 9448
1118 9333
594 4701
594 4869
594 4978
509 4216
509 4351
509 4031
576 4409
576 5106
576 4567
529 4281
529 4307
529 4258
463 3842
463 3642
463 3953
333 2758
333 2577
333 2705
293 2270
293 2397
293 2444
337 2613
337 2851
337 2757
330 2680
330 2776
330 3031
283 2191
283 2558
283 2305
581 4556
581 4715
581 4966
534 4488
534 4355
534 4282
612 4938
612 4839
612 5024
653 5615
653 5534
653 5817
583 4626
583 4619
583 4981
540 4502
540 4352
540 4650
453 3626
453 3855
453 3943
472 3961
472 3970
472 3870
495 4031
495 3933
495 4115
432 3411
432 3559
432 3591
523 4309
523 4366
523 4257
482 3571
482 3895
482 4038
516 3875
516 4465
516 4496
506 4124
506 4099
506 4029
466 3850
466 3948
466 3668
548 4700
548 4478
548 4388
469 4074
469 3960
469 3930
595 4900
595 4853
595 4855
547 4084
547 4211
547 4315
452 3957
452 3829
452 3569
539 4666
539 4216
539 4512
431 3465
431 3778
431 3412
496 4080
496 4254
496 3895
498 4305
498 4003
498 3919
471 4015
471 4108
471 4055
567 4384
567 4667
567 4888
488 3754
488 3816
488 4166
580 4682
580 4680
580 5045
531 4468
531 4349
531 4567
447 3548
447 3837
447 3919
641 5439
641 5051
641 5037
532 4201
532 4031
532 4385
601 5144
601 4839
601 5008
656 5429
656 5037
656 5502
546 4854
546 4711
546 4161
544 4532
544 4519
544 4425
483 4070
483 3817
483 3829
540 4254
540 4390
540 4643
571 4572
571 4472
571 4542
482 4070
482 3973
482 3754
556 4590
556 4420
556 4722
532 4305
532 4447
532 4212
568 4960
568 4581
568 4553
589 4469
589 4893
589 5214
501 3939
501 4303
501 3883
531 4632
531 4561
531 4261
473 3740
473 4119
473 3800
563 4559
563 4428
563 4472
585 4609
585 4604
585 4619
506 4044
506 4241
506 4139
291 2699
291 2239
291 2353
129 1028
129 1044
129 916
129 1071
129 1058
129 1172
588 4779
588 4784
588 4805
566 4512
566 4211
566 4432
588 5024
588 4536
588 4613
660 5222
660 5397
660 5246
540 4462
540 4636
540 4428
692 5945
692 5280
692 5475
555 4693
555 4524
555 4713
619 4930
619 5132
619 4719
636 5128
636 5144
636 5288
524 4728
524 4034
524 4248
653 5440
653 5288
653 5367
563 4248
563 4480
563 4775
595 4915
595 4843
595 4767
628 5286
628 5231
628 5205
520 4318
520 4277
520 4680
235 1745
235 1836
235 2158
218 1745
218 1777
218 1684
232 1892
232 1859
232 1900
204 1810
204 1496
204 1677
214 1657
214 1540
214 1453
528 4286
528 4420
528 4154
470 3834
470 4116
470 3847
528 4394
528 4418
528 4321
505 4357
505 4309
505 4140
473 3697
473 4112
473 3721
360 3030
360 2720
360 3115
312 2474
312 2380
312 2751
325 2490
325 2651
325 2654
345 2627
345 2871
345 2668
311 2414
311 2395
311 2389
178 1294
178 1436
178 1225
645 5417
645 5389
645 5322
552 4633
552 4713
552 4643
658 5290
658 5366
658 5145
613 5059
613 4904
613 5217
522 4219
522 4307
522 4306
462 3773
462 3585
462 3822
605 5028
605 4920
605 4832
487 4183
487 3879
487 4117
599 4645
599 4804
599 5344
635 5273
635 4927
635 4963
519 4351
519 3912
519 4033
330 2756
330 2606
330 2949
273 2228
273 2235
273 2153
284 2199
284 2285
284 2188
293 2417
293 2362
293 2352
296 2596
296 2419
296 2307
699 5567
699 5600
699 5602
643 5105
643 5601
643 5445
678 5555
678 5490
678 5588
673 5308
673 5787
673 5682
593 4750
593 4757
593 4948
733 5889
733 5839
733 6116
706 5664
706 5939
706 5757
769 6197
769 6169
769 5957
800 6590
800 6668
800 6455
655 5803
655 5697
655 5639
661 5670
661 5203
661 5520
569 4556
569 4813
569 4665
710 5860
710 5852
710 5739
628 5047
628 4944
628 5423
622 5323
622 4753
622 5295
217 1796
217 1807
217 1882
175 1535
175 1426
175 1333
228 1619
228 1936
228 1826
190 1340
190 1516
190 1700
161 1337
161 1370
161 1571
790 6248
790 6422
790 6343
654 5330
654 5459
654 5468
758 6202
758 6243
758 6271
821 7140
821 6669
821 6787
690 5386
690 5458
690 5682
225 1674
225 1802
225 1921
188 1634
188 1561
188 1657
218 1939
218 1778
218 1736
217 1945
217 1746
217 1800
190 1707
190 1534
190 1421
746 6243
746 6212
746 5929
604 5065
604 4927
604 4906
729 6089
729 5821
729 5985
747 6156
747 6091
747 6629
638 5242
638 5472
638 5201
814 6596
814 6313
814 6819
700 5898
700 5712
700 5620
787 6495
787 6545
787 6444
778 6052
778 6039
778 6555
751 6487
751 6587
751 6383
474 3745
474 4186
474 3590
416 3473
416 3142
416 3395
471 3903
471 3907
471 4054
467 3871
467 3938
467 3877
407 3637
407 3562
407 3307
759 6134
759 6302
759 6267
680 5538
680 5821
680 5457
751 6047
751 6038
751 6155
778 6655
778 6379
778 6319
684 5634
684 5755
684 5490
115 888
115 837
115 1040
112 1015
112 773
112 953
145 1177
145 1297
145 1060
129 1011
129 1037
129 1201
116 962
116 934
116 1049
110 887
110 919
110 978
542 4385
542 4385
542 4251
519 4227
519 3982
519 4407
587 4660
587 5156
587 4953
567 4725
567 4847
567 4900
530 4094
530 4080
530 4490
573 4623
573 4512
573 4843
519 4305
519 4370
519 3921
643 5226
643 5208
643 5824
585 4884
585 5119
585 4734
484 3652
484 4111
484 3994
180 1587
180 1598
180 1555
137 1034
137 1130
137 1054
145 1190
145 1155
145 1270
168 1537
168 1303
168 1464
165 1192
165 1384
165 1515
116 835
116 953
116 857
580 4564
580 4740
580 4749
501 4177
501 4133
501 3939
564 4523
564 4545
564 4657
562 4436
562 5015
562 4570
481 3850
481 3943
481 3864
505 4071
505 4003
505 4093
595 4805
595 5057
595 4875
546 4291
546 4463
546 4182
581 4898
581 5059
581 4770
603 5113
603 4835
603 4730
532 4595
532 4454
532 4481
474 4044
474 3604
474 3902
554 4550
554 4514
554 4255
523 4376
523 4345
523 4283
597 4719
597 4731
597 4921
570 4823
570 4705
570 4370
481 3845
481 4071
481 4005
558 4816
558 4587
558 4393
470 3484
470 4074
470 3438
495 4002
495 4265
495 4165
550 4599
550 4688
550 4610
477 4239
477 4064
477 3809
491 4098
491 3971
491 4104
427 3457
427 3751
427 3516
462 3814
462 3710
462 3751
478 3730
478 4466
478 3885
447 3649
447 3619
447 3720
667 5508
667 5510
667 5055
589 4651
589 4774
589 4738
641 5718
641 5312
641 5568
667 5613
667 5562
667 5550
559 4318
559 4535
559 4454
615 4978
615 5423
615 5105
551 4568
551 4533
551 4724
602 5109
602 4927
602 5058
606 5507
606 5144
606 4772
541 4615
541 4148
541 4402
654 5270
654 5023
654 5488
547 4558
547 4865
547 4346
650 5341
650 5341
650 4999
671 5685
671 5771
671 5223
573 4555
573 4667
573 4561
173 1573
173 1608
173 1327
165 1405
165 1530
165 1126
197 1567
197 1546
197 1735
176 1256
176 1426
176 1449
180 1315
180 1466
180 1523
219 1793
219 1859
219 1884
208 1671
208 1714
208 1484
220 1881
220 1700
220 1531
209 1653
209 1715
209 1655
172 1278
172 1441
172 1356
265 2285
265 2396
265 2150
211 1532
211 1655
211 1806
256 2055
256 2091
256 2045
275 2225
275 2391
275 2324
239 1998
239 2028
239 2030
560 4746
560 4394
560 4650
505 4310
505 3879
505 4375
548 4322
548 4403
548 4557
542 4347
542 4447
542 4238
456 3706
456 3590
456 3787
499 4396
499 4114
499 4141
426 3451
426 3451
426 3615
492 3963
492 4077
492 4049
481 3741
481 3781
481 4092
448 3605
448 3595
448 3697
504 4140
504 4509
504 4131
420 3588
420 3599
420 3290
515 4210
515 4209
515 3910
490 3945
490 3918
490 3950
418 3379
418 3403
418 3328
233 1829
233 2088
233 1979
134 1134
134 1032
134 999
134 1112
134 1231
134 938
136 1086
136 1169
136 1084
202 1571
202 1887
202 1655
178 1547
178 1463
178 1575
201 1507
201 1622
201 1613
196 1627
196 1777
196 1508
190 1382
190 1571
190 1532
187 1554
187 1572
187 1582
156 1279
156 1278
156 1327
186 1467
186 1389
186 1664
187 1628
187 1553
187 1531
146 1122
146 1214
146 1280
547 4562
547 4407
547 4525
456 3870
456 3939
456 3568
528 4777
528 4357
528 4376
512 4210
512 4019
512 3896
483 4057
483 4163
483 4057
521 4421
521 4246
521 4364
463 3749
463 3917
463 3537
529 4633
529 4720
529 4285
543 4177
543 4407
543 4385
499 4210
499 3974
499 4071
609 5136
609 4863
609 4860
498 4269
498 4143
498 4276
606 4939
606 4693
606 5158
611 5103
611 5114
611 5090
528 4373
528 4509
528 4320
540 4492
540 4364
540 4609
485 4000
485 3966
485 3928
554 4533
554 4585
554 4562
536 4838
536 4458
536 4351
467 4221
467 3761
467 3715
528 4031
528 4243
528 4105
468 4036
468 3803
468 3488
504 4382
504 4158
504 3878
521 3901
521 4410
521 3943
447 3627
447 3593
447 3699
579 4658
579 4821
579 4752
494 4114
494 4059
494 4336
556 4530
556 4633
556 4558
530 4492
530 4285
530 4388
503 4366
503 4025
503 4332
597 4922
597 4611
597 4743
533 4179
533 4266
533 4230
586 4783
586 4769
586 4763
616 5207
616 4956
616 5066
547 4535
547 4622
547 4516
409 3423
409 3254
409 3621
335 2924
335 2720
335 2483
392 3314
392 3144
392 3210
372 3129
372 3075
372 3093
325 2284
325 2612
325 2573
573 4829
573 4573
573 4470
527 4145
527 4264
527 4280
608 4776
608 5354
608 5171
536 4478
536 4535
536 4380
527 4360
527 4389
527 4196
127 1076
127 1120
127 1078
114 871
114 950
114 840
120 1095
120 847
120 1029
125 1073
125 1224
125 1057
113 999
113 902
113 943
583 4432
583 4754
583 4748
480 4032
480 3855
480 3926
577 4664
577 4912
577 4877
542 4470
542 4220
542 4265
491 3889
491 3924
491 3779
689 5477
689 5775
689 5803
524 4080
524 4120
524 4463
673 5760
673 5315
673 5527
633 5399
633 5166
633 4864
564 4624
564 4689
564 4468
527 4386
527 4142
527 4370
465 3898
465 3523
465 3709
556 4787
556 4809
556 4622
571 4853
571 4545
571 4530
455 3939
455 3472
455 3732
478 3898
478 4171
478 3911
425 3537
425 3513
425 3583
504 4048
504 4012
504 4327
471 3707
471 3781
471 3724
464 4103
464 3613
464 3848
495 4110
495 4046
495 3939
447 3786
447 3661
447 3585
539 4482
539 4320
539 4507
551 4685
551 4558
551 4404
495 3970
495 4056
495 3801
296 2483
296 2417
296 2409
274 2142
274 2438
274 2131
297 2177
297 2311
297 2555
315 2458
315 2645
315 2612
259 2044
259 1887
259 2086
379 2895
379 3054
379 3225
314 2559
314 2742
314 2658
355 2970
355 2931
355 2883
317 2292
317 2663
317 2438
318 2700
318 2627
318 2565
791 6474
791 6633
791 6138
689 5751
689 5695
689 5454
715 6040
715 5945
715 5617
776 6508
776 6397
776 6133
666 5277
666 5708
666 5640
552 4357
552 4519
552 4565
497 4281
497 4015
497 4156
495 3932
495 4259
495 4028
568 4995
568 4926
568 4804
452 3626
452 4061
452 3851
480 3874
480 4034
480 3822
463 3798
463 3923
463 3592
568 4417
568 4341
568 4294
532 4384
532 4214
532 4423
472 4064
472 3509
472 3829
269 2281
269 2214
269 2207
240 2031
240 2142
240 1982
248 1943
248 2039
248 2146
273 2186
273 2254
273 2237
223 1781
223 1812
223 1638
333 2727
333 2843
333 2794
282 2302
282 2436
282 2407
323 2760
323 2774
323 2671
339 2567
339 2729
339 2706
293 2560
293 2488
293 2653
