123 1179
123 1224
178 1788
178 1743
129 1265
129 1052
140 1260
140 1319
154 1333
154 1323
183 1865
183 1576
155 1369
155 1468
149 1311
149 1429
160 1688
160 1397
147 1245
147 1335
231 2062
231 2159
492 4461
492 4538
374 3361
374 3230
463 4020
463 4338
457 4016
457 4176
376 3395
376 3725
92 778
92 795
129 1123
129 1198
115 928
115 1151
132 1077
132 1038
110 963
110 900
344 3188
344 3157
262 2231
262 2480
318 3075
318 2900
352 2966
352 3201
244 2092
244 2472
294 3052
294 2473
249 2168
249 2426
265 2434
265 2523
239 2126
239 2387
217 1991
217 1909
249 2169
249 2167
217 2094
217 2082
227 2224
227 1929
227 2041
227 2020
189 1562
189 1697
316 3106
316 2689
271 2386
271 2372
325 3012
325 3109
263 2450
263 2388
263 2201
263 2478
316 3007
316 2746
273 2434
273 2796
309 2864
309 2820
330 3379
330 2959
246 2441
246 2110
321 2928
321 3031
305 2753
305 2891
323 3125
323 2939
358 3124
358 3120
352 3306
352 3283
332 3020
332 3319
334 3109
334 2972
383 3365
383 3352
333 3034
333 2837
316 2773
316 3010
173 1738
173 1495
321 2829
321 2835
333 2949
333 3110
354 3192
354 3153
390 3275
390 3570
298 2551
298 2809
459 4219
459 4283
372 3399
372 3535
492 4245
492 4429
451 4071
451 3938
433 4015
433 3834
353 3369
353 3054
307 2822
307 2854
362 3079
362 3314
332 3117
332 3027
283 2787
283 2969
474 4078
474 4432
403 3575
403 4058
414 3791
414 4041
419 3521
419 3664
407 3558
407 3632
472 4495
472 4129
438 3733
438 3968
447 3905
447 4129
459 4646
459 4157
452 3970
452 4002
107 1098
107 899
203 1698
203 1880
116 982
116 1004
42 353
42 372
347 3304
347 3177
289 2853
289 2435
345 3555
345 3223
334 3142
334 3340
270 2746
270 2363
373 3534
373 3194
295 2825
295 2715
349 3595
349 3411
389 3422
389 3282
293 2899
293 2542
218 2046
218 1926
173 1571
173 1637
209 1595
209 1840
212 1865
212 2185
161 1539
161 1423
505 4708
505 4636
372 3590
372 3297
462 4415
462 4250
488 4464
488 4353
415 4080
415 3599
605 5253
605 5695
595 5113
595 5475
586 4998
586 5674
451 4120
451 4222
265 2414
265 2548
118 1080
118 1128
566 5265
566 5015
584 5340
584 5486
585 5100
585 5740
493 4543
493 4564
603 5434
603 4992
582 5608
582 5633
613 5691
613 5645
469 4268
469 4454
587 5651
587 5147
559 5091
559 5196
586 5593
586 4890
484 4495
484 4636
574 5360
574 5258
569 5298
569 4924
578 5118
578 5196
507 4599
507 4478
614 5778
614 5762
586 5603
586 4974
529 4620
529 4832
506 4701
506 4885
558 5349
558 4887
564 5224
564 5175
579 5362
579 5265
513 4560
513 4930
135 1129
135 1418
163 1365
163 1528
145 1425
145 1241
172 1696
172 1662
589 5142
589 5528
539 4860
539 4877
585 4992
585 5174
499 4984
499 4508
282 2546
282 2400
272 2418
272 2771
338 3049
338 3133
238 2257
238 2190
344 3088
344 3187
295 2715
295 2714
328 3046
328 2935
363 3133
363 3285
308 2693
308 3032
431 3979
431 4012
306 2558
306 2691
422 3855
422 4132
396 3961
396 3279
317 2954
317 2976
321 2826
321 3112
466 4274
466 4336
396 3677
396 3557
496 4808
496 4605
443 4081
443 4276
383 3574
383 3386
280 2689
280 2579
219 1832
219 1991
291 2856
291 2741
258 2345
258 2191
226 1801
226 1925
490 4516
490 4357
393 3649
393 3792
472 4364
472 4583
431 3797
431 3808
417 3989
417 3961
293 2631
293 2574
213 1887
213 2079
263 2322
263 2672
280 2479
280 2638
239 2179
239 1951
317 2832
317 2682
497 4382
497 4572
80 730
80 793
464 4220
464 4202
432 3912
432 3632
435 3973
435 4109
427 3943
427 3730
404 3812
404 3607
467 4457
467 4353
381 3480
381 3764
434 4094
434 4030
499 4324
499 4480
387 3442
387 3390
566 5142
566 5378
422 3922
422 3785
508 5108
508 4911
524 5172
524 5067
447 4288
447 4269
463 4019
463 4190
361 3594
361 3523
449 4221
449 4471
427 3977
427 3530
437 4282
437 4107
495 4710
495 4816
349 3213
349 3068
477 4244
477 4459
472 4339
472 4244
378 3474
378 3306
376 3561
376 3519
371 3108
371 3503
464 4108
464 4281
445 4076
445 4119
396 3862
396 3850
441 3747
441 4053
392 3652
392 3778
472 4065
472 4226
412 3802
412 3883
330 2891
330 3153
473 4191
473 4448
446 4222
446 3874
529 5058
529 4774
233 2179
233 2044
430 3718
430 3747
495 4379
495 4837
441 3911
441 4088
522 5067
522 4752
262 2517
262 2419
387 3268
387 3687
516 5123
516 4522
448 4101
448 4119
466 4428
466 4366
288 2635
288 2458
412 3851
412 3819
489 4663
489 4890
419 3654
419 3781
472 4310
472 4372
249 2468
249 2390
410 3986
410 3727
162 1732
162 1437
129 1169
129 1220
132 1114
132 1271
120 1043
120 1156
167 1594
167 1554
121 1105
121 1168
148 1197
148 1442
129 1117
129 1128
278 2400
278 2635
571 5136
571 5326
492 4496
492 4345
630 6038
630 5899
322 2797
322 2790
518 4779
518 4707
88 776
88 759
474 4588
474 4463
400 3686
400 3798
479 4459
479 4312
311 3104
311 2711
440 3990
440 4145
198 1674
198 1799
190 1588
190 1599
222 2042
222 1971
205 1931
205 1896
495 4604
495 4467
411 3861
411 3898
431 4094
431 3786
386 3485
386 3971
475 4227
475 4599
417 4069
417 3776
377 3701
377 3481
508 4591
508 4679
499 4495
499 4439
441 4152
441 4019
492 4444
492 4337
428 4113
428 3836
382 3686
382 3445
388 3580
388 3274
307 2888
307 2833
369 3510
369 3647
419 3859
419 3762
314 2654
314 3033
414 3753
414 3914
202 1929
202 1904
344 3344
344 2953
513 4753
513 4737
417 3793
417 4004
502 4165
502 4723
322 2719
322 3008
435 4367
435 3971
530 5212
530 4566
450 4030
450 4552
481 4380
481 4416
335 2882
335 3179
447 4297
447 4281
493 4351
493 4737
473 4535
473 4158
475 4497
475 4407
311 2756
311 3041
487 4294
487 4456
472 4267
472 4236
409 3573
409 3770
422 3853
422 3859
232 2084
232 2211
363 3605
363 3613
464 3976
464 4153
352 3272
352 2951
363 3304
363 3215
379 3605
379 3650
269 2566
269 2287
514 5034
514 4430
449 4074
449 4377
502 4716
502 4909
415 3877
415 3806
529 5164
529 4750
455 4116
455 4687
501 4579
501 4522
446 4051
446 3911
525 5140
525 4659
411 3700
411 3757
518 5042
518 4522
355 3015
355 3294
428 3837
428 3966
493 4602
493 4549
434 3831
434 3989
524 4618
524 5077
317 3022
317 3081
463 4095
463 4272
579 5851
579 5260
480 4346
480 4305
564 5071
564 5136
523 5083
523 5067
418 3741
418 3902
437 4198
437 4182
396 3350
396 3816
514 4418
514 4804
460 4156
460 4230
497 4923
497 4202
436 3888
436 3903
480 4218
480 4445
257 2410
257 2485
438 3962
438 4314
532 5155
532 4951
360 3098
360 3265
548 4881
548 4796
251 2083
251 2266
389 3684
389 3697
68 584
68 567
553 5251
553 5067
421 4271
421 3652
535 4589
535 4569
292 2484
292 2578
412 3829
412 3884
532 4647
532 5286
427 3900
427 3684
507 4561
507 4714
293 2780
293 2596
463 4498
463 4043
175 1608
175 1393
168 1620
168 1470
196 1864
196 1548
178 1693
178 1622
162 1448
162 1454
520 4937
520 5074
462 4483
462 4312
521 4654
521 4567
286 2736
286 2411
444 4019
444 4188
434 4160
434 4139
400 3980
400 3630
470 4180
470 3876
462 4215
462 4151
412 3752
412 3932
485 4672
485 4578
438 4095
438 4047
487 4386
487 4696
424 3711
424 3963
420 3835
420 3928
368 3397
368 3195
415 3806
415 3622
203 1798
203 1819
344 3074
344 3008
663 6045
663 5972
536 5105
536 5157
610 5647
610 5541
450 4151
450 4018
558 5195
558 5293
82 773
82 798
149 1658
149 1266
104 1068
104 908
115 1160
115 1156
106 912
106 1106
438 4000
438 4111
308 2684
308 2779
381 3648
381 3681
264 2236
264 2392
367 3415
367 3528
510 4514
510 4907
460 4399
460 4179
534 5034
534 4904
308 2858
308 2870
437 4247
437 4151
542 4936
542 4898
449 3971
449 3922
493 4580
493 4568
345 3068
345 3020
438 4149
438 4259
226 2149
226 2378
355 3214
355 3584
542 5035
542 5073
492 4368
492 4374
538 4984
538 5043
492 4462
492 4374
599 5813
599 5552
478 4359
478 4448
540 5197
540 5243
182 1810
182 1608
466 4374
466 4051
576 4997
576 5393
459 4028
459 4025
570 5395
570 5271
194 1633
194 1514
473 4201
473 3894
192 1703
192 1784
181 1724
181 1560
162 1469
162 1464
154 1665
154 1371
294 2658
294 2927
232 2010
232 2434
274 2638
274 2716
233 2065
233 2182
58 532
58 488
166 1347
166 1339
158 1617
158 1225
170 1583
170 1536
152 1325
152 1402
103 1078
103 968
391 3492
391 3735
299 2984
299 2834
329 3049
329 3288
302 2612
302 2858
547 5075
547 5145
473 4085
473 4473
560 5462
560 5104
483 4260
483 4624
159 1345
159 1606
145 1337
145 1329
174 1496
174 1467
152 1213
152 1478
606 5523
606 5761
558 4826
558 5589
577 5021
577 5434
540 4633
540 4953
233 2504
233 2280
222 2018
222 2026
265 2618
265 2437
211 1759
211 2020
626 6174
626 5730
520 4852
520 4887
596 5504
596 5568
539 5145
539 4891
250 2163
250 2323
206 1961
206 1968
235 2232
235 2326
204 1731
204 1725
615 5303
615 5574
578 5406
578 5466
619 5674
619 5722
576 5211
576 5096
425 3873
425 3830
361 3354
361 3320
389 3513
389 3693
341 3417
341 3054
496 4986
496 4525
457 4360
457 4415
504 4395
504 4516
426 4180
426 4286
606 5466
606 5532
556 5713
556 5429
623 5824
623 5544
565 4888
565 4933
536 4869
536 4900
494 4691
494 4394
551 5146
551 5511
434 4452
434 3827
390 3550
390 3650
351 3080
351 3325
423 4113
423 3867
345 3362
345 3296
647 6355
647 6022
567 5033
567 5129
625 5647
625 5340
565 5398
565 5506
653 6076
653 5774
573 5151
573 5094
607 5558
607 6016
591 5431
591 5674
750 7114
750 6699
677 6306
677 6408
731 6631
731 6754
615 5521
615 5763
375 3624
375 3472
707 6517
707 6454
569 5414
569 5222
739 6632
739 6929
564 5271
564 4977
734 6988
734 6870
612 5803
612 5457
750 7325
750 6599
603 5827
603 5126
607 5373
607 5437
503 4819
503 4729
624 5921
624 5613
494 4520
494 4318
657 6236
657 5993
501 4750
501 4706
605 5522
605 5786
479 4510
479 4156
638 6118
638 5266
536 5141
536 4654
611 5643
611 5418
492 4492
492 4421
613 5255
613 5544
552 5099
552 5201
579 5067
579 5235
532 5058
532 4926
177 1621
177 1817
158 1261
158 1474
142 1353
142 1239
133 1215
133 1185
594 5593
594 5819
541 5255
541 5025
582 5037
582 5440
500 4902
500 4593
624 5289
624 6076
502 4682
502 4588
611 5830
611 5944
521 4512
521 4585
631 5300
631 5850
517 4693
517 4564
569 5414
569 5226
531 4836
531 5099
558 5330
558 5161
453 4138
453 4054
535 5116
535 4783
459 4519
459 4362
623 5616
623 5650
545 5250
545 4835
597 5895
597 5401
518 4285
518 4628
521 4823
521 4858
484 4142
484 4286
537 5090
537 5096
466 4217
466 4263
618 5342
618 5573
513 4638
513 4756
563 5238
563 5238
524 4743
524 4761
607 5758
607 5590
543 5424
543 4831
604 5423
604 5289
541 5090
541 4933
364 3508
364 3329
283 2684
283 2528
333 3345
333 2993
279 2486
279 2676
590 5521
590 5303
545 5131
545 4941
602 5805
602 5540
533 4902
533 5388
367 3388
367 3334
306 2810
306 2718
352 3306
352 3201
290 2519
290 2676
541 4980
541 5375
421 3806
421 4186
577 5401
577 5052
421 3964
421 4032
606 5980
606 5752
452 4265
452 4148
567 5588
567 5396
484 4231
484 4585
423 3973
423 3917
344 2984
344 3235
467 4466
467 4217
349 3376
349 3486
552 4895
552 5028
497 4727
497 4597
585 5221
585 5498
515 4768
515 5114
586 5424
586 5432
505 4471
505 4483
542 5055
542 5109
509 4528
509 4778
517 4555
517 4592
528 4575
528 5217
595 5741
595 5772
519 4698
519 4566
652 6062
652 6197
567 4836
567 5153
657 5988
657 6402
613 5840
613 5795
40 341
40 397
187 1600
187 1561
162 1495
162 1421
199 1603
199 1794
181 1703
181 1673
565 4986
565 5292
515 4932
515 4628
547 5021
547 5215
513 4856
513 4558
630 6070
630 5467
493 4848
493 4354
552 5341
552 5534
546 5425
546 4984
626 5675
626 5711
511 4640
511 4508
578 5152
578 5214
527 4618
527 5060
537 4873
537 5081
451 3988
451 4091
453 4252
453 4121
423 3879
423 3923
401 4266
401 4046
329 3020
329 3162
394 3665
394 3792
349 3636
349 3260
592 5554
592 5472
551 5275
551 4955
632 5450
632 6007
494 4533
494 4902
628 5561
628 5848
509 4323
509 5084
634 6059
634 5974
554 4733
554 5353
271 2411
271 2439
578 5280
578 4879
493 4601
493 4559
604 6051
604 5231
518 4595
518 4201
603 5930
603 5734
462 4283
462 4339
606 6089
606 5033
520 4792
520 5094
553 5440
553 5452
493 4810
493 4766
623 5307
623 5873
523 4741
523 5139
600 5343
600 5661
503 4867
503 4671
577 5244
577 5386
494 4648
494 4520
454 4136
454 3968
425 3844
425 3774
456 4289
456 3924
386 3342
386 3479
454 3878
454 4137
638 5607
638 5984
527 4916
527 4651
531 4828
531 4815
487 4459
487 4659
533 4656
533 5237
539 5030
539 4903
579 5156
579 5234
510 4744
510 4380
591 5561
591 5779
505 4368
505 4926
533 4739
533 5197
534 5282
534 4919
605 5654
605 5306
487 4624
487 4480
611 5423
611 5655
464 4388
464 4136
595 5459
595 5511
482 4548
482 4694
573 5564
573 5020
482 4289
482 4211
440 4131
440 4174
484 4652
484 4218
413 3328
413 4082
488 4237
488 4412
360 3275
360 3377
622 5442
622 5200
521 5068
521 4662
554 4946
554 5078
497 4542
497 4610
609 5775
609 5742
507 4085
507 4482
609 5662
609 5672
509 4645
509 4459
528 4651
528 4658
431 3792
431 3694
518 4552
518 4662
450 4230
450 4389
705 6627
705 6358
546 5159
546 5067
667 6355
667 6311
589 5452
589 5335
855 7791
855 6977
755 7516
755 6921
800 7740
800 7533
694 6413
694 5923
258 2531
258 2462
235 2003
235 2132
198 1704
198 1739
241 2171
241 2015
182 1683
182 1483
611 5529
611 5917
480 4357
480 4255
615 6117
615 5463
508 4666
508 4512
615 5485
615 5613
499 4756
499 4513
614 5712
614 5857
520 5332
520 4842
628 5638
628 6036
486 4204
486 4542
535 5091
535 4802
482 4599
482 4520
478 4538
478 4516
354 3254
354 3308
459 4148
459 4389
471 4458
471 4027
398 3806
398 3779
406 3942
406 3611
419 3434
419 4230
426 4089
426 3989
479 4176
479 4729
410 3742
410 3671
451 4217
451 4313
409 3802
409 3869
476 4593
476 4194
422 3715
422 3855
365 3446
365 3338
470 4222
470 4530
391 3770
391 3454
442 4094
442 4178
444 3908
444 4060
365 3584
365 3247
448 4034
448 4151
414 3685
414 3734
373 3704
373 3355
479 4630
479 4324
441 4178
441 3833
459 4564
459 4179
415 3908
415 3556
472 4265
472 4191
428 3934
428 3743
379 3509
379 3388
376 3342
376 3556
368 3319
368 3436
387 3655
387 3264
398 3634
398 3753
402 3863
402 3929
164 1396
164 1438
236 2203
236 2323
134 1034
134 1212
145 1321
145 1228
143 1270
143 1223
205 1935
205 1837
198 1755
198 1603
205 1947
205 1825
190 1735
190 1728
170 1602
170 1515
496 4613
496 4748
423 3959
423 3995
430 3514
430 3936
439 3908
439 3750
380 3321
380 3406
417 3681
417 3838
398 3591
398 3556
464 4328
464 4203
483 4464
483 4305
407 3299
407 3761
445 4211
445 4097
385 3681
385 3557
462 4386
462 4364
446 3929
446 4356
376 3295
376 3414
447 4212
447 3932
382 3321
382 3351
449 4488
449 4421
440 3787
440 3930
424 3858
424 4156
497 4678
497 4457
376 3256
376 3684
445 4198
445 4159
469 4454
469 4334
354 3058
354 3568
460 4262
460 4618
430 3987
430 4143
442 4257
442 4162
506 4616
506 4815
337 3259
337 2846
354 3569
354 3423
284 2467
284 2725
332 2934
332 2946
339 3016
339 3247
283 2408
283 2603
451 4039
451 4164
399 3598
399 3770
445 3889
445 3800
454 3940
454 4082
391 3661
391 3722
451 4438
451 4060
425 3715
425 3884
473 4438
473 4653
408 3628
408 3690
372 3405
372 3505
424 4192
424 4166
399 3443
399 3616
475 4274
475 4096
469 4279
469 4331
385 3502
385 3443
128 1186
128 1183
520 4648
520 5167
457 4339
457 4477
361 3500
361 3190
458 4376
458 4073
466 4143
466 4593
412 3847
412 3844
171 1594
171 1646
427 4025
427 3879
361 3424
361 3418
394 3815
394 3602
423 3866
423 4167
362 3691
362 3283
426 4033
426 3794
376 3614
376 3435
407 3971
407 3618
409 3685
409 3652
345 3040
345 3608
420 4026
420 3860
376 3458
376 3741
428 4246
428 4045
410 3662
410 3877
371 3431
371 3247
474 4304
474 4375
430 4002
430 3794
497 4705
497 4615
511 4944
511 4049
435 3884
435 3711
497 4651
497 4549
447 4140
447 4066
463 4690
463 4404
513 4675
513 4970
412 3891
412 3655
506 4681
506 4708
430 3393
430 4244
502 4531
502 4737
439 4275
439 3839
438 4017
438 3968
240 2222
240 2201
189 1608
189 1506
231 1999
231 2101
210 2105
210 2210
175 1479
175 1648
512 4776
512 5094
436 3625
436 3914
483 4386
483 4520
498 4588
498 4280
447 4232
447 4102
516 4543
516 4349
428 3833
428 4219
486 4452
486 4437
484 4292
484 4207
476 4364
476 4236
472 4411
472 4117
438 3880
438 4064
461 4442
461 4353
522 4779
522 4894
466 4431
466 4215
457 4240
457 4411
377 3356
377 3406
488 4261
488 4366
485 4642
485 4476
381 3805
381 3305
481 4467
481 4342
408 3558
408 3612
470 4072
470 4752
459 4093
459 4527
408 3759
408 3727
523 4628
523 5120
408 3799
408 3899
545 4879
545 5214
499 4577
499 4381
437 4068
437 4261
251 2297
251 2470
215 1913
215 1760
253 2150
253 2255
260 2323
260 2293
208 2187
208 1987
410 3759
410 3601
330 2770
330 2984
364 3353
364 3588
398 3482
398 3590
345 3379
345 3400
380 3419
380 3409
364 3765
364 3252
406 4285
406 4038
379 3484
379 3524
316 2751
316 2868
384 3498
384 3393
334 2929
334 3314
395 3666
395 3607
405 3669
405 3691
351 3196
351 2940
405 3654
405 3711
338 2804
338 3189
387 3578
387 3434
419 4116
419 4046
365 3729
365 3564
398 3645
398 3651
341 3352
341 3097
436 3700
436 3856
383 3525
383 3499
369 3320
369 3091
424 4150
424 3983
349 3445
349 2819
420 3823
420 3685
399 3912
399 3626
333 3204
333 3046
290 2406
290 2556
329 2895
329 3023
265 2400
265 2460
360 3325
360 3070
354 3627
354 3304
287 2602
287 2554
383 3604
383 3343
336 3139
336 3270
382 3636
382 3112
441 4342
441 4213
370 3461
370 3186
427 3843
427 3654
334 2653
334 2939
414 3798
414 3634
398 3369
398 3515
349 2936
349 3184
395 3589
395 3855
338 3017
338 3192
419 3824
419 3786
423 4028
423 3745
335 3024
335 3070
433 3850
433 3628
338 3258
338 3079
428 3880
428 4039
372 3449
372 3552
355 3047
355 3155
400 3589
400 3541
337 2949
337 3165
400 3812
400 3707
413 3758
413 3827
376 3645
376 3550
447 4042
447 4238
347 3071
347 3418
414 3638
414 3457
384 3509
384 3701
358 3496
358 3411
397 3547
397 3504
374 3534
374 3389
428 3949
428 3640
415 3890
415 3781
341 3074
341 2845
343 3129
343 3273
326 2742
326 2596
462 4247
462 4201
404 3931
404 3668
475 4872
475 4645
486 4509
486 4260
411 3685
411 3714
473 4347
473 4483
348 3447
348 3250
493 4458
493 4592
469 4413
469 4179
415 3807
415 3561
464 4552
464 4254
394 3603
394 3743
449 4014
449 3774
468 4549
468 4181
424 3719
424 3668
464 4426
464 4276
421 3877
421 3977
455 3999
455 4346
488 4620
488 4396
368 3196
368 3604
144 1242
144 1257
142 1223
142 1305
177 1676
177 1625
171 1514
171 1591
145 1460
145 1392
465 4603
465 4372
379 3509
379 3166
459 4196
459 4128
458 4202
458 4425
388 3636
388 3544
421 3866
421 3791
129 1141
129 1114
455 3905
455 4133
422 3818
422 3883
480 4638
480 4787
467 4109
467 4301
389 3636
389 3627
430 3968
430 3599
388 3298
388 3607
497 4787
497 4443
457 4148
457 4147
420 3879
420 3638
327 2964
327 3214
269 2545
269 2271
337 3101
337 3020
330 3271
330 3012
275 2416
275 2521
483 4228
483 4485
378 3388
378 3623
471 4317
471 4096
498 4690
498 4540
396 3430
396 3794
455 4116
455 4202
408 4073
408 3677
465 4276
465 4176
475 4236
475 4465
394 3993
394 3831
215 2045
215 1915
174 1606
174 1636
197 2003
197 1786
203 1748
203 1804
163 1508
163 1407
301 2485
301 2768
500 4338
500 4572
387 3666
387 3718
521 4696
521 4673
462 4325
462 4294
426 3826
426 3863
376 3315
376 3329
355 2997
355 3263
355 3065
355 3162
381 3156
381 3466
303 2742
303 2865
215 1976
215 1861
163 1497
163 1453
225 2192
225 2084
225 1843
225 2196
191 1947
191 1973
321 2980
321 2969
277 2290
277 2538
291 2664
291 2489
311 2786
311 2893
267 2382
267 2218
470 4442
470 4490
394 3596
394 3777
456 4256
456 4176
470 4392
470 4285
394 3626
394 3285
464 4332
464 4046
353 3177
353 3387
450 4097
450 4412
445 4237
445 4246
408 3635
408 3622
467 4191
467 4301
379 3485
379 3398
443 3960
443 4010
452 4113
452 3785
382 3293
382 3868
441 3832
441 3999
383 3270
383 3630
455 4469
455 4272
473 4463
473 4545
378 3474
378 3312
415 3664
415 3550
365 3375
365 3466
471 4313
471 4219
443 4157
443 4085
447 4202
447 4151
421 4162
421 3887
595 5393
595 5497
508 4625
508 4560
412 3874
412 4084
462 4008
462 4143
467 4225
467 4045
366 3467
366 3298
434 3494
434 3779
359 3621
359 3101
482 4244
482 4089
483 4532
483 4294
388 3820
388 3460
462 4479
462 4506
406 3723
406 3822
480 4423
480 4809
475 4685
475 4371
377 3555
377 3436
469 4238
469 4295
428 3876
428 3652
471 4703
471 4503
450 4206
450 4174
405 3591
405 3742
463 4259
463 4265
396 3813
396 3869
510 4592
510 4400
484 4742
484 4591
409 3734
409 3585
493 4619
493 4634
404 3718
404 3771
482 4585
482 4272
478 4457
478 4292
459 4075
459 4007
166 1554
166 1504
501 4578
501 4478
432 4008
432 3988
497 4760
497 4554
490 4526
490 4621
445 4068
445 3953
500 4490
500 4181
415 3812
415 3671
522 4938
522 4910
494 4354
494 4811
449 4150
449 4352
572 5643
572 5166
452 4266
452 4194
487 4660
487 4416
495 4799
495 4640
448 4268
448 4511
448 4445
448 3986
345 3105
345 3119
440 3885
440 4205
403 4020
403 3659
375 3218
375 3482
476 4472
476 4249
354 3297
354 3122
475 4142
475 4316
422 3775
422 3797
382 3508
382 3392
336 3188
336 3025
295 2637
295 2668
366 3222
366 3342
369 3436
369 3435
282 2386
282 2386
479 4286
479 4267
428 3607
428 4053
474 4248
474 4255
513 4405
513 4626
385 3474
385 3702
466 4129
466 4019
436 3851
436 4051
460 4358
460 4219
526 4922
526 4755
434 3655
434 4107
486 4204
486 4551
434 4049
434 4117
486 4306
486 4344
506 4777
506 4636
398 3746
398 3846
499 4589
499 4427
429 4063
429 4060
471 4292
471 4395
467 4072
467 4114
437 3899
437 4058
473 4676
473 4581
467 4398
467 4707
448 4160
448 4232
519 4841
519 4671
504 4511
504 4610
421 3837
421 3840
478 4375
478 4128
440 4113
440 4136
524 4401
524 4619
483 4404
483 4664
448 4273
448 4005
515 4690
515 4704
469 4518
469 4702
523 4620
523 4653
486 4718
486 4593
407 3736
407 3815
522 4539
522 4977
445 4075
445 4290
525 4950
525 5008
506 4689
506 4835
451 4026
451 4340
575 5183
575 4855
459 4273
459 4067
546 5081
546 5107
505 4821
505 4774
463 3935
463 4483
285 2693
285 2534
270 2417
270 2464
277 2524
277 2814
277 2412
277 2444
236 2120
236 1965
588 5118
588 5066
529 4927
529 4985
558 5419
558 5408
613 5560
613 5765
484 4678
484 4398
618 5862
618 5540
545 4844
545 4978
603 5135
603 5781
591 5444
591 5620
499 4610
499 4699
626 5506
626 6366
524 4497
524 4893
640 5588
640 5892
604 5801
604 5723
554 5259
554 5224
630 5650
630 5566
562 5119
562 5392
651 5938
651 6263
640 5604
640 5994
553 4859
553 5242
666 6625
666 6547
616 5364
616 5773
630 5528
630 5955
669 5942
669 6042
588 5359
588 5140
685 6412
685 6586
603 5223
603 5669
681 6417
681 6256
685 6493
685 6297
650 6118
650 6003
197 1872
197 1795
161 1363
161 1659
195 1721
195 1705
189 1747
189 1624
152 1419
152 1289
491 4529
491 4343
420 3902
420 3748
467 4471
467 4336
482 4273
482 4217
383 3644
383 3240
499 4264
499 4231
386 3859
386 3872
517 4707
517 4708
484 4677
484 4468
382 3743
382 3801
445 4061
445 3937
424 3959
424 4083
476 4251
476 4023
514 4809
514 4853
402 3672
402 3737
369 3424
369 3112
304 2547
304 2623
350 3150
350 2937
350 3227
350 2944
311 2914
311 2930
377 3416
377 3631
325 3018
325 3136
368 3219
368 3465
375 3495
375 3553
312 2911
312 2875
497 4457
497 4515
427 3685
427 3927
479 4481
479 4607
491 4373
491 4394
416 3768
416 3638
467 4625
467 4482
389 3674
389 3365
504 4795
504 4288
494 4726
494 4520
440 3682
440 3851
492 4199
492 4593
411 3617
411 3687
482 4425
482 4312
473 4228
473 4060
455 4362
455 4075
483 4297
483 4394
453 4441
453 4162
492 4733
492 4565
503 4678
503 4532
399 3365
399 3574
519 4721
519 4634
457 3922
457 4149
603 5517
603 5622
530 4794
530 4381
474 4447
474 4326
509 4544
509 4485
412 3954
412 3615
483 4263
483 4539
535 5067
535 4979
375 3476
375 3602
498 4428
498 4578
412 3885
412 3891
492 4611
492 4601
489 4287
489 4249
417 3594
417 3669
502 4478
502 4439
427 3654
427 3817
478 4276
478 4293
494 4841
494 4653
432 3710
432 4063
248 2316
248 2340
191 1718
191 1780
235 2231
235 2003
255 2445
255 2190
217 1975
217 1888
490 4637
490 4392
429 4075
429 4143
478 4343
478 4537
494 4441
494 4454
447 4011
447 3890
548 5149
548 4895
410 3732
410 3663
491 4368
491 4428
469 4500
469 3832
393 3548
393 3756
225 2258
225 1990
217 1968
217 2207
221 2082
221 2258
242 2253
242 2306
200 1822
200 1743
524 4753
524 4898
469 4367
469 3966
540 5264
540 4870
494 4186
494 4574
470 4156
470 4108
585 5319
585 5151
448 4348
448 4053
515 4869
515 4699
521 4653
521 4776
450 4615
450 3974
528 5371
528 5089
478 4530
478 4308
504 4444
504 4542
526 4664
526 4722
492 4326
492 4470
517 4779
517 4973
478 4291
478 4356
522 4852
522 4620
541 4911
541 4869
460 4338
460 4247
527 4928
527 4949
427 4213
427 4226
499 4589
499 4879
547 4869
547 5098
467 4563
467 4171
514 4775
514 5459
481 4649
481 4476
517 4723
517 4542
508 4876
508 4841
473 4323
473 4179
578 5397
578 5228
420 3712
420 4067
536 4846
536 5124
516 4661
516 4419
455 4023
455 4307
80 835
80 737
526 4641
526 5069
451 4270
451 4012
560 5358
560 5255
535 5134
535 5090
470 4507
470 4347
261 2290
261 2410
232 2397
232 1952
247 2390
247 2358
255 2356
255 2309
225 2265
225 2008
419 3542
419 3759
333 2990
333 2674
435 3981
435 4253
468 4163
468 4331
304 2991
304 2923
455 4129
455 4126
352 3175
352 3223
441 3818
441 3861
415 3586
415 3608
367 3498
367 3079
418 4047
418 4202
355 3404
355 3280
446 4176
446 3830
471 4183
471 4222
363 3196
363 3264
341 3158
341 2765
289 2797
289 2630
375 3499
375 3228
333 2943
333 3413
292 2757
292 2352
467 4704
467 4264
355 3273
355 3077
451 4137
451 3885
442 4101
442 4071
401 3879
401 3693
477 4214
477 4379
365 3226
365 3087
451 4312
451 4276
465 4060
465 3899
412 3773
412 4073
470 4350
470 4687
429 3944
429 4162
454 4136
454 4040
466 4761
466 4284
408 3857
408 4068
473 4234
473 4390
420 4031
420 3924
476 4046
476 3991
482 4390
482 4510
390 3682
390 3598
494 4405
494 4407
422 3678
422 3687
488 4415
488 4384
467 4538
467 4319
436 4177
436 4212
485 4470
485 4747
426 3905
426 3649
509 4980
509 4698
463 4192
463 4263
411 3696
411 3892
217 1906
217 2115
204 1900
204 1896
237 2133
237 2001
281 2564
281 2578
198 1764
198 2087
491 4553
491 4779
406 3643
406 3701
504 4555
504 4609
490 4614
490 4190
418 3757
418 3826
490 4420
490 4783
425 3649
425 3706
519 4749
519 5015
456 3907
456 4186
414 3493
414 3470
471 4659
471 4181
388 3321
388 3587
506 4715
506 4720
502 4572
502 4628
436 3969
436 3912
142 1336
142 1173
503 4255
503 4586
456 4216
456 4000
486 4521
486 4662
495 4379
495 4283
407 3950
407 3708
476 4375
476 4461
431 3886
431 3876
496 4636
496 4458
504 4750
504 4711
470 4232
470 4162
500 4521
500 4641
457 4094
457 4247
490 4742
490 4544
481 4313
481 4511
437 4064
437 4076
332 3026
332 2900
509 4989
509 4571
428 4335
428 3753
499 5025
499 4659
530 5043
530 4682
404 3619
404 3639
488 4684
488 5016
420 3995
420 4011
479 4348
479 4372
532 4579
532 4809
457 4272
457 4250
155 1318
155 1397
171 1469
171 1442
185 1631
185 1505
205 1869
205 1929
170 1553
170 1736
435 4252
435 3981
419 4031
419 3716
452 3884
452 4044
490 4955
490 4041
432 3769
432 3818
656 6039
656 6338
569 5177
569 5319
613 5541
613 5836
682 6371
682 5957
572 5435
572 4882
668 6249
668 6258
576 5522
576 5592
685 6286
685 6014
690 6494
690 6381
588 4962
588 5763
507 4554
507 4870
449 4081
449 3777
496 4580
496 4802
507 4840
507 4461
444 3945
444 4101
334 3375
334 2915
333 3186
333 3186
386 3319
386 3606
368 3204
368 3315
340 3677
340 3376
663 6201
663 5796
611 5364
611 5456
644 6160
644 5849
712 6119
712 6698
550 5197
550 4877
669 6122
669 6277
583 5612
583 5491
688 6632
688 6225
633 5992
633 6245
623 5702
623 5707
358 3329
358 3135
653 5626
653 6217
569 4904
569 5624
700 6245
700 6514
686 6146
686 6196
606 5579
606 5680
608 5945
608 5569
529 5085
529 5131
630 5450
630 6056
622 5804
622 5820
559 5189
559 5365
344 3260
344 3309
291 2832
291 2738
306 2621
306 2785
325 2942
325 2757
309 2977
309 2916
668 6107
668 6264
578 5512
578 5643
691 6394
691 5802
679 6153
679 6132
585 5068
585 5459
646 6374
646 5659
606 5849
606 5421
670 6445
670 6045
683 5947
683 6175
577 5047
577 5332
292 2711
292 2789
251 2264
251 2256
308 2768
308 2760
308 2738
308 2774
256 2404
256 2423
429 4180
429 4004
412 3813
412 3249
455 4280
455 4192
468 4254
468 4295
407 3759
407 3890
464 4339
464 4445
401 3581
401 3484
465 4003
465 4240
508 4568
508 5038
413 3821
413 3687
135 1241
135 1372
489 4640
489 4372
431 3703
431 3941
511 4791
511 4641
540 5281
540 5040
429 3568
429 4020
404 3778
404 3497
359 3452
359 3292
406 3473
406 3635
420 3966
420 3710
353 3080
353 3210
486 4420
486 4494
465 4402
465 4665
500 4499
500 4312
484 4508
484 4187
458 4165
458 4160
414 3983
414 3749
356 3508
356 3249
399 3981
399 3629
446 3977
446 3963
319 3089
319 3026
100 838
100 940
526 4956
526 5273
446 3982
446 4095
492 4409
492 4638
509 4493
509 4635
437 3816
437 3929
499 4565
499 4349
445 3966
445 3980
489 4030
489 4744
477 4391
477 4351
444 3953
444 4285
506 4431
506 4788
426 3858
426 3709
486 4866
486 4141
498 4699
498 4968
453 4530
453 3992
283 2662
283 2546
259 2370
259 2259
318 2793
318 3084
309 2746
309 2886
288 2406
288 2900
702 6564
702 6846
585 5688
585 5258
705 6192
705 6789
686 6556
686 6496
589 5381
589 5303
681 6045
681 6576
608 5897
608 5780
705 6286
705 6513
691 6516
691 6513
597 5351
597 5473
569 5075
569 5232
510 4602
510 4471
583 5411
583 5302
555 5104
555 5271
498 4427
498 4763
701 6063
701 6603
634 6350
634 5639
753 6991
753 7508
713 6390
713 6716
699 6123
699 6119
678 6311
678 5715
543 5075
543 5020
662 5966
662 5941
696 6741
696 6466
618 5962
618 5325
536 5102
536 4958
433 3634
433 3570
491 4581
491 4603
536 4766
536 4826
423 3646
423 4062
279 2565
279 2559
193 1651
193 1866
247 2177
247 2212
240 2134
240 2395
190 1734
190 1670
503 4658
503 4351
444 4052
444 4006
532 4912
532 4765
509 4710
509 4699
434 4042
434 3984
535 5246
535 4951
444 4100
444 3891
528 4959
528 5104
532 4635
532 4957
416 3814
416 3901
509 5038
509 4854
444 3896
444 4237
528 5188
528 4813
495 4680
495 4395
452 4124
452 3994
499 4569
499 4638
435 4002
435 4257
501 4583
501 4656
550 5144
550 5185
451 4006
451 4362
507 4728
507 4505
394 3442
394 3657
520 4673
520 4915
484 4258
484 4277
509 4944
509 4684
474 4222
474 4495
538 4773
538 4738
557 5217
557 4779
477 4218
477 4151
573 5188
573 5434
528 4517
528 4990
562 5110
562 5123
548 4798
548 5118
526 4853
526 4647
441 3893
441 4303
520 4636
520 4855
480 4228
480 4563
570 5069
570 5391
462 4413
462 4466
548 5054
548 5289
522 4710
522 4890
493 4769
493 4463
612 5437
612 5699
528 4945
528 4829
631 5844
631 5675
563 5179
563 5076
631 5712
631 5469
544 5420
544 5150
634 5434
634 6130
538 5045
538 4954
233 2052
233 2032
137 1309
137 1326
130 1153
130 1375
862 7384
862 8071
1068 9628
1068 9735
924 8673
924 8690
149 1359
149 1479
214 1908
214 2018
169 1491
169 1445
481 4203
481 4419
642 6057
642 6023
518 4699
518 4736
951 8626
951 8877
1174 10721
1174 10249
949 9557
949 8354
607 5794
607 5552
480 4552
480 4322
611 5886
611 5454
597 5893
597 5365
522 4548
522 5013
463 4683
463 4013
438 4302
438 4286
458 4060
458 4293
499 4387
499 4683
397 3566
397 3608
524 4758
524 5020
392 3707
392 3616
465 4522
465 4558
453 3905
453 4202
421 3808
421 3774
505 4894
505 4855
396 3877
396 3658
490 4631
490 4388
485 4389
485 4382
411 3723
411 3854
302 2640
302 2789
521 4784
521 4906
404 3472
404 3921
469 4357
469 4467
476 4299
476 4256
425 4128
425 3862
519 4995
519 4838
407 3899
407 3643
473 4126
473 4446
477 4573
477 4360
434 4125
434 3831
456 4256
456 4107
448 4075
448 4338
513 4646
513 4858
496 4955
496 4727
425 3850
425 3994
466 4290
466 4436
438 4053
438 4278
504 4602
504 4721
490 4376
490 4454
432 3851
432 3964
418 3664
418 3695
421 4031
421 3995
493 4361
493 5066
515 4651
515 4331
450 4384
450 4226
58 590
58 667
653 5874
653 6207
574 5170
574 5169
665 5991
665 6088
646 6014
646 5895
562 5134
562 5253
640 5932
640 6299
559 5092
559 5243
671 6147
671 5954
682 6243
682 6096
525 4691
525 4735
743 6768
743 6682
695 6311
695 6567
823 7266
823 7804
789 7023
789 7309
717 7011
717 6540
640 5653
640 5717
538 4754
538 5103
687 6331
687 6293
645 6351
645 5897
568 5435
568 5265
640 5647
640 5722
545 4995
545 5166
627 5426
627 5712
660 5701
660 5951
500 4361
500 4966
726 6534
726 6470
585 5450
585 5224
713 6306
713 6583
669 6033
669 6100
618 5925
618 5781
150 1363
150 1212
138 1337
138 1203
157 1255
157 1363
130 1446
130 1061
125 1202
125 1218
317 2816
317 3058
304 2599
304 2780
369 3421
369 3530
378 3497
378 3194
311 3321
311 3207
353 3322
353 3327
301 2661
301 2436
330 2862
330 2850
381 3431
381 3444
315 2978
315 2996
694 5927
694 6535
565 5257
565 5616
655 6434
655 5818
696 6250
696 5984
575 5420
575 5329
202 1759
202 1952
155 1350
155 1577
194 1814
194 2050
212 1986
212 2118
160 1362
160 1687
123 1174
123 1164
359 3401
359 3294
384 3691
384 3576
421 4247
421 3997
428 3607
428 4242
379 3623
379 3609
689 6575
689 6455
621 5652
621 5802
676 5732
676 6361
667 6112
667 5985
597 5792
597 5115
565 5348
565 5159
484 4161
484 4688
564 5073
564 4769
555 5065
555 5259
468 4585
468 4016
791 7029
791 7334
670 6277
670 5987
746 7015
746 6845
757 7147
757 7148
662 6317
662 6039
540 5093
540 5077
490 4400
490 4459
554 5421
554 5133
563 4759
563 5123
464 4268
464 4308
809 7508
809 7215
767 6802
767 6877
837 7851
837 7592
860 8160
860 7962
755 7228
755 7219
513 4615
513 4693
436 4346
436 3855
504 4675
504 4456
518 4727
518 4656
428 3857
428 4053
447 3917
447 4230
461 4330
461 4457
515 4915
515 4549
517 4892
517 4902
453 4339
453 4239
210 1907
210 1826
157 1530
157 1510
204 1961
204 1679
212 2055
212 2075
164 1322
164 1263
366 3275
366 3425
237 2148
237 2159
210 1770
210 1936
244 2265
244 2430
220 2133
220 1980
217 2116
217 2014
517 4552
517 4596
470 4569
470 4326
472 4256
472 4264
523 4470
523 5043
437 4212
437 4179
471 4482
471 4205
433 4126
433 3871
510 4623
510 4439
477 4371
477 4309
465 4416
465 4145
488 4630
488 4364
418 3665
418 4069
530 4723
530 4858
519 4986
519 4675
431 3966
431 4047
465 4175
465 4513
408 3786
408 3724
446 4210
446 4221
458 4323
458 4570
407 3852
407 3792
486 4338
486 4677
435 4047
435 3918
500 4529
500 4847
524 4626
524 4779
404 3573
404 3527
752 6846
752 6950
645 5738
645 5393
819 7201
819 7587
775 7314
 
631 5862
631 5692
669 5698
669 6413
635 5940
635 5724
654 5769
654 5849
680 6066
680 6337
550 4976
550 5193
420 4047
420 3899
398 3676
398 3566
462 4304
462 4256
463 4255
463 4626
372 3396
372 3114
506 4305
506 4589
448 4003
448 4245
496 5026
496 4631
511 4557
511 4503
473 4422
473 4383
798 7105
798 7687
727 6453
727 6553
802 7723
802 7440
767 7297
767 7034
674 6247
674 6305
24 221
24 251
718 6263
718 6369
635 5460
635 5841
689 6394
689 6391
738 6921
738 7246
621 5716
621 5904
461 4069
461 4184
422 3897
422 3734
487 4572
487 4339
425 3633
425 4050
410 3819
410 3660
271 2284
271 2284
804 7192
804 7644
705 6288
705 6670
861 7840
861 7829
809 7579
809 7294
757 6793
757 7195
579 4953
579 5272
512 4368
512 4683
606 5253
606 5677
601 5765
601 5600
550 4851
550 5120
610 5530
610 5666
550 5044
550 5248
599 5398
599 5573
563 5240
563 5245
480 4505
480 4381
464 4013
464 4428
130 1031
130 1153
303 2626
303 2915
290 2772
290 2837
331 3168
331 3466
358 3299
358 3122
269 2370
269 2524
701 6533
701 6449
699 6550
699 6248
829 7615
829 7716
821 7564
821 7698
654 6227
654 5858
936 8384
936 8408
796 7401
796 7212
928 8041
928 8914
904 8121
904 8287
775 6883
775 7247
570 5209
570 5749
526 4632
526 4665
583 5284
583 5194
603 5636
603 5678
534 4844
534 4820
441 4085
441 3990
400 3550
400 3535
409 3697
409 3500
461 4057
461 4375
359 3341
359 3280
819 7571
819 7744
665 6004
665 6263
746 7088
746 7096
796 7146
796 7387
666 5946
666 6029
752 6875
752 6963
581 4912
581 5229
729 6728
729 6657
726 6755
726 7311
620 5905
620 5539
959 8864
959 8872
755 7044
755 7145
942 8568
942 8595
890 8603
890 8499
842 7738
842 7232
565 4701
565 5089
466 4463
466 4503
567 5000
567 5217
550 5220
550 4808
494 4618
494 5055
517 4696
517 4510
452 4108
452 4182
538 4833
538 5590
541 4885
541 5181
486 4639
486 4238
533 4970
533 4728
448 4387
448 3821
534 4582
534 5018
493 4803
493 4423
459 4235
459 4160
530 4475
530 4849
437 4157
437 3858
516 5086
516 5166
518 5093
518 4675
449 4009
449 4284
509 4526
509 4475
453 3997
453 4229
530 4635
530 4512
502 4491
502 4619
459 4227
459 4232
273 2415
273 2455
514 5270
514 4758
431 4133
431 3789
507 4941
507 4666
532 4933
532 5035
441 3913
441 4501
472 4366
472 4153
436 3764
436 3935
542 5097
542 4856
511 4667
511 4703
457 3941
457 3993
530 5000
530 4678
426 4170
426 4107
508 4753
508 4667
506 4981
506 4832
502 4930
502 4878
536 4672
536 4609
477 4350
477 4220
469 4289
469 4300
543 4917
543 4913
412 3600
412 3853
473 4328
473 4135
444 4340
444 4014
539 5078
539 5079
567 5465
567 5306
415 3876
415 3698
661 5872
661 5957
550 4876
550 4930
642 5540
642 5764
616 5465
616 5596
556 5585
556 4938
593 5755
593 5239
549 5312
549 5023
614 5898
614 5687
646 5660
646 5824
514 4436
514 4673
613 5674
613 5324
533 4840
533 4454
613 5624
613 5591
624 5832
624 6036
501 4517
501 4792
334 3051
334 3010
305 2847
305 2983
342 2975
342 3311
361 3469
361 3180
331 3130
331 3023
847 7799
847 7984
767 6889
767 7289
819 8000
819 7160
830 7620
830 7561
682 6638
682 5950
524 4639
524 4819
463 4377
463 4359
574 5327
574 5238
524 4993
524 4799
440 4124
440 3800
712 6571
712 6629
608 5582
608 5728
720 6261
720 6620
630 6238
630 6161
608 5832
608 5790
732 7069
732 6762
582 5364
582 5183
705 6585
705 6775
686 6394
686 6224
603 5660
603 5604
693 6215
693 6306
611 5918
611 5389
718 6605
718 6163
754 6869
754 7050
575 5359
575 5397
535 4815
535 4961
484 4484
484 4814
512 4670
512 4767
512 4857
512 4715
458 4062
458 4199
656 6514
656 5790
571 5064
571 5459
674 6234
674 6540
654 5817
654 5989
556 5335
556 5039
562 5364
562 5022
505 4639
505 4389
553 5472
553 5385
534 4945
534 4677
490 4707
490 4519
689 6182
689 6420
606 5748
606 5596
743 6961
743 7382
688 6322
688 6414
630 5875
630 5647
489 4557
489 4475
438 4112
438 4235
523 4847
523 5081
509 4804
509 4460
455 4224
455 4040
600 5769
600 5451
461 4128
461 4287
505 4762
505 4487
535 4670
535 5203
462 4337
462 4295
816 7514
816 7395
723 6814
723 6627
837 7619
837 7576
801 7548
801 7724
752 7252
752 6988
491 4413
491 4217
394 3660
394 3753
479 4264
479 4484
498 4555
498 4967
393 3615
393 3879
479 4288
479 4419
398 3378
398 3740
496 4282
496 4480
454 4059
454 4356
434 3861
434 4014
461 4327
461 4277
386 3370
386 3358
459 4547
459 4541
507 4541
507 4634
438 4039
438 3906
431 3957
431 4085
415 4069
415 4378
518 4474
518 4709
456 4063
456 4083
400 3466
400 3906
467 4354
467 4333
416 3841
416 3859
506 4588
506 4696
469 4297
469 4656
406 3673
406 3830
455 4535
455 4454
430 4106
430 3883
469 4321
469 4322
512 4761
512 4674
407 3442
407 3493
508 4584
508 5036
407 3909
407 3893
491 4672
491 4402
473 4296
473 4514
427 3568
427 3575
503 4349
503 4814
395 3891
395 3811
536 4382
536 4963
470 4679
470 4488
413 3800
413 3796
499 4629
499 4478
412 4052
412 3925
464 4220
464 4086
539 4899
539 5001
417 4183
417 3509
517 4880
517 4875
435 3988
435 4053
518 5083
518 4702
485 4520
485 4229
412 3798
412 3891
485 4479
485 4523
426 3765
426 3601
503 4567
503 4617
522 5148
522 4906
446 3888
446 4501
563 5399
563 5391
431 3988
431 3968
488 4725
488 4516
487 4918
487 4442
486 4552
486 4352
538 5064
538 5268
486 4390
486 4601
594 5334
594 5475
552 5184
552 5178
446 4183
446 3895
581 5507
581 5527
489 4589
489 4337
558 5087
558 5007
623 5930
623 6078
507 4529
507 4824
161 1369
161 1665
189 1779
189 1583
169 1499
169 1417
235 2304
235 2281
193 1747
193 1704
266 2490
266 2684
221 1838
221 2203
304 2949
304 2744
266 2415
266 2274
198 1792
198 1825
306 2836
306 2931
282 2534
282 2678
333 2733
333 3157
318 2909
318 2894
250 2369
250 2275
353 3166
353 3149
321 2785
321 2737
455 4065
455 4089
378 3473
378 3707
368 3103
368 3668
964 9429
964 8395
846 7898
846 7374
1022 10034
1022 9434
973 8953
973 8659
910 8478
910 8356
1157 11154
1157 10538
978 8748
978 9352
1138 10603
1138 10533
1183 11103
1183 10627
1022 9371
1022 9574
524 4936
524 4735
453 4217
453 4206
533 4710
533 4824
541 4981
541 5505
461 4196
461 4476
616 5970
616 5466
538 5289
538 4912
661 6021
661 5721
652 6029
652 5322
555 5237
555 4872
626 5940
626 5833
530 4681
530 4750
619 5448
619 5736
577 5408
577 5427
553 5110
553 5197
573 5433
573 4977
476 4318
476 4206
579 5230
579 5249
580 5535
580 5251
497 4471
497 4706
551 5035
551 5125
538 5253
538 4827
552 5050
552 5201
567 5244
567 5201
500 4757
500 4269
403 3512
403 4191
313 3102
313 2760
433 4192
433 3631
390 3578
390 3679
366 3448
366 3226
559 4908
559 5729
476 4812
476 4070
516 4862
516 4812
565 5022
565 4840
488 4354
488 4568
536 4591
536 5263
442 4104
442 3858
466 4192
466 4399
482 4609
482 4477
446 4052
446 4128
505 4634
505 4342
478 4281
478 4423
490 4394
490 4815
454 3943
454 4315
452 4118
452 3930
264 2463
264 2286
220 1943
220 2074
247 2114
247 2134
248 2503
248 2274
207 2056
207 1967
550 5294
550 4880
505 4847
505 5094
547 5339
547 4751
557 5208
557 5297
470 4438
470 3885
384 3564
384 3540
323 2923
323 2941
399 3603
399 3665
403 3954
403 3740
333 3289
333 2982
700 6502
700 6473
597 5344
597 5567
697 6354
697 6659
685 6476
685 6604
584 5035
584 5188
551 4943
551 5310
472 4857
472 4270
574 5041
574 5165
566 5271
566 4930
478 4371
478 4231
585 5487
585 5582
540 4932
540 5068
533 5304
533 4763
541 4947
541 5150
465 4227
465 3915
780 7327
780 7549
704 6608
704 6451
777 7305
777 7105
808 7481
808 7375
702 6640
702 6781
775 7446
775 7220
655 6190
655 5891
658 6215
658 5934
687 6533
687 6566
678 6221
678 6631
318 2826
318 2819
509 4688
509 4727
471 4452
471 4473
484 4304
484 4515
502 4805
502 4743
435 4163
435 3968
513 4791
513 4724
456 4201
456 4053
521 4726
521 4643
470 4423
470 4422
467 4024
467 4297
604 5573
604 5945
573 5535
573 5026
627 5530
627 5517
666 6055
666 6032
552 4947
552 5378
682 6133
682 6165
642 6003
642 5916
700 6446
700 6480
704 6278
704 6449
630 6077
630 5614
781 7250
781 7340
758 6726
758 7366
847 7691
847 7528
867 8011
867 8009
761 7185
761 6991
1238 11393
1238 11148
1149 10405
1149 10138
1270 11808
1270 12089
1233 11687
1233 11355
1118 10162
1118 10268
594 5297
594 5155
509 4335
509 4489
576 4762
576 5232
529 4764
529 5267
463 4388
463 4330
333 3092
333 2906
293 2672
293 2478
337 3195
337 3381
330 3097
330 3033
283 2601
283 2717
581 5346
581 5495
534 4730
534 5201
612 5720
612 5399
653 6531
653 6309
583 5332
583 5305
540 4837
540 4902
453 4187
453 4096
472 4314
472 4549
495 4717
495 4860
432 3693
432 3815
523 4876
523 4795
482 4234
482 4443
516 4490
516 4799
506 4859
506 4431
466 4237
466 4354
548 5232
548 4887
469 4591
469 3944
595 5741
595 5286
547 4701
547 5049
452 4042
452 3683
539 4952
539 4476
431 4094
431 3740
496 4600
496 4681
498 4385
498 4783
471 4392
471 4281
567 5418
567 5326
488 4263
488 4389
580 5195
580 5222
531 4860
531 4556
447 3904
447 4384
641 5788
641 6050
532 4887
532 4928
601 5550
601 5669
656 5789
656 6143
546 4862
546 4623
544 5370
544 5359
483 4449
483 4295
540 4887
540 4713
571 5155
571 5218
482 4707
482 4270
556 5186
556 5244
532 5129
532 4935
568 5326
568 5170
589 5313
589 5398
501 4763
501 4785
531 5068
531 4524
473 4568
473 4206
563 5523
563 4954
585 4830
585 5407
506 4859
506 4705
291 2567
291 2913
129 1135
129 1217
129 1079
129 1141
588 5242
588 5744
566 5253
566 5364
588 5463
588 5198
660 5946
660 6521
540 4947
540 5155
692 6204
692 6354
555 4853
555 5310
619 5625
619 6101
636 6248
636 5755
524 4680
524 4904
653 6442
653 6365
563 4910
563 5023
595 5533
595 5465
628 5579
628 6369
520 4603
520 4972
235 2061
235 2146
218 2038
218 1968
232 2169
232 2185
204 1823
204 1819
214 2062
214 1956
528 4994
528 4789
470 4186
470 4571
528 5174
528 4373
505 4865
505 4917
473 4816
473 4673
360 3643
360 3227
312 2895
312 2694
325 2880
325 3021
345 3244
345 3181
311 2929
311 2913
178 1700
178 1762
645 6027
645 6022
552 5208
552 4776
658 5934
658 5985
613 5743
613 5936
522 4612
522 4601
462 4365
462 4083
605 5421
605 5391
487 4691
487 4862
599 5447
599 5388
635 5889
635 5952
519 4684
519 4780
330 2971
330 2848
273 2707
273 2607
284 2628
284 2819
293 2657
293 2558
296 2804
296 2850
699 6387
699 6435
643 6149
643 5566
678 6013
678 6665
673 6358
673 6143
593 5772
593 5517
733 6808
733 6670
706 6295
706 6254
769 7090
769 7462
800 7404
800 7027
655 5939
655 6190
661 5989
661 6580
569 5302
569 5384
710 6637
710 6502
628 6155
628 6062
622 5719
622 5881
217 1802
217 2088
175 1437
175 1639
228 1939
228 2114
190 1855
190 1822
161 1420
161 1511
790 7415
790 7553
654 5857
654 6054
758 6647
758 7297
821 7571
821 7432
690 6719
690 6395
225 2066
225 1980
188 1823
188 1863
218 2125
218 1993
217 2069
217 1842
190 1666
190 1898
746 6927
746 6927
604 5628
604 5445
729 6649
729 6902
747 7273
747 6571
638 5929
638 6164
814 7382
814 7454
700 6043
700 6470
787 6839
787 7197
778 6815
778 6891
751 6918
751 7043
474 4314
474 4459
416 3811
416 3862
471 4450
471 4277
467 4048
467 4711
407 3672
407 3745
759 6770
759 7077
680 6536
680 6244
751 6899
751 7079
778 7422
778 6978
684 6096
684 6460
115 1045
115 1130
112 922
112 1046
145 1200
145 1378
129 1090
129 1225
116 1088
116 1113
110 1068
110 970
542 4963
542 4909
519 4908
519 5080
587 5564
587 5603
567 5431
567 5380
530 5138
530 4968
573 5045
573 5315
519 4782
519 4727
643 5754
643 6328
585 5789
585 5394
484 4370
484 4252
180 1762
180 1548
137 1250
137 1103
145 1337
145 1416
168 1475
168 1640
165 1555
165 1486
116 907
116 1039
580 5529
580 5420
501 4432
501 4332
564 4779
564 5561
562 5180
562 5242
481 4363
481 4870
505 4802
505 4541
595 5694
595 5720
546 5065
546 5101
581 5393
581 5261
603 5431
603 5456
532 4687
532 4923
474 4397
474 4310
554 5478
554 5028
523 4918
523 4321
597 5429
597 5486
570 5340
570 5061
481 4363
481 4120
558 4880
558 5339
470 4458
470 4324
495 4739
495 4762
550 5125
550 4982
477 4433
477 4189
491 4441
491 4414
427 3681
427 3989
462 4326
462 4299
478 4124
478 4344
447 4063
447 4066
667 6443
667 6116
589 5640
589 5487
641 5994
641 6036
667 6236
667 6141
559 5393
559 5075
615 5665
615 5468
551 4624
551 5234
602 5669
602 5464
606 5762
606 5330
541 5511
541 5308
654 5738
654 6071
547 4860
547 4819
650 6151
650 5781
671 6152
671 6269
573 5180
573 5420
173 1739
173 1327
165 1507
165 1388
197 2119
197 1789
176 1701
176 1599
180 1896
180 1598
219 2060
219 1832
208 1772
208 1938
220 2201
220 2076
209 1816
209 1814
172 1420
172 1748
265 2649
265 2139
211 1964
211 1793
256 2647
256 2343
275 2596
275 2409
239 2134
239 2118
560 5466
560 5299
505 4836
505 4412
548 5062
548 5300
542 4941
542 4680
456 4288
456 4703
499 4762
499 4558
426 3941
426 3990
492 4383
492 4394
481 4638
481 4591
448 3916
448 4258
504 4537
504 4510
420 3827
420 4045
515 4883
515 4918
490 4473
490 5027
418 3908
418 3696
233 2173
233 2086
134 1089
134 1122
134 1230
134 1234
136 1167
136 1049
202 1720
202 1767
178 1668
178 1702
201 1920
201 1745
196 1707
196 1783
190 1727
190 1736
187 1873
187 1777
156 1421
156 1521
186 1672
186 1875
187 1770
187 1476
146 1378
146 1470
547 5080
547 5080
456 3915
456 4325
528 5002
528 4853
512 4895
512 4732
483 4061
483 4393
521 4876
521 4657
463 4300
463 4180
529 4705
529 4951
543 5003
543 5210
499 5008
499 4675
609 5915
609 5446
498 5278
498 4856
606 5402
606 5711
611 5394
611 5581
528 4868
528 4700
540 5052
540 5311
485 4154
485 4508
554 4993
554 5122
536 4493
536 4862
467 4315
467 4168
528 4964
528 4503
468 4458
468 4252
504 4409
504 4485
521 4848
521 4535
447 4253
447 4251
579 5364
579 5355
494 4341
494 4789
556 5097
556 5026
530 4986
530 4915
503 4636
503 4677
597 5589
597 5552
533 5435
533 4656
586 5542
586 5462
616 5667
616 5803
547 5204
547 4927
409 3934
409 3731
335 2869
335 3259
392 3598
392 3384
372 3358
372 3658
325 3181
325 3006
573 5215
573 5246
527 5211
527 5573
608 5509
608 5643
536 5060
536 5033
527 4614
527 4523
127 1119
127 1064
114 1118
114 769
120 1249
120 1036
125 1131
125 1302
113 932
113 1146
583 5523
583 5178
480 4413
480 4000
577 5520
577 5397
542 5053
542 4788
491 4608
491 4612
689 6076
689 6455
524 4899
524 4732
673 6149
673 6015
633 5753
633 5617
564 5285
564 5015
527 4716
527 4923
465 4495
465 4260
556 5275
556 5292
571 5307
571 5261
455 4348
455 4434
478 4221
478 4372
425 4063
425 3848
504 4782
504 4505
471 4267
471 4495
464 4312
464 4254
495 4591
495 4664
447 3852
447 4393
539 5040
539 4989
551 5453
551 5157
495 5125
495 4494
296 2856
296 2663
274 2449
274 2536
297 2739
297 2512
315 2879
315 2855
259 2309
259 2574
379 3288
379 3424
314 3123
314 3142
355 3532
355 3398
317 2900
317 2996
318 2828
318 2967
791 7147
791 7240
689 6259
689 6063
715 6808
715 6650
776 7373
776 7294
666 6221
666 5743
552 5214
552 4788
497 4949
497 4660
495 4443
495 4487
568 5441
568 5281
452 4085
452 4016
480 4399
480 4170
463 4398
463 4164
568 5188
568 5207
532 4399
532 4979
472 4440
472 4609
269 2703
269 2105
240 2236
240 2365
248 2076
248 2469
273 2226
273 2677
223 2055
223 2249
333 2977
333 3153
282 2686
282 2536
323 2769
323 3034
339 3154
339 2950
293 2582
293 2567
