123 633
123 562
123 568
178 858
178 843
178 795
129 617
129 595
129 707
140 666
140 672
140 751
154 719
154 730
154 837
183 819
183 966
183 818
155 746
155 721
155 670
149 774
149 633
149 773
160 773
160 662
160 773
147 656
147 711
147 778
231 1095
231 1088
231 1098
492 2404
492 2167
492 2275
374 1879
374 1743
374 1811
463 2232
463 2291
463 2090
457 2237
457 2121
457 2175
376 1870
376 1699
376 1718
92 458
92 487
92 461
129 624
129 749
129 582
115 595
115 471
115 537
132 594
132 626
132 689
110 560
110 557
110 547
344 1729
344 1750
344 1586
262 1253
262 1260
262 1218
318 1362
318 1460
318 1430
352 1636
352 1706
352 1657
244 1272
244 1282
244 1182
294 1487
294 1362
294 1369
249 1151
249 1106
249 1105
265 1223
265 1179
265 1227
239 1104
239 1121
239 1072
217 1025
217 1058
217 1069
249 1113
249 1161
249 1282
217 1039
217 991
217 952
227 1051
227 1083
227 1027
227 1103
227 1069
227 1050
189 914
189 923
189 890
316 1503
316 1533
316 1507
271 1170
271 1228
271 1375
325 1656
325 1459
325 1506
263 1190
263 1276
263 1207
263 1291
263 1307
263 1122
316 1348
316 1455
316 1455
273 1349
273 1285
273 1299
309 1533
309 1554
309 1409
330 1569
330 1686
330 1529
246 1212
246 1105
246 1302
321 1494
321 1459
321 1602
305 1464
305 1472
305 1428
323 1522
323 1562
323 1412
358 1789
358 1593
358 1713
352 1580
352 1607
352 1506
332 1575
332 1610
332 1630
334 1609
334 1533
334 1628
383 1718
383 1787
383 1994
333 1497
333 1604
333 1639
316 1682
316 1414
316 1586
173 760
173 859
173 766
321 1351
321 1469
321 1515
333 1595
333 1634
333 1662
354 1783
354 1586
354 1754
390 1861
390 1826
390 1860
298 1445
298 1647
298 1452
459 2235
459 2400
459 2244
372 1842
372 1860
372 1762
492 2333
492 2341
492 2342
451 2341
451 2142
451 2068
433 2037
433 2153
433 2187
353 1702
353 1718
353 1732
307 1485
307 1475
307 1602
362 1793
362 1670
362 1804
332 1569
332 1473
332 1574
283 1313
283 1399
283 1329
474 2065
474 2406
474 2339
403 1852
403 1767
403 1855
414 1871
414 2104
414 2001
419 1785
419 1847
419 1955
407 1957
407 1861
407 1971
472 2131
472 2197
472 2287
438 2111
438 2146
438 2076
447 2123
447 2189
447 2179
459 2259
459 2225
459 2335
452 2069
452 2189
452 2011
107 580
107 465
107 600
203 983
203 1063
203 1083
116 495
116 569
116 536
42 230
42 180
42 155
347 1817
347 1502
347 1647
289 1413
289 1190
289 1418
345 1574
345 1560
345 1531
334 1757
334 1563
334 1636
270 1421
270 1327
270 1299
373 1662
373 1798
373 1796
295 1502
295 1314
295 1386
349 1770
349 1671
349 1734
389 1695
389 1932
389 1806
293 1355
293 1301
293 1467
218 1106
218 1119
218 993
173 849
173 836
173 785
209 1012
209 949
209 983
212 955
212 1039
212 932
161 857
161 759
161 789
505 2498
505 2492
505 2442
372 1864
372 1721
372 1871
462 2101
462 2203
462 2308
488 2421
488 2227
488 2488
415 2077
415 1789
415 2016
605 2978
605 2741
605 2914
595 2867
595 2695
595 2780
586 2627
586 2785
586 2728
451 2216
451 2289
451 2183
265 1236
265 1263
265 1162
118 606
118 508
118 529
566 2604
566 2639
566 2925
584 2793
584 2895
584 2827
585 2975
585 2718
585 2848
493 2298
493 2498
493 2357
603 3008
603 2925
603 2803
582 2654
582 2896
582 2916
613 2889
613 3014
613 2824
469 2216
469 2261
469 2108
587 2713
587 2770
587 2879
559 2684
559 2658
559 2921
586 2823
586 2640
586 2886
484 2365
484 2332
484 2434
574 3019
574 2701
574 2627
569 2735
569 2798
569 2821
578 2758
578 2705
578 2774
507 2628
507 2389
507 2423
614 2939
614 3116
614 3079
586 2763
586 2837
586 2691
529 2429
529 2716
529 2541
506 2416
506 2391
506 2420
558 2908
558 2687
558 2500
564 2423
564 2745
564 2650
579 2726
579 2882
579 2727
513 2564
513 2607
513 2514
135 748
135 634
135 688
163 771
163 777
163 766
145 690
145 721
145 789
172 879
172 822
172 867
589 2926
589 2911
589 2802
539 2435
539 2748
539 2708
585 2686
585 2751
585 2781
499 2421
499 2261
499 2434
282 1320
282 1154
282 1347
272 1249
272 1265
272 1285
338 1645
338 1591
338 1695
238 1201
238 1117
238 1041
344 1621
344 1755
344 1830
295 1483
295 1250
295 1575
328 1522
328 1516
328 1625
363 1859
363 1804
363 1748
308 1431
308 1455
308 1360
431 2103
431 1893
431 2026
306 1550
306 1392
306 1426
422 2003
422 2050
422 2125
396 1904
396 1936
396 1886
317 1613
317 1436
317 1635
321 1476
321 1472
321 1569
466 2218
466 2221
466 2251
396 1945
396 1935
396 1838
496 2358
496 2244
496 2494
443 2142
443 2120
443 2128
383 1795
383 1812
383 1831
280 1405
280 1284
280 1433
219 1134
219 1156
219 953
291 1356
291 1303
291 1427
258 1232
258 1203
258 1287
226 1145
226 1033
226 1099
490 2292
490 2338
490 2431
393 1854
393 1905
393 1880
472 2287
472 2179
472 2224
431 2163
431 2014
431 2115
417 1982
417 1966
417 2123
293 1365
293 1451
293 1523
213 1010
213 1035
213 1057
263 1313
263 1258
263 1177
280 1362
280 1418
280 1286
239 1074
239 1016
239 1126
317 1564
317 1459
317 1629
497 2432
497 2347
497 2350
80 377
80 355
80 339
464 2062
464 2241
464 2244
432 2113
432 2200
432 2110
435 2137
435 2121
435 2077
427 2061
427 1981
427 2088
404 1809
404 1845
404 1941
467 2111
467 2377
467 2191
381 1842
381 1781
381 1729
434 1994
434 2144
434 1878
499 2334
499 2485
499 2168
387 1896
387 2099
387 1871
566 2715
566 2848
566 2550
422 1962
422 2055
422 2121
508 2483
508 2534
508 2552
524 2478
524 2353
524 2575
447 2158
447 2103
447 2073
463 2270
463 2182
463 2326
361 1772
361 1744
361 1711
449 2145
449 2199
449 2168
427 2080
427 2120
427 2236
437 2099
437 2177
437 2054
495 2352
495 2410
495 2485
349 1789
349 1681
349 1706
477 2327
477 2350
477 2402
472 2338
472 2423
472 2346
378 1699
378 1899
378 1912
376 1732
376 1840
376 1759
371 1745
371 1911
371 1778
464 2247
464 2315
464 2257
445 2220
445 2128
445 2120
396 1987
396 1839
396 1761
441 2096
441 2169
441 2021
392 1818
392 1886
392 1906
472 2294
472 2179
472 2342
412 1907
412 2065
412 1973
330 1734
330 1534
330 1706
473 2169
473 2254
473 2429
446 2135
446 2087
446 2192
529 2671
529 2399
529 2688
233 1227
233 1078
233 1057
430 2320
430 2159
430 2199
495 2292
495 2502
495 2484
441 2233
441 2095
441 2147
522 2420
522 2657
522 2406
262 1301
262 1322
262 1315
387 1777
387 1752
387 1782
516 2500
516 2500
516 2447
448 2055
448 2085
448 2204
466 2292
466 2171
466 2202
288 1456
288 1267
288 1401
412 2133
412 1992
412 1869
489 2433
489 2396
489 2369
419 1907
419 1943
419 2008
472 2200
472 2138
472 2363
249 1182
249 1113
249 1292
410 1893
410 1880
410 1998
162 752
162 782
162 738
129 595
129 594
129 699
132 593
132 651
132 666
120 637
120 579
120 587
167 819
167 757
167 732
121 607
121 558
121 535
148 742
148 695
148 698
129 599
129 640
129 622
278 1291
278 1499
278 1290
571 2581
571 2540
571 2604
492 2442
492 2245
492 2356
630 2964
630 3052
630 3026
322 1549
322 1466
322 1642
518 2324
518 2472
518 2534
88 366
88 406
88 428
474 2281
474 2155
474 2457
400 1888
400 1858
400 1819
479 2290
479 2182
479 2408
311 1562
311 1530
311 1647
440 2294
440 2062
440 2236
198 1009
198 927
198 1002
190 894
190 874
190 887
222 1053
222 1129
222 1143
205 923
205 957
205 972
495 2358
495 2455
495 2524
411 2159
411 1894
411 1920
431 2046
431 2073
431 2178
386 1913
386 2007
386 1766
475 2147
475 2224
475 2252
417 2086
417 1904
417 2004
377 1788
377 1772
377 1792
508 2374
508 2438
508 2342
499 2464
499 2434
499 2631
441 2097
441 2315
441 2177
492 2530
492 2321
492 2396
428 1987
428 1983
428 2060
382 1749
382 1789
382 1821
388 1939
388 1962
388 1924
307 1451
307 1405
307 1459
369 1769
369 1633
369 1727
419 1986
419 1879
419 2137
314 1449
314 1568
314 1485
414 1903
414 1906
414 1782
202 912
202 998
202 951
344 1640
344 1706
344 1679
513 2535
513 2386
513 2534
417 1892
417 2139
417 2045
502 2371
502 2597
502 2319
322 1592
322 1709
322 1396
435 2058
435 2029
435 1983
530 2470
530 2609
530 2662
450 2177
450 2132
450 2309
481 2269
481 2280
481 2420
335 1643
335 1609
335 1567
447 2247
447 2174
447 2092
493 2245
493 2441
493 2342
473 2174
473 2340
473 2131
475 2392
475 2356
475 2281
311 1601
311 1603
311 1599
487 2415
487 2266
487 2232
472 2333
472 2335
472 2244
409 1881
409 1815
409 1831
422 2229
422 2102
422 1942
232 1177
232 1120
232 1091
363 1749
363 1907
363 1844
464 2303
464 2057
464 2030
352 1672
352 1784
352 1783
363 1693
363 1641
363 1751
379 1793
379 1746
379 1732
269 1347
269 1185
269 1318
514 2438
514 2465
514 2401
449 2094
449 2164
449 2169
502 2241
502 2425
502 2478
415 2070
415 2020
415 2009
529 2650
529 2477
529 2652
455 2260
455 2201
455 2050
501 2451
501 2392
501 2490
446 2082
446 2018
446 2116
525 2518
525 2646
525 2428
411 1788
411 2040
411 2067
518 2461
518 2635
518 2604
355 1679
355 1642
355 1667
428 2172
428 2080
428 2095
493 2405
493 2470
493 2285
434 2179
434 1981
434 2045
524 2586
524 2440
524 2613
317 1506
317 1615
317 1630
463 2158
463 2267
463 2171
579 2813
579 2786
579 2898
480 2219
480 2153
480 2259
564 2848
564 2621
564 2583
523 2482
523 2509
523 2555
418 1936
418 2079
418 1969
437 2069
437 2108
437 2216
396 1884
396 1919
396 1953
514 2298
514 2389
514 2420
460 2219
460 2206
460 2344
497 2453
497 2306
497 2348
436 2233
436 2045
436 2230
480 2435
480 2251
480 2405
257 1244
257 1348
257 1241
438 2131
438 1890
438 2120
532 2429
532 2412
532 2459
360 1750
360 1687
360 1774
548 2699
548 2595
548 2610
251 1200
251 1245
251 1206
389 1955
389 1844
389 1921
68 291
68 292
68 324
553 2645
553 2421
553 2521
421 1962
421 2039
421 2015
535 2537
535 2789
535 2733
292 1494
292 1448
292 1428
412 1894
412 1887
412 1958
532 2477
532 2570
532 2514
427 2014
427 1998
427 2037
507 2446
507 2343
507 2356
293 1393
293 1392
293 1286
463 2055
463 2270
463 2235
175 745
175 903
175 877
168 753
168 809
168 787
196 895
196 941
196 897
178 997
178 820
178 882
162 773
162 813
162 838
520 2520
520 2588
520 2489
462 2272
462 2213
462 2229
521 2380
521 2403
521 2578
286 1327
286 1360
286 1307
444 2139
444 2047
444 2115
434 2189
434 2060
434 1889
400 1931
400 1911
400 1850
470 2263
470 2298
470 2262
462 2127
462 2339
462 2252
412 2030
412 2033
412 1858
485 2297
485 2289
485 2384
438 2213
438 2171
438 2080
487 2225
487 2318
487 2416
424 2012
424 1955
424 1955
420 2143
420 1982
420 2111
368 1678
368 1793
368 1670
415 2077
415 1917
415 1953
203 945
203 968
203 997
344 1685
344 1671
344 1778
663 3173
663 3270
663 3045
536 2489
536 2620
536 2648
610 2971
610 2968
610 3073
450 2035
450 2142
450 2266
558 2695
558 2696
558 2614
82 379
82 377
82 396
149 731
149 648
149 722
104 583
104 407
104 475
115 597
115 575
115 504
106 503
106 568
106 506
438 2128
438 2070
438 2103
308 1497
308 1372
308 1437
381 1834
381 1851
381 1979
264 1245
264 1269
264 1289
367 1726
367 1688
367 1736
510 2436
510 2504
510 2395
460 2167
460 2209
460 2254
534 2633
534 2540
534 2688
308 1505
308 1633
308 1422
437 2125
437 2079
437 2058
542 2482
542 2673
542 2476
449 2196
449 2330
449 2029
493 2240
493 2465
493 2315
345 1568
345 1652
345 1699
438 2183
438 2256
438 2152
226 988
226 1190
226 1174
355 1897
355 1647
355 1763
542 2517
542 2657
542 2646
492 2477
492 2373
492 2349
538 2565
538 2639
538 2573
492 2263
492 2375
492 2443
599 2689
599 2922
599 3046
478 2403
478 2353
478 2145
540 2653
540 2737
540 2536
182 897
182 857
182 786
466 2200
466 2216
466 2275
576 2838
576 2667
576 2826
459 2234
459 2294
459 2227
570 2640
570 2714
570 2780
194 972
194 917
194 954
473 2178
473 2410
473 2227
192 900
192 909
192 901
181 902
181 968
181 949
162 804
162 694
162 729
154 727
154 622
154 799
294 1510
294 1320
294 1374
232 1085
232 1192
232 1020
274 1434
274 1389
274 1352
233 1033
233 1103
233 1149
58 258
58 308
58 240
166 859
166 702
166 822
158 764
158 777
158 748
170 873
170 805
170 867
152 706
152 765
152 720
103 466
103 518
103 506
391 1839
391 1852
391 1652
299 1462
299 1472
299 1409
329 1446
329 1732
329 1611
302 1497
302 1415
302 1374
547 2613
547 2696
547 2674
473 2343
473 2319
473 2159
560 2563
560 2720
560 2548
483 2292
483 2266
483 2308
159 865
159 845
159 738
145 648
145 756
145 699
174 694
174 836
174 825
152 635
152 769
152 645
606 2668
606 2911
606 2744
558 2722
558 2793
558 2750
577 2740
577 2950
577 2693
540 2520
540 2560
540 2563
233 1196
233 1069
233 1031
222 1067
222 1077
222 986
265 1231
265 1362
265 1344
211 1100
211 945
211 923
626 3057
626 2838
626 2983
520 2623
520 2616
520 2551
596 2866
596 2945
596 2759
539 2451
539 2673
539 2539
250 1134
250 1193
250 1326
206 995
206 959
206 1016
235 1101
235 1087
235 1008
204 983
204 889
204 1000
615 3074
615 3042
615 3064
578 2819
578 2696
578 2736
619 2809
619 3033
619 2999
576 2926
576 2522
576 2739
425 1925
425 2053
425 1831
361 1721
361 1761
361 1674
389 1797
389 1693
389 1934
341 1577
341 1594
341 1589
496 2270
496 2353
496 2438
457 2047
457 2258
457 2176
504 2377
504 2501
504 2423
426 2022
426 2216
426 2100
606 2925
606 2855
606 3046
556 2532
556 2570
556 2840
623 3033
623 2857
623 2776
565 2653
565 2728
565 2766
536 2597
536 2418
536 2559
494 2198
494 2345
494 2479
551 2697
551 2604
551 2667
434 2095
434 2130
434 2074
390 1822
390 1811
390 1870
351 1654
351 1663
351 1653
423 1971
423 1865
423 2119
345 1652
345 1574
345 1613
647 3126
647 2995
647 2882
567 2631
567 2687
567 2729
625 3207
625 3189
625 2929
565 2786
565 2856
565 2702
653 3178
653 3101
653 3141
573 2521
573 2628
573 2687
607 2787
607 3079
607 2948
591 2895
591 2799
591 2961
750 3598
750 3650
750 3727
677 3331
677 3463
677 3494
731 3632
731 3607
731 3596
615 2954
615 2837
615 2888
375 1719
375 1874
375 2022
707 3283
707 3226
707 3359
569 2700
569 2569
569 2655
739 3679
739 3536
739 3497
564 2520
564 2864
564 3004
734 3725
734 3517
734 3615
612 3022
612 2822
612 2863
750 3536
750 3622
750 3607
603 2803
603 2891
603 2958
607 3025
607 2896
607 2908
503 2299
503 2508
503 2339
624 3062
624 3065
624 3178
494 2232
494 2446
494 2479
657 2997
657 3057
657 3074
501 2419
501 2441
501 2418
605 2922
605 3013
605 3063
479 2289
479 2221
479 2402
638 3182
638 2999
638 2988
536 2550
536 2569
536 2748
611 2919
611 2939
611 3104
492 2431
492 2556
492 2292
613 2815
613 2804
613 3215
552 2673
552 2570
552 2638
579 2855
579 2605
579 2760
532 2648
532 2626
532 2544
177 689
177 969
177 855
158 739
158 789
158 641
142 638
142 659
142 737
133 632
133 629
133 660
594 3101
594 2929
594 2817
541 2587
541 2589
541 2676
582 2657
582 2937
582 2917
500 2239
500 2354
500 2249
624 3111
624 2823
624 2915
502 2483
502 2243
502 2423
611 3030
611 2898
611 3034
521 2412
521 2696
521 2382
631 2893
631 2992
631 2865
517 2438
517 2455
517 2491
569 2615
569 2689
569 2840
531 2394
531 2716
531 2558
558 2710
558 2857
558 2520
453 2078
453 2119
453 2146
535 2734
535 2527
535 2546
459 2165
459 2256
459 2221
623 2927
623 2944
623 2994
545 2716
545 2614
545 2573
597 2900
597 3017
597 2955
518 2503
518 2592
518 2485
521 2471
521 2508
521 2481
484 2328
484 2280
484 2417
537 2571
537 2433
537 2577
466 2105
466 2191
466 2183
618 2943
618 2869
618 2857
513 2479
513 2459
513 2483
563 2702
563 2630
563 2700
524 2519
524 2273
524 2645
607 3134
607 2932
607 2913
543 2585
543 2511
543 2581
604 2975
604 2781
604 2804
541 2668
541 2677
541 2492
364 1617
364 1749
364 1765
283 1368
283 1370
283 1237
333 1486
333 1601
333 1506
279 1348
279 1305
279 1584
590 2798
590 2801
590 2858
545 2649
545 2642
545 2516
602 2708
602 2900
602 2991
533 2615
533 2419
533 2368
367 1824
367 1927
367 1866
306 1465
306 1414
306 1522
352 1597
352 1876
352 1586
290 1430
290 1408
290 1397
541 2633
541 2615
541 2649
421 1862
421 1981
421 1984
577 2756
577 2852
577 2703
421 1962
421 1990
421 2053
606 2929
606 2999
606 2916
452 2109
452 2280
452 2164
567 2723
567 2822
567 2830
484 2315
484 2208
484 2459
423 2028
423 2013
423 1950
344 1673
344 1640
344 1667
467 2121
467 2115
467 2433
349 1738
349 1753
349 1578
552 2565
552 2680
552 2744
497 2533
497 2247
497 2348
585 2656
585 2545
585 2886
515 2219
515 2293
515 2530
586 2805
586 2796
586 2772
505 2472
505 2482
505 2341
542 2712
542 2597
542 2617
509 2484
509 2374
509 2341
517 2440
517 2536
517 2516
528 2756
528 2509
528 2592
595 2789
595 2846
595 2767
519 2426
519 2418
519 2412
652 3199
652 3153
652 3117
567 2770
567 2938
567 2778
657 3465
657 3221
657 3127
613 2801
613 2764
613 2915
40 239
40 163
40 179
187 961
187 795
187 843
162 878
162 779
162 781
199 936
199 891
199 934
181 947
181 817
181 815
565 2522
565 2710
565 2583
515 2634
515 2327
515 2558
547 2626
547 2436
547 2671
513 2443
513 2685
513 2431
630 2952
630 3222
630 3136
493 2360
493 2481
493 2447
552 2607
552 2698
552 2750
546 2671
546 2491
546 2792
626 3212
626 2916
626 2975
511 2420
511 2485
511 2378
578 2668
578 2506
578 2754
527 2667
527 2590
527 2323
537 2542
537 2518
537 2670
451 2110
451 2242
451 2126
453 2332
453 2125
453 2091
423 1857
423 2017
423 2182
401 1885
401 1893
401 1810
329 1503
329 1512
329 1700
394 1947
394 1807
394 1849
349 1747
349 1655
349 1704
592 2700
592 2692
592 2850
551 2631
551 2574
551 2565
632 2805
632 3135
632 2981
494 2224
494 2455
494 2401
628 2976
628 3174
628 2964
509 2515
509 2389
509 2472
634 3135
634 2987
634 3200
554 2641
554 2713
554 2930
271 1328
271 1109
271 1331
578 2873
578 2740
578 2537
493 2544
493 2447
493 2316
604 3097
604 3038
604 2880
518 2581
518 2446
518 2544
603 3021
603 2756
603 2957
462 2217
462 2289
462 2197
606 2697
606 2882
606 2927
520 2499
520 2471
520 2537
553 2646
553 2651
553 2590
493 2304
493 2349
493 2405
623 2980
623 2956
623 2896
523 2427
523 2535
523 2607
600 2918
600 2996
600 3049
503 2336
503 2447
503 2338
577 2551
577 2836
577 2701
494 2379
494 2303
494 2274
454 2184
454 2058
454 2307
425 2075
425 2068
425 2076
456 2298
456 2210
456 2128
386 1907
386 1938
386 1803
454 2192
454 2168
454 2145
638 3082
638 3105
638 3150
527 2665
527 2566
527 2671
531 2470
531 2441
531 2354
487 2436
487 2340
487 2316
533 2598
533 2436
533 2755
539 2592
539 2642
539 2518
579 2674
579 2953
579 2768
510 2435
510 2423
510 2675
591 3058
591 2616
591 2806
505 2481
505 2205
505 2319
533 2699
533 2678
533 2506
534 2560
534 2578
534 2535
605 3141
605 3118
605 2895
487 2451
487 2347
487 2172
611 2888
611 2823
611 2917
464 2196
464 2220
464 2105
595 2820
595 2768
595 2739
482 2355
482 2316
482 2396
573 2878
573 2526
573 2814
482 2336
482 2225
482 2223
440 2059
440 2153
440 2090
484 2110
484 2319
484 2455
413 1857
413 1854
413 1930
488 2444
488 2364
488 2261
360 1642
360 1717
360 1777
622 2999
622 3065
622 2888
521 2378
521 2342
521 2429
554 2629
554 2705
554 2710
497 2264
497 2417
497 2503
609 3070
609 3031
609 2943
507 2667
507 2461
507 2351
609 2937
609 2987
609 2830
509 2316
509 2510
509 2304
528 2307
528 2531
528 2705
431 2140
431 2050
431 1944
518 2401
518 2664
518 2377
450 2285
450 2129
450 2298
705 3319
705 3486
705 3340
546 2582
546 2501
546 2635
667 2981
667 3221
667 3296
589 2769
589 3027
589 2748
855 4118
855 4099
855 3966
755 3811
755 3432
755 3555
800 3981
800 3902
800 3780
694 3566
694 3475
694 3277
258 1325
258 1432
258 1195
235 1142
235 1256
235 1134
198 868
198 1020
198 935
241 1119
241 1258
241 1122
182 892
182 854
182 813
611 2871
611 2810
611 2803
480 2245
480 2257
480 2306
615 3021
615 2947
615 2862
508 2339
508 2385
508 2373
615 2933
615 2798
615 2856
499 2353
499 2583
499 2372
614 3026
614 2940
614 2917
520 2493
520 2394
520 2507
628 2996
628 2973
628 2917
486 2229
486 2390
486 2351
535 2406
535 2522
535 2494
482 2205
482 2341
482 2449
478 2352
478 2342
478 2148
354 1674
354 1681
354 1643
459 2306
459 2213
459 2061
471 2080
471 2300
471 2321
398 1745
398 1967
398 1959
406 2123
406 1994
406 2068
419 2152
419 2009
419 1925
426 1851
426 1869
426 2007
479 2268
479 2215
479 2188
410 2097
410 2140
410 2070
451 2137
451 2092
451 1988
409 1983
409 1873
409 1863
476 2240
476 2301
476 2218
422 1981
422 2034
422 1842
365 1713
365 1783
365 1875
470 2234
470 2124
470 2301
391 1858
391 1893
391 1864
442 2225
442 2202
442 2170
444 2139
444 2111
444 2085
365 1906
365 1755
365 1746
448 2169
448 2201
448 2139
414 1998
414 2022
414 1991
373 1787
373 1838
373 1800
479 2412
479 2425
479 2263
441 2014
441 2144
441 1941
459 2171
459 2221
459 2316
415 1934
415 1989
415 2228
472 2392
472 2177
472 2363
428 1909
428 1869
428 2076
379 1887
379 1761
379 1808
376 1788
376 1830
376 1804
368 1775
368 1785
368 1742
387 2035
387 1797
387 1908
398 1736
398 2072
398 1839
402 1860
402 2015
402 2169
164 835
164 820
164 791
236 1224
236 1139
236 1049
134 653
134 641
134 628
145 732
145 681
145 656
143 719
143 749
143 572
205 914
205 1037
205 904
198 972
198 880
198 950
205 909
205 980
205 1037
190 933
190 848
190 833
170 731
170 793
170 811
496 2374
496 2420
496 2359
423 2131
423 1978
423 2021
430 2107
430 2103
430 2132
439 2101
439 2056
439 2202
380 1709
380 1699
380 1704
417 2034
417 2085
417 1957
398 1998
398 1889
398 1832
464 2171
464 2246
464 2242
483 2301
483 2027
483 2306
407 1899
407 1990
407 1944
445 2043
445 2210
445 1971
385 1909
385 1922
385 2022
462 2166
462 2106
462 2330
446 1936
446 2226
446 2156
376 1780
376 1771
376 1879
447 2129
447 2083
447 2109
382 1715
382 1912
382 1909
449 2253
449 2225
449 2367
440 2055
440 2160
440 2149
424 2009
424 2066
424 1953
497 2300
497 2529
497 2382
376 1844
376 1917
376 1908
445 2099
445 2087
445 2127
469 2207
469 2249
469 2172
354 1646
354 1609
354 1644
460 2107
460 2186
460 2271
430 2046
430 2023
430 2013
442 2163
442 2120
442 2203
506 2341
506 2255
506 2445
337 1496
337 1658
337 1603
354 1754
354 1793
354 1599
284 1324
284 1368
284 1381
332 1740
332 1767
332 1688
339 1716
339 1533
339 1742
283 1187
283 1431
283 1406
451 2131
451 2134
451 2211
399 1949
399 1775
399 1795
445 2312
445 2077
445 2272
454 2295
454 2012
454 2117
391 1856
391 1787
391 1897
451 2139
451 2229
451 2067
425 2087
425 2069
425 2023
473 2236
473 2160
473 2412
408 2079
408 2064
408 1811
372 1856
372 1735
372 1732
424 1923
424 2026
424 1988
399 1841
399 1774
399 1942
475 2358
475 2163
475 2348
469 2225
469 2298
469 2268
385 1806
385 1792
385 1811
128 632
128 667
128 569
520 2509
520 2397
520 2439
457 2117
457 2173
457 2159
361 1542
361 1597
361 1773
458 2023
458 2197
458 2216
466 2113
466 2196
466 2176
412 1894
412 1977
412 1966
171 705
171 796
171 830
427 2177
427 2048
427 2035
361 1798
361 1814
361 1739
394 1965
394 1813
394 2002
423 1943
423 1879
423 1997
362 1903
362 1731
362 1766
426 2114
426 2137
426 1945
376 1846
376 1785
376 1727
407 1793
407 1905
407 1981
409 1921
409 2027
409 1814
345 1670
345 1580
345 1644
420 2044
420 2113
420 1960
376 1830
376 1827
376 1769
428 2107
428 1976
428 2159
410 1984
410 1944
410 1917
371 1864
371 1726
371 1721
474 2318
474 2466
474 2243
430 2069
430 2255
430 2115
497 2311
497 2306
497 2467
511 2322
511 2641
511 2376
435 1983
435 1993
435 1971
497 2514
497 2532
497 2373
447 2265
447 2146
447 2089
463 2200
463 2239
463 2359
513 2196
513 2420
513 2489
412 1842
412 1900
412 1832
506 2675
506 2396
506 2467
430 2055
430 1990
430 1945
502 2359
502 2432
502 2154
439 2027
439 2078
439 2132
438 2060
438 2284
438 2126
240 1102
240 1195
240 1179
189 923
189 823
189 881
231 1093
231 1119
231 1161
210 1001
210 994
210 927
175 854
175 883
175 864
512 2405
512 2586
512 2503
436 2025
436 2033
436 2067
483 2285
483 2535
483 2187
498 2340
498 2419
498 2341
447 2161
447 2240
447 2059
516 2547
516 2480
516 2163
428 2061
428 1945
428 1988
486 2365
486 2313
486 2278
484 2345
484 2375
484 2379
476 2188
476 2186
476 2251
472 2306
472 2434
472 2255
438 2089
438 1980
438 2116
461 2316
461 2414
461 2300
522 2437
522 2518
522 2408
466 2342
466 2152
466 2418
457 2064
457 2117
457 2113
377 1683
377 1664
377 1778
488 2370
488 2313
488 2443
485 2367
485 2184
485 2308
381 1732
381 1783
381 1983
481 2269
481 2308
481 2410
408 1944
408 1825
408 2076
470 2184
470 2321
470 2277
459 2245
459 2377
459 2176
408 2033
408 1893
408 1886
523 2463
523 2341
523 2621
408 2001
408 1864
408 2008
545 2763
545 2597
545 2594
499 2642
499 2381
499 2384
437 2239
437 2165
437 1956
251 1117
251 1162
251 1100
215 985
215 1169
215 1022
253 1152
253 1287
253 1229
260 1211
260 1282
260 1168
208 1058
208 960
208 893
410 1882
410 2034
410 2002
330 1564
330 1678
330 1576
364 1743
364 1773
364 1697
398 1782
398 1930
398 1781
345 1793
345 1698
345 1604
380 1802
380 1772
380 1798
364 1649
364 1752
364 1647
406 1849
406 2014
406 1909
379 1782
379 1863
379 1874
316 1442
316 1523
316 1407
384 1962
384 1812
384 1774
334 1675
334 1551
334 1590
395 2021
395 1891
395 1846
405 2075
405 1915
405 1985
351 1709
351 1482
351 1669
405 2026
405 1958
405 1919
338 1565
338 1569
338 1620
387 1961
387 1823
387 1831
419 1962
419 2052
419 2075
365 1821
365 1827
365 1868
398 1883
398 1771
398 1939
341 1565
341 1580
341 1673
436 2043
436 2081
436 1819
383 1822
383 1972
383 1726
369 1697
369 1821
369 1805
424 1923
424 2116
424 2179
349 1624
349 1583
349 1659
420 1909
420 1932
420 1931
399 1888
399 1812
399 1817
333 1555
333 1570
333 1683
290 1302
290 1260
290 1346
329 1702
329 1658
329 1559
265 1297
265 1256
265 1175
360 1677
360 1639
360 1959
354 1698
354 1608
354 1721
287 1448
287 1369
287 1308
383 1910
383 1744
383 1885
336 1699
336 1725
336 1574
382 1773
382 1906
382 2194
441 2073
441 2104
441 2086
370 1652
370 1750
370 1744
427 2054
427 2098
427 2020
334 1537
334 1735
334 1522
414 2067
414 2031
414 2145
398 1759
398 2017
398 2001
349 1779
349 1772
349 1772
395 1969
395 1945
395 1998
338 1474
338 1801
338 1668
419 1929
419 1927
419 1999
423 1940
423 2000
423 1933
335 1513
335 1591
335 1731
433 1922
433 2248
433 2039
338 1602
338 1637
338 1512
428 2003
428 1982
428 2017
372 1566
372 1886
372 1854
355 1725
355 1860
355 1649
400 1927
400 1952
400 1924
337 1596
337 1580
337 1568
400 1827
400 1838
400 1933
413 1899
413 1981
413 1977
376 1690
376 1827
376 1802
447 2077
447 2051
447 2254
347 1834
347 1625
347 1772
414 2049
414 1894
414 1880
384 1936
384 1891
384 1689
358 1639
358 1614
358 1653
397 1826
397 1810
397 2140
374 1875
374 1878
374 1881
428 2014
428 2114
428 1905
415 1962
415 1995
415 2022
341 1622
341 1448
341 1781
343 1629
343 1741
343 1657
326 1535
326 1479
326 1658
462 2318
462 2216
462 2380
404 2058
404 1799
404 2001
475 2168
475 2400
475 2404
486 2192
486 2472
486 2288
411 1990
411 1823
411 2010
473 2083
473 2213
473 2244
348 1794
348 1653
348 1633
493 2385
493 2328
493 2476
469 2222
469 2248
469 2084
415 1899
415 2097
415 1909
464 2150
464 2156
464 2174
394 1955
394 1865
394 1928
449 2023
449 1992
449 2186
468 2260
468 2216
468 2259
424 1998
424 2097
424 1990
464 2154
464 2367
464 2268
421 1992
421 1955
421 1964
455 2306
455 2236
455 2131
488 2309
488 2223
488 2266
368 1681
368 1852
368 1680
144 694
144 696
144 764
142 667
142 662
142 647
177 789
177 900
177 793
171 788
171 912
171 866
145 683
145 766
145 733
465 2236
465 2231
465 2236
379 1596
379 1801
379 1680
459 2200
459 2301
459 2191
458 2164
458 2149
458 2264
388 1753
388 1813
388 1826
421 2073
421 1976
421 2104
129 537
129 558
129 600
455 2162
455 2299
455 2283
422 2017
422 1967
422 2011
480 2334
480 2085
480 2515
467 2326
467 2356
467 2155
389 1842
389 1866
389 1850
430 2125
430 2152
430 1948
388 1796
388 1741
388 1933
497 2481
497 2248
497 2456
457 2069
457 2254
457 2135
420 2086
420 2156
420 1996
327 1590
327 1446
327 1564
269 1263
269 1324
269 1315
337 1603
337 1719
337 1523
330 1683
330 1576
330 1704
275 1235
275 1375
275 1381
483 2106
483 2294
483 2368
378 1842
378 1868
378 1772
471 2233
471 2391
471 2067
498 2441
498 2348
498 2479
396 1845
396 1989
396 2064
455 2135
455 2228
455 2101
408 1935
408 1950
408 1870
465 2449
465 2270
465 2360
475 2396
475 2319
475 2308
394 1895
394 1897
394 1814
215 973
215 994
215 1119
174 818
174 652
174 820
197 1024
197 998
197 964
203 969
203 1014
203 922
163 800
163 753
163 728
301 1470
301 1385
301 1432
500 2407
500 2457
500 2164
387 1828
387 1833
387 1810
521 2394
521 2485
521 2553
462 2142
462 2453
462 2066
426 1961
426 2007
426 1971
376 1812
376 1923
376 2008
355 1779
355 1652
355 1569
355 1637
355 1644
355 1646
381 1867
381 1693
381 1907
303 1433
303 1468
303 1402
215 1095
215 1078
215 921
163 722
163 783
163 746
225 1064
225 966
225 1071
225 1203
225 1131
225 1168
191 811
191 972
191 832
321 1542
321 1463
321 1634
277 1344
277 1438
277 1343
291 1351
291 1454
291 1385
311 1498
311 1578
311 1560
267 1307
267 1301
267 1319
470 2186
470 2196
470 2162
394 1872
394 1691
394 1864
456 2300
456 2146
456 2169
470 2422
470 2242
470 2131
394 1974
394 1810
394 1777
464 2194
464 2251
464 2249
353 1712
353 1799
353 1702
450 2055
450 2171
450 2103
445 2224
445 2147
445 2185
408 1933
408 1976
408 2022
467 2169
467 2168
467 2189
379 1699
379 1776
379 1894
443 1932
443 2149
443 2278
452 2286
452 2277
452 1991
382 1758
382 1858
382 1950
441 2100
441 2133
441 2185
383 1920
383 2059
383 1816
455 2247
455 1960
455 2302
473 2385
473 2317
473 2259
378 1730
378 1756
378 1857
415 2033
415 1960
415 1920
365 1713
365 1769
365 1653
471 2333
471 2251
471 2301
443 2161
443 2046
443 2016
447 2099
447 2177
447 2118
421 1965
421 1902
421 1905
595 2724
595 2898
595 2758
508 2461
508 2486
508 2529
412 1932
412 2076
412 1831
462 2426
462 2149
462 2188
467 2320
467 2097
467 2236
366 1693
366 1813
366 1747
434 2143
434 2196
434 2087
359 1851
359 1710
359 1702
482 2299
482 2306
482 2291
483 2215
483 2427
483 2302
388 1887
388 1774
388 1804
462 2236
462 2424
462 2199
406 1883
406 1983
406 1958
480 2167
480 2294
480 2341
475 2243
475 2358
475 2236
377 1833
377 1806
377 1732
469 2185
469 2202
469 2133
428 1915
428 2034
428 2164
471 2214
471 2245
471 2196
450 2178
450 2054
450 2198
405 1736
405 1910
405 2032
463 2225
463 2107
463 2253
396 1828
396 1918
396 1773
510 2433
510 2477
510 2391
484 2428
484 2460
484 2424
409 1990
409 2061
409 1944
493 2411
493 2387
493 2404
404 2017
404 1983
404 1942
482 2276
482 2443
482 2355
478 2262
478 2221
478 2358
459 2431
459 2214
459 1978
166 807
166 799
166 852
501 2390
501 2395
501 2399
432 2099
432 2132
432 2094
497 2406
497 2435
497 2344
490 2191
490 2430
490 2431
445 2321
445 2415
445 2036
500 2562
500 2285
500 2318
415 2026
415 1873
415 1899
522 2678
522 2625
522 2472
494 2266
494 2401
494 2171
449 2252
449 2251
449 2284
572 2832
572 2563
572 2764
452 2084
452 2273
452 2170
487 2376
487 2408
487 2306
495 2361
495 2305
495 2303
448 2224
448 2038
448 2126
448 2219
448 2286
448 2145
345 1681
345 1670
345 1657
440 2101
440 2162
440 1929
403 1913
403 2023
403 2067
375 1943
375 1639
375 1642
476 2407
476 2281
476 2218
354 1539
354 1686
354 1805
475 2295
475 2177
475 2198
422 2115
422 2092
422 2107
382 1766
382 1804
382 1750
336 1759
336 1515
336 1614
295 1477
295 1393
295 1540
366 1773
366 1886
366 1690
369 1739
369 1769
369 1779
282 1397
282 1390
282 1375
479 2249
479 2304
479 2057
428 1990
428 2048
428 2071
474 2438
474 2334
474 2242
513 2386
513 2561
513 2594
385 1791
385 1782
385 2029
466 2236
466 2244
466 2318
436 2110
436 2087
436 2096
460 2241
460 2284
460 2079
526 2454
526 2567
526 2683
434 2135
434 2161
434 2010
486 2444
486 2256
486 2291
434 2027
434 2029
434 1823
486 2290
486 2336
486 2147
506 2411
506 2468
506 2326
398 1741
398 1849
398 1781
499 2538
499 2515
499 2312
429 2031
429 1996
429 2166
471 2193
471 2421
471 2158
467 2493
467 2298
467 2303
437 2113
437 2087
437 2151
473 2306
473 2205
473 2383
467 2439
467 2374
467 2288
448 2110
448 2084
448 2003
519 2579
519 2449
519 2543
504 2483
504 2521
504 2471
421 1939
421 2020
421 1966
478 2193
478 2457
478 2327
440 1928
440 2072
440 1899
524 2414
524 2407
524 2601
483 2200
483 2334
483 2321
448 1995
448 2091
448 1949
515 2404
515 2512
515 2571
469 2210
469 2165
469 2203
523 2361
523 2487
523 2350
486 2476
486 2251
486 2292
407 2093
407 1933
407 1886
522 2654
522 2368
522 2637
445 1964
445 2147
445 2082
525 2454
525 2536
525 2630
506 2484
506 2353
506 2288
451 2067
451 2176
451 2202
575 2821
575 2593
575 2770
459 2418
459 2189
459 2321
546 2515
546 2393
546 2569
505 2565
505 2291
505 2342
463 2309
463 2337
463 2178
285 1527
285 1492
285 1390
270 1317
270 1220
270 1158
277 1393
277 1271
277 1309
277 1401
277 1235
277 1397
236 1092
236 1133
236 1085
588 2960
588 2754
588 2756
529 2530
529 2486
529 2409
558 2848
558 2599
558 2761
613 2858
613 2963
613 2918
484 2129
484 2161
484 2275
618 2960
618 2991
618 3139
545 2479
545 2678
545 2478
603 2848
603 3030
603 2960
591 2766
591 2678
591 2918
499 2346
499 2308
499 2306
626 3036
626 3095
626 2999
524 2651
524 2635
524 2429
640 3047
640 3171
640 3199
604 2944
604 3008
604 2932
554 2622
554 2667
554 2592
630 3078
630 3105
630 3153
562 2591
562 2864
562 2770
651 3099
651 3301
651 3306
640 3002
640 3021
640 2843
553 2609
553 2638
553 2546
666 3180
666 3189
666 3106
616 2960
616 2953
616 2809
630 3084
630 2860
630 3004
669 3167
669 3034
669 3320
588 2712
588 2872
588 2772
685 3391
685 3182
685 3368
603 2494
603 3026
603 2784
681 3131
681 3366
681 3245
685 3324
685 3227
685 3273
650 3064
650 3083
650 3266
197 904
197 917
197 906
161 686
161 745
161 774
195 831
195 936
195 979
189 895
189 861
189 939
152 838
152 726
152 636
491 2336
491 2297
491 2348
420 2070
420 2065
420 2011
467 2360
467 2339
467 2286
482 2273
482 2300
482 2399
383 1773
383 1806
383 1792
499 2623
499 2324
499 2438
386 1826
386 1970
386 2012
517 2522
517 2645
517 2589
484 2087
484 2455
484 2343
382 1746
382 1890
382 1880
445 2146
445 2062
445 2253
424 2003
424 2147
424 2019
476 2433
476 2258
476 2281
514 2424
514 2313
514 2250
402 1882
402 1884
402 1998
369 1830
369 1822
369 1684
304 1423
304 1484
304 1473
350 1633
350 1719
350 1768
350 1683
350 1744
350 1671
311 1367
311 1434
311 1570
377 1839
377 1867
377 1940
325 1471
325 1661
325 1609
368 1841
368 1796
368 1903
375 1781
375 1870
375 2091
312 1517
312 1424
312 1491
497 2414
497 2323
497 2442
427 1948
427 1960
427 1956
479 2448
479 2353
479 2190
491 2376
491 2385
491 2253
416 2114
416 2045
416 2065
467 2361
467 2129
467 2152
389 1765
389 1984
389 1784
504 2321
504 2373
504 2309
494 2361
494 2389
494 2510
440 1994
440 2158
440 2151
492 2255
492 2368
492 2316
411 1927
411 1860
411 1926
482 2513
482 2467
482 2201
473 2210
473 2175
473 2135
455 2135
455 2160
455 2181
483 2297
483 2249
483 2283
453 2104
453 2202
453 2466
492 2450
492 2317
492 2368
503 2538
503 2457
503 2430
399 1764
399 1856
399 1907
519 2365
519 2442
519 2454
457 2194
457 2253
457 2240
603 2677
603 2970
603 2855
530 2668
530 2666
530 2594
474 2360
474 2089
474 2352
509 2438
509 2455
509 2522
412 1756
412 1883
412 1913
483 2438
483 2352
483 2318
535 2630
535 2606
535 2416
375 1770
375 1781
375 1864
498 2258
498 2378
498 2460
412 2126
412 1852
412 1938
492 2268
492 2393
492 2534
489 2384
489 2243
489 2455
417 1995
417 1962
417 2015
502 2420
502 2421
502 2508
427 1950
427 2171
427 1917
478 2281
478 2361
478 2255
494 2389
494 2361
494 2481
432 1977
432 2261
432 2060
248 1075
248 1161
248 1105
191 1090
191 865
191 814
235 1083
235 1232
235 1099
255 1213
255 1119
255 1263
217 940
217 974
217 1010
490 2257
490 2480
490 2446
429 1944
429 2034
429 2121
478 2382
478 2324
478 2136
494 2261
494 2334
494 2504
447 2262
447 2153
447 2143
548 2770
548 2682
548 2637
410 1855
410 2002
410 2024
491 2401
491 2493
491 2409
469 2152
469 2200
469 2277
393 1884
393 2029
393 1855
225 1086
225 968
225 1042
217 1151
217 1134
217 1056
221 1078
221 1037
221 1092
242 1094
242 1072
242 1155
200 949
200 972
200 961
524 2572
524 2452
524 2687
469 2486
469 2186
469 2285
540 2618
540 2539
540 2613
494 2230
494 2447
494 2357
470 2294
470 2271
470 2200
585 2927
585 3067
585 2695
448 2139
448 2174
448 2186
515 2664
515 2344
515 2595
521 2658
521 2434
521 2437
450 2083
450 2052
450 2211
528 2591
528 2490
528 2382
478 2374
478 2284
478 2351
504 2556
504 2375
504 2393
526 2368
526 2425
526 2533
492 2434
492 2367
492 2450
517 2523
517 2359
517 2563
478 2482
478 2222
478 2258
522 2423
522 2470
522 2562
541 2622
541 2513
541 2589
460 2280
460 2297
460 2214
527 2448
527 2421
527 2626
427 1966
427 1971
427 2134
499 2328
499 2456
499 2480
547 2491
547 2638
547 2566
467 2019
467 2328
467 2246
514 2513
514 2422
514 2373
481 2367
481 2280
481 2177
517 2590
517 2404
517 2333
508 2278
508 2305
508 2545
473 2230
473 2270
473 2243
578 2773
578 2871
578 2816
420 2039
420 1961
420 1959
536 2526
536 2570
536 2798
516 2408
516 2487
516 2448
455 2251
455 2241
455 2278
80 435
80 374
80 440
526 2467
526 2483
526 2609
451 2076
451 2080
451 2292
560 2790
560 2682
560 2781
535 2600
535 2557
535 2557
470 2321
470 2392
470 2255
261 1268
261 1260
261 1308
232 1136
232 1123
232 1017
247 1232
247 1240
247 1114
255 1308
255 1271
255 1219
225 1027
225 1187
225 1010
419 2036
419 1951
419 2063
333 1601
333 1612
333 1565
435 1924
435 2061
435 2087
468 2198
468 2175
468 2087
304 1498
304 1319
304 1476
455 2115
455 2183
455 2261
352 1635
352 1683
352 1546
441 2119
441 2185
441 2111
415 1925
415 2165
415 1956
367 1681
367 1823
367 1801
418 1912
418 1958
418 2020
355 1563
355 1729
355 1662
446 2224
446 2136
446 2123
471 2163
471 2164
471 2267
363 1862
363 1710
363 1783
341 1595
341 1587
341 1641
289 1349
289 1338
289 1283
375 1911
375 1849
375 1630
333 1565
333 1631
333 1593
292 1381
292 1342
292 1509
467 2296
467 2356
467 2280
355 1531
355 1759
355 1652
451 2114
451 2188
451 2303
442 2196
442 2170
442 2235
401 1845
401 1848
401 1851
477 2300
477 2315
477 2322
365 1875
365 1796
365 1767
451 2055
451 2208
451 2186
465 2125
465 2301
465 2147
412 1950
412 1924
412 2101
470 2223
470 2183
470 2257
429 2049
429 1968
429 2113
454 2073
454 2026
454 2272
466 2256
466 2384
466 1975
408 2073
408 1953
408 2096
473 2191
473 2199
473 2302
420 1921
420 2131
420 2032
476 2346
476 2425
476 2304
482 2495
482 2341
482 2250
390 1999
390 1814
390 1830
494 2279
494 2199
494 2544
422 2160
422 2090
422 2043
488 2229
488 2188
488 2393
467 2178
467 2163
467 2424
436 2028
436 2027
436 2120
485 2272
485 2099
485 2301
426 1915
426 2125
426 1990
509 2416
509 2347
509 2282
463 2417
463 2205
463 2232
411 1888
411 1761
411 2040
217 1104
217 969
217 1132
204 984
204 926
204 963
237 1003
237 1073
237 1079
281 1361
281 1349
281 1304
198 948
198 880
198 969
491 2260
491 2490
491 2355
406 1805
406 1861
406 1912
504 2366
504 2372
504 2347
490 2320
490 2367
490 2528
418 2042
418 1922
418 1915
490 2528
490 2546
490 2250
425 2004
425 2160
425 2020
519 2274
519 2489
519 2522
456 2252
456 2162
456 2113
414 1972
414 1878
414 2046
471 2167
471 2161
471 2234
388 1803
388 1848
388 1836
506 2347
506 2427
506 2590
502 2312
502 2385
502 2574
436 2007
436 2203
436 2192
142 611
142 633
142 728
503 2388
503 2407
503 2350
456 2192
456 2317
456 2195
486 2280
486 2397
486 2269
495 2498
495 2188
495 2176
407 1953
407 1874
407 1966
476 2276
476 2425
476 2431
431 1984
431 2224
431 2170
496 2405
496 2301
496 2377
504 2474
504 2455
504 2521
470 1914
470 2218
470 2217
500 2320
500 2342
500 2358
457 2263
457 2233
457 1927
490 2319
490 2211
490 2330
481 2055
481 2231
481 2458
437 2060
437 2108
437 2168
332 1689
332 1633
332 1655
509 2416
509 2225
509 2591
428 2133
428 1967
428 2162
499 2196
499 2226
499 2509
530 2556
530 2589
530 2622
404 1875
404 1911
404 1764
488 2191
488 2387
488 2403
420 1976
420 1903
420 1944
479 2368
479 2300
479 2244
532 2394
532 2551
532 2463
457 2173
457 2183
457 2033
155 726
155 783
155 727
171 793
171 865
171 876
185 1021
185 890
185 831
205 954
205 887
205 922
170 866
170 900
170 700
435 2072
435 2003
435 2046
419 1983
419 1908
419 1957
452 2178
452 2168
452 2196
490 2361
490 2364
490 2197
432 1935
432 2053
432 2115
656 3193
656 3326
656 3218
569 2796
569 2695
569 2688
613 3016
613 3086
613 3054
682 3301
682 3288
682 3326
572 2651
572 2741
572 2781
668 3342
668 3165
668 3445
576 2704
576 2785
576 2597
685 2919
685 3364
685 3248
690 3402
690 3309
690 3418
588 3006
588 2794
588 2902
507 2385
507 2598
507 2433
449 2084
449 1955
449 2037
496 2247
496 2333
496 2153
507 2377
507 2497
507 2393
444 2143
444 2125
444 2012
334 1593
334 1645
334 1717
333 1667
333 1637
333 1604
386 1870
386 1964
386 1940
368 1769
368 1712
368 1805
340 1604
340 1574
340 1786
663 3069
663 3017
663 3123
611 3062
611 2701
611 2840
644 2967
644 3175
644 3065
712 3387
712 3371
712 3151
550 2561
550 2466
550 2603
669 3238
669 3155
669 3156
583 2593
583 2787
583 2623
688 3332
688 3223
688 3318
633 3097
633 3000
633 3176
623 3198
623 2956
623 2949
358 1736
358 1548
358 1648
653 3081
653 3098
653 3206
569 2572
569 2641
569 2581
700 3565
700 3350
700 3187
686 3307
686 3468
686 3335
606 2820
606 3002
606 3016
608 2701
608 3018
608 2646
529 2595
529 2508
529 2547
630 2972
630 3094
630 2828
622 3010
622 2864
622 3172
559 2730
559 2627
559 2719
344 1689
344 1711
344 1724
291 1408
291 1432
291 1390
306 1402
306 1423
306 1547
325 1478
325 1526
325 1572
309 1499
309 1518
309 1582
668 3127
668 3170
668 3256
578 2798
578 2819
578 2666
691 3360
691 3234
691 3172
679 3120
679 3196
679 3336
585 2723
585 2761
585 2730
646 3284
646 3231
646 3121
606 2842
606 2922
606 2775
670 3052
670 2952
670 3255
683 3249
683 3332
683 3305
577 2690
577 2899
577 2716
292 1403
292 1360
292 1378
251 1253
251 1253
251 1193
308 1442
308 1435
308 1422
308 1431
308 1443
308 1440
256 1278
256 1206
256 1071
429 2109
429 2060
429 2135
412 1975
412 1920
412 2157
455 2286
455 2142
455 2375
468 2279
468 2297
468 2185
407 1869
407 2122
407 2032
464 2307
464 2133
464 2178
401 1926
401 2037
401 1903
465 2185
465 2414
465 2219
508 2290
508 2503
508 2557
413 2080
413 1995
413 1909
135 654
135 766
135 677
489 2297
489 2391
489 2310
431 2165
431 2112
431 2046
511 2461
511 2632
511 2454
540 2620
540 2774
540 2524
429 2043
429 2019
429 2080
404 1910
404 1888
404 1961
359 1659
359 1634
359 1771
406 1986
406 1986
406 1882
420 1908
420 1952
420 2091
353 1643
353 1701
353 1620
486 2305
486 2462
486 2440
465 2091
465 2331
465 2053
500 2168
500 2619
500 2372
484 2441
484 2239
484 2395
458 2177
458 2229
458 2271
414 1995
414 2056
414 2061
356 1637
356 1579
356 1820
399 2021
399 1911
399 1968
446 2076
446 2300
446 2014
319 1537
319 1649
319 1533
100 416
100 513
100 435
526 2466
526 2412
526 2445
446 2287
446 2122
446 2306
492 2242
492 2415
492 2250
509 2482
509 2348
509 2502
437 2089
437 2200
437 2113
499 2389
499 2380
499 2416
445 1943
445 2338
445 2142
489 2280
489 2396
489 2359
477 2448
477 2399
477 2320
444 2280
444 2185
444 2139
506 2301
506 2484
506 2498
426 1953
426 1929
426 2032
486 2215
486 2347
486 2328
498 2237
498 2350
498 2279
453 2177
453 1974
453 2236
283 1456
283 1256
283 1277
259 1122
259 1177
259 1139
318 1540
318 1571
318 1543
309 1441
309 1514
309 1545
288 1227
288 1366
288 1401
702 3221
702 3135
702 3570
585 2654
585 2698
585 2837
705 3441
705 3279
705 3402
686 3462
686 3118
686 3208
589 2744
589 2860
589 2930
681 3244
681 3067
681 3470
608 2946
608 3034
608 2709
705 3318
705 3434
705 3562
691 3457
691 3321
691 3362
597 2835
597 2826
597 2830
569 2871
569 2760
569 2923
510 2553
510 2506
510 2381
583 2558
583 2744
583 2783
555 2511
555 2593
555 2649
498 2333
498 2343
498 2445
701 3459
701 3405
701 3349
634 2836
634 3176
634 2976
753 3584
753 3421
753 3627
713 3393
713 3392
713 3486
699 3240
699 3401
699 3161
678 3352
678 3244
678 3327
543 2729
543 2599
543 2838
662 3309
662 3248
662 3068
696 3450
696 3368
696 3334
618 3181
618 2960
618 2945
536 2573
536 2526
536 2529
433 1989
433 2045
433 2094
491 2380
491 2386
491 2403
536 2478
536 2502
536 2373
423 2059
423 2026
423 1982
279 1380
279 1267
279 1265
193 959
193 953
193 934
247 1110
247 1172
247 1155
240 1195
240 1141
240 1082
190 895
190 868
190 908
503 2207
503 2467
503 2352
444 2099
444 2206
444 2200
532 2664
532 2581
532 2560
509 2294
509 2613
509 2368
434 2092
434 2098
434 2193
535 2428
535 2499
535 2596
444 2118
444 2028
444 2072
528 2549
528 2401
528 2535
532 2395
532 2529
532 2802
416 1963
416 2052
416 2134
509 2392
509 2375
509 2508
444 2089
444 1997
444 2145
528 2461
528 2577
528 2494
495 2339
495 2435
495 2330
452 2072
452 2121
452 2217
499 2458
499 2383
499 2313
435 2206
435 2130
435 2248
501 2495
501 2352
501 2362
550 2440
550 2918
550 2648
451 2171
451 2133
451 2261
507 2588
507 2310
507 2568
394 1821
394 1911
394 1869
520 2520
520 2439
520 2573
484 2261
484 2318
484 2230
509 2374
509 2309
509 2485
474 2249
474 2287
474 2247
538 2432
538 2759
538 2510
557 2837
557 2672
557 2666
477 2316
477 2191
477 2248
573 2734
573 2802
573 2638
528 2333
528 2518
528 2359
562 2695
562 2659
562 2708
548 2588
548 2592
548 2492
526 2409
526 2517
526 2364
441 2112
441 2054
441 2145
520 2537
520 2427
520 2252
480 2285
480 2213
480 2273
570 2923
570 2752
570 2736
462 2167
462 2149
462 2247
548 2585
548 2508
548 2760
522 2628
522 2461
522 2650
493 2307
493 2359
493 2388
612 2818
612 2993
612 2951
528 2550
528 2296
528 2609
631 3084
631 3031
631 2879
563 2754
563 2681
563 2631
631 3176
631 2959
631 2967
544 2390
544 2484
544 2770
634 3012
634 3122
634 2959
538 2728
538 2557
538 2439
233 1193
233 1036
233 1014
137 626
137 720
137 593
130 669
130 623
130 593
862 4325
862 4375
862 3888
1068 5312
1068 5032
1068 5095
924 4628
924 4507
924 4526
149 692
149 698
149 636
214 1030
214 1024
214 1108
169 755
169 834
169 786
481 2303
481 2264
481 2316
642 3180
642 3180
642 2944
518 2517
518 2550
518 2373
951 4682
951 4596
951 4518
1174 5931
1174 5589
1174 5249
949 4568
949 4748
949 4574
607 2906
607 2821
607 3096
480 2252
480 2275
480 2302
611 2962
611 3076
611 3043
597 2921
597 3024
597 2823
522 2499
522 2490
522 2503
463 2180
463 2280
463 2096
438 2097
438 2080
438 2201
458 2103
458 2393
458 2108
499 2440
499 2281
499 2480
397 1828
397 1838
397 1747
524 2313
524 2321
524 2359
392 1847
392 1949
392 1936
465 2489
465 2333
465 2155
453 1993
453 2171
453 2166
421 2099
421 2074
421 1990
505 2472
505 2541
505 2473
396 1811
396 1913
396 1891
490 2499
490 2378
490 2456
485 2368
485 2205
485 2405
411 2028
411 1998
411 1969
302 1285
302 1362
302 1381
521 2423
521 2419
521 2535
404 1758
404 1852
404 1883
469 2427
469 2241
469 2162
476 2143
476 2344
476 2325
425 2102
425 2125
425 1954
519 2407
519 2422
519 2604
407 1979
407 2075
407 1926
473 2373
473 2254
473 2326
477 2395
477 2198
477 2176
434 2007
434 1983
434 2017
456 2160
456 2172
456 2093
448 2136
448 2187
448 2048
513 2480
513 2398
513 2540
496 2343
496 2445
496 2356
425 1866
425 2057
425 2080
466 2093
466 2504
466 2337
438 2043
438 1963
438 2138
504 2349
504 2270
504 2432
490 2343
490 2363
490 2288
432 2072
432 2238
432 1966
418 2009
418 1943
418 1923
421 1995
421 2063
421 2116
493 2432
493 2385
493 2481
515 2428
515 2510
515 2504
450 2177
450 2121
450 2111
58 270
58 264
58 242
653 3146
653 3083
653 3267
574 2778
574 2637
574 2735
665 3063
665 3054
665 3042
646 3064
646 3117
646 3250
562 2798
562 2684
562 2753
640 3191
640 3056
640 3050
559 2726
559 2696
559 2722
671 3318
671 3234
671 3185
682 3436
682 3243
682 3329
525 2691
525 2523
525 2455
743 3331
743 3735
743 3642
695 3398
695 3419
695 3339
823 4212
823 3883
823 4093
789 3722
789 3728
789 3873
717 3353
717 3358
717 3384
640 3046
640 3190
640 3098
538 2529
538 2702
538 2687
687 3290
687 3297
687 3352
645 2932
645 3150
645 3164
568 2771
568 2896
568 2730
640 2889
640 3037
640 3217
545 2696
545 2611
545 2572
627 2931
627 2963
627 2890
660 3131
660 3123
660 2998
500 2356
500 2345
500 2338
726 3373
726 3545
726 3532
585 2838
585 2733
585 2742
713 3419
713 3417
713 3592
669 3471
669 3343
669 3380
618 2960
618 2902
618 3055
150 782
150 700
150 861
138 735
138 685
138 727
157 736
157 761
157 659
130 645
130 693
130 585
125 559
125 559
125 523
317 1548
317 1386
317 1435
304 1462
304 1479
304 1458
369 1657
369 1708
369 1877
378 1876
378 1808
378 1726
311 1427
311 1403
311 1614
353 1830
353 1733
353 1693
301 1541
301 1440
301 1436
330 1719
330 1613
330 1583
381 1776
381 1952
381 1646
315 1590
315 1667
315 1399
694 3179
694 3306
694 3389
565 2851
565 2859
565 2767
655 3032
655 3118
655 3194
696 3359
696 3136
696 3479
575 2783
575 2770
575 2733
202 873
202 864
202 927
155 717
155 690
155 749
194 860
194 826
194 971
212 1084
212 1033
212 964
160 792
160 768
160 828
123 608
123 642
123 484
359 1695
359 1835
359 1824
384 1884
384 1923
384 1874
421 1846
421 2029
421 2291
428 2079
428 2122
428 2162
379 1789
379 1892
379 1875
689 3127
689 3179
689 3290
621 3060
621 2879
621 2959
676 3254
676 3208
676 3324
667 3214
667 3330
667 3375
597 2710
597 3176
597 2761
565 2566
565 2729
565 2834
484 2202
484 2313
484 2381
564 2715
564 2619
564 2541
555 2660
555 2761
555 2579
468 2071
468 2096
468 2405
791 3824
791 3630
791 3897
670 3293
670 3334
670 3115
746 3648
746 3706
746 3411
757 3603
757 3552
757 3753
662 3096
662 3002
662 3096
540 2428
540 2462
540 2545
490 2298
490 2355
490 2245
554 2622
554 2832
554 2647
563 2883
563 2728
563 2764
464 2349
464 2375
464 2173
809 4109
809 3857
809 4098
767 3670
767 3791
767 3831
837 4118
837 4094
837 4296
860 4126
860 4265
860 4054
755 3645
755 3428
755 3727
513 2345
513 2428
513 2427
436 2142
436 2057
436 2113
504 2490
504 2601
504 2369
518 2416
518 2585
518 2403
428 2158
428 1993
428 2070
447 2194
447 2031
447 2266
461 2355
461 2220
461 2104
515 2374
515 2363
515 2477
517 2514
517 2514
517 2481
453 2126
453 2107
453 2331
210 1049
210 1038
210 1077
157 725
157 747
157 722
204 1023
204 935
204 1063
212 873
212 953
212 1002
164 839
164 750
164 754
366 1689
366 1743
366 1746
237 1084
237 1196
237 1088
210 892
210 1056
210 967
244 1196
244 1138
244 1193
220 997
220 1046
220 1030
217 1031
217 1133
217 1067
517 2639
517 2611
517 2413
470 2287
470 2265
470 2253
472 2289
472 2290
472 2470
523 2468
523 2443
523 2518
437 2119
437 2084
437 1993
471 2293
471 2322
471 2144
433 2209
433 2171
433 2124
510 2503
510 2388
510 2466
477 2316
477 2503
477 2176
465 2294
465 2257
465 2364
488 2466
488 2523
488 2170
418 1940
418 2053
418 1862
530 2534
530 2547
530 2465
519 2476
519 2483
519 2495
431 2200
431 2200
431 2203
465 2171
465 2437
465 2344
408 1921
408 2076
408 1999
446 2219
446 2077
446 2209
458 2157
458 2274
458 2248
407 1904
407 2030
407 1918
486 2334
486 2300
486 2377
435 2094
435 2065
435 2131
500 2517
500 2324
500 2412
524 2414
524 2392
524 2361
404 1804
404 2070
404 2036
752 3490
752 3527
752 3498
645 3038
645 3075
645 3158
819 3856
819 4075
819 3892
775 3557
775 3576
775 3884
631 2852
631 2905
631 3179
669 3179
669 3133
669 3235
635 3029
635 3218
635 2919
654 3196
654 3260
654 3105
680 3349
680 3370
680 3363
550 2589
550 2633
550 2505
420 1962
420 1912
420 1983
398 1815
398 1910
398 1966
462 2085
462 2351
462 2269
463 2301
463 2178
463 2174
372 1868
372 1865
372 1854
506 2233
506 2376
506 2268
448 1999
448 2100
448 2104
496 2493
496 2423
496 2419
511 2326
511 2371
511 2523
473 2170
473 2323
473 2379
798 3937
798 3828
798 3644
727 3542
727 3454
727 3319
802 3991
802 3838
802 3818
767 3576
767 3574
767 3554
674 3085
674 3241
674 3092
24 156
24 91
24 109
718 3331
718 3411
718 3403
635 2962
635 3086
635 3042
689 3340
689 3294
689 3496
738 3678
738 3527
738 3404
621 3122
621 2981
621 2974
461 2075
461 2146
461 2176
422 1953
422 2019
422 1987
487 2289
487 2277
487 2287
425 1888
425 2113
425 2004
410 1853
410 2118
410 1955
271 1446
271 1407
271 1254
804 3831
804 3740
804 4060
705 3472
705 3482
705 3180
861 4220
861 4182
861 4133
809 4070
809 3923
809 3962
757 3661
757 3549
757 3707
579 2840
579 2753
579 2746
512 2477
512 2417
512 2488
606 2784
606 3122
606 2847
601 2911
601 2916
601 3109
550 2685
550 2694
550 2822
610 3062
610 2941
610 2936
550 2688
550 2485
550 2769
599 3030
599 2743
599 2668
563 2805
563 2670
563 2836
480 2345
480 2186
480 2317
464 2222
464 2282
464 2265
130 727
130 545
130 680
303 1568
303 1453
303 1547
290 1367
290 1457
290 1404
331 1490
331 1466
331 1640
358 1688
358 1587
358 1859
269 1411
269 1358
269 1336
701 3209
701 3223
701 3400
699 3340
699 3373
699 3566
829 4070
829 3642
829 4131
821 3965
821 3927
821 4154
654 3012
654 3504
654 3073
936 4428
936 4496
936 4397
796 3943
796 3672
796 3804
928 4136
928 4371
928 4487
904 4362
904 4133
904 4279
775 3836
775 3636
775 3576
570 2767
570 2507
570 2855
526 2656
526 2610
526 2504
583 2764
583 2818
583 2817
603 3153
603 3100
603 2840
534 2515
534 2624
534 2610
441 2083
441 2140
441 2198
400 2074
400 1939
400 1814
409 1946
409 2025
409 2026
461 2201
461 2213
461 2180
359 1801
359 1679
359 1902
819 3859
819 4038
819 3714
665 3262
665 3098
665 3267
746 3611
746 3472
746 3605
796 3774
796 3765
796 3785
666 3276
666 3300
666 3181
752 3518
752 3577
752 3637
581 2705
581 2879
581 3033
729 3548
729 3721
729 3388
726 3465
726 3591
726 3707
620 2879
620 2965
620 2938
959 4479
959 4495
959 4515
755 3592
755 3621
755 3662
942 4664
942 4542
942 4570
890 4052
890 4199
890 4287
842 4231
842 3956
842 4106
565 2649
565 2652
565 2733
466 2187
466 2218
466 2216
567 2737
567 2646
567 2615
550 2517
550 2735
550 2538
494 2386
494 2380
494 2187
517 2470
517 2503
517 2544
452 2195
452 2110
452 2028
538 2559
538 2750
538 2600
541 2524
541 2601
541 2528
486 2301
486 2550
486 2317
533 2492
533 2577
533 2477
448 2106
448 2206
448 2001
534 2728
534 2523
534 2621
493 2370
493 2316
493 2201
459 2240
459 2139
459 2296
530 2702
530 2723
530 2513
437 2157
437 2004
437 2065
516 2428
516 2582
516 2402
518 2692
518 2534
518 2719
449 2226
449 2145
449 2064
509 2507
509 2549
509 2569
453 2088
453 2217
453 2226
530 2555
530 2556
530 2459
502 2225
502 2387
502 2484
459 2244
459 2092
459 2304
273 1248
273 1377
273 1440
514 2317
514 2443
514 2446
431 1974
431 2011
431 2005
507 2252
507 2576
507 2444
532 2567
532 2545
532 2431
441 2229
441 2027
441 2153
472 2325
472 2267
472 2237
436 2050
436 1948
436 1983
542 2571
542 2560
542 2608
511 2487
511 2442
511 2405
457 2251
457 2052
457 2178
530 2538
530 2444
530 2658
426 1876
426 1976
426 2028
508 2365
508 2379
508 2538
506 2588
506 2277
506 2581
502 2405
502 2463
502 2497
536 2722
536 2610
536 2612
477 2216
477 2332
477 2191
469 2146
469 2246
469 2153
543 2749
543 2535
543 2700
412 1892
412 2006
412 1843
473 2376
473 2372
473 2362
444 2198
444 2080
444 2323
539 2542
539 2504
539 2527
567 2604
567 2818
567 2657
415 1980
415 1907
415 2053
661 3032
661 3342
661 3231
550 2584
550 2644
550 2812
642 3152
642 3106
642 3014
616 2821
616 2728
616 2894
556 2725
556 2787
556 2633
593 2845
593 2669
593 2950
549 2856
549 2647
549 2636
614 2838
614 3117
614 2990
646 3120
646 3196
646 3183
514 2532
514 2389
514 2500
613 3029
613 2868
613 2783
533 2512
533 2414
533 2460
613 2977
613 2975
613 3028
624 2912
624 2886
624 2982
501 2315
501 2376
501 2494
334 1573
334 1683
334 1502
305 1498
305 1484
305 1470
342 1659
342 1533
342 1746
361 1631
361 1843
361 1742
331 1497
331 1579
331 1553
847 4257
847 3997
847 4169
767 3653
767 3478
767 3575
819 4037
819 4168
819 3935
830 3844
830 4206
830 3932
682 3295
682 3360
682 3292
524 2606
524 2525
524 2543
463 2056
463 2128
463 2253
574 2587
574 2625
574 2619
524 2598
524 2395
524 2290
440 1941
440 2089
440 2121
712 3639
712 3466
712 3463
608 2739
608 2779
608 2924
720 3697
720 3341
720 3391
630 2997
630 2995
630 2986
608 3000
608 2933
608 2871
732 3664
732 3414
732 3557
582 2937
582 2681
582 2868
705 3305
705 3382
705 3213
686 3225
686 3357
686 3242
603 2751
603 2843
603 2814
693 3131
693 3237
693 3487
611 2816
611 2827
611 3154
718 3633
718 3452
718 3540
754 3872
754 3706
754 3614
575 2763
575 2795
575 2892
535 2634
535 2541
535 2560
484 2383
484 2321
484 2552
512 2427
512 2621
512 2629
512 2394
512 2477
512 2316
458 2490
458 2259
458 2130
656 3115
656 2957
656 3055
571 2794
571 2697
571 2673
674 3304
674 3222
674 3279
654 3188
654 3274
654 3324
556 2633
556 2696
556 2712
562 2529
562 2843
562 2758
505 2577
505 2308
505 2488
553 2729
553 2816
553 2675
534 2490
534 2614
534 2613
490 2407
490 2384
490 2331
689 3407
689 3215
689 3327
606 2936
606 2796
606 2870
743 3506
743 3567
743 3684
688 3376
688 3183
688 3318
630 2800
630 3064
630 3048
489 2303
489 2354
489 2424
438 2185
438 2051
438 2150
523 2584
523 2396
523 2538
509 2255
509 2449
509 2395
455 2524
455 2265
455 2063
600 2865
600 2872
600 2841
461 2218
461 2187
461 2234
505 2463
505 2425
505 2497
535 2580
535 2501
535 2490
462 2309
462 2098
462 2207
816 3960
816 3955
816 3835
723 3433
723 3579
723 3390
837 3870
837 3931
837 4184
801 3978
801 3858
801 3832
752 3421
752 3515
752 3929
491 2443
491 2297
491 2341
394 1918
394 1964
394 1708
479 2413
479 2168
479 2495
498 2354
498 2494
498 2312
393 1794
393 1774
393 2053
479 2283
479 2414
479 2218
398 1802
398 1973
398 1976
496 2456
496 2487
496 2071
454 2158
454 2184
454 2339
434 2197
434 2127
434 2096
461 2096
461 2411
461 2072
386 1849
386 1799
386 1890
459 2133
459 2263
459 2097
507 2495
507 2204
507 2396
438 1883
438 2015
438 2118
431 1981
431 1983
431 2147
415 2050
415 2028
415 2037
518 2526
518 2528
518 2519
456 2073
456 2205
456 2056
400 1960
400 1825
400 2019
467 2294
467 2134
467 2103
416 2051
416 2106
416 1966
506 2367
506 2532
506 2534
469 2150
469 2310
469 2203
406 2017
406 1880
406 1906
455 2218
455 2082
455 2153
430 2100
430 1946
430 2098
469 2310
469 2210
469 2173
512 2539
512 2570
512 2490
407 1892
407 2085
407 2037
508 2517
508 2593
508 2519
407 1992
407 2094
407 1962
491 2317
491 2343
491 2314
473 2283
473 2263
473 2333
427 2055
427 2040
427 1939
503 2498
503 2257
503 2323
395 1837
395 1899
395 1964
536 2666
536 2613
536 2570
470 2268
470 2359
470 2188
413 1971
413 2011
413 1865
499 2409
499 2362
499 2470
412 1893
412 2156
412 1899
464 2337
464 2137
464 2300
539 2580
539 2450
539 2344
417 1984
417 2025
417 2053
517 2486
517 2426
517 2328
435 2121
435 2125
435 1960
518 2375
518 2555
518 2595
485 2274
485 2316
485 2438
412 2032
412 1960
412 1829
485 2205
485 2224
485 2473
426 2011
426 2091
426 1977
503 2412
503 2421
503 2335
522 2406
522 2786
522 2649
446 2136
446 2389
446 2089
563 2572
563 2711
563 2787
431 2218
431 2188
431 2298
488 2288
488 2240
488 2329
487 2424
487 2290
487 2480
486 2352
486 2261
486 2381
538 2690
538 2528
538 2504
486 2369
486 2217
486 2332
594 2864
594 2905
594 2992
552 2605
552 2591
552 2575
446 2131
446 2086
446 2112
581 2670
581 2826
581 2871
489 2574
489 2345
489 2311
558 2794
558 2548
558 2597
623 3025
623 3171
623 2916
507 2469
507 2404
507 2390
161 726
161 744
161 749
189 958
189 924
189 898
169 786
169 874
169 874
235 1144
235 1104
235 1063
193 922
193 919
193 936
266 1233
266 1305
266 1255
221 1160
221 1034
221 968
304 1497
304 1573
304 1462
266 1339
266 1262
266 1264
198 884
198 865
198 1033
306 1500
306 1529
306 1474
282 1238
282 1336
282 1311
333 1515
333 1561
333 1566
318 1513
318 1640
318 1560
250 1185
250 1278
250 1174
353 1896
353 1673
353 1684
321 1538
321 1572
321 1434
455 2137
455 2267
455 2258
378 1831
378 1896
378 1824
368 1826
368 1906
368 1639
964 4647
964 4395
964 4769
846 4148
846 4234
846 4207
1022 4848
1022 5080
1022 4865
973 4673
973 4561
973 4651
910 4561
910 4375
910 4258
1157 5540
1157 5761
1157 5545
978 4916
978 4725
978 4509
1138 5564
1138 5417
1138 5471
1183 5326
1183 5673
1183 6071
1022 4990
1022 4817
1022 5097
524 2500
524 2572
524 2543
453 2252
453 2112
453 2147
533 2480
533 2710
533 2521
541 2528
541 2665
541 2467
461 2134
461 2242
461 2291
616 3029
616 2917
616 3070
538 2581
538 2645
538 2461
661 3275
661 3002
661 3195
652 3176
652 3207
652 3112
555 2570
555 2589
555 2728
626 2859
626 3186
626 2879
530 2564
530 2511
530 2573
619 2942
619 2913
619 3234
577 2601
577 2651
577 2577
553 2649
553 2838
553 2686
573 2818
573 2767
573 2543
476 2281
476 2305
476 2314
579 2584
579 2956
579 2724
580 2735
580 2714
580 2815
497 2503
497 2421
497 2427
551 2630
551 2690
551 2476
538 2641
538 2329
538 2545
552 2412
552 2636
552 2573
567 2746
567 2906
567 2728
500 2447
500 2243
500 2460
403 1869
403 1748
403 1952
313 1539
313 1389
313 1543
433 2060
433 2140
433 2141
390 1897
390 1803
390 1882
366 1756
366 1740
366 1649
559 2636
559 2694
559 2612
476 2463
476 2286
476 2366
516 2694
516 2450
516 2430
565 2571
565 2831
565 2748
488 2344
488 2349
488 2526
536 2385
536 2551
536 2494
442 2278
442 2043
442 2146
466 2129
466 2219
466 2267
482 2277
482 2144
482 2350
446 2206
446 2045
446 2055
505 2468
505 2443
505 2433
478 2248
478 2375
478 2392
490 2368
490 2430
490 2383
454 2137
454 2116
454 2169
452 2094
452 2208
452 2116
264 1247
264 1297
264 1255
220 1066
220 968
220 1114
247 1207
247 1078
247 1246
248 1248
248 1150
248 1205
207 1063
207 1076
207 940
550 2671
550 2712
550 2631
505 2412
505 2572
505 2362
547 2559
547 2708
547 2796
557 2735
557 2629
557 2635
470 2378
470 2166
470 2179
384 1889
384 1728
384 1896
323 1522
323 1616
323 1409
399 1915
399 1831
399 1873
403 1953
403 1864
403 1908
333 1519
333 1715
333 1523
700 3472
700 3284
700 3200
597 3019
597 2916
597 2861
697 3263
697 3352
697 3393
685 3252
685 3352
685 3407
584 2746
584 2676
584 2874
551 2616
551 2610
551 2551
472 2302
472 2389
472 2290
574 2746
574 2611
574 2820
566 2851
566 2574
566 2696
478 2180
478 2445
478 2341
585 2645
585 2855
585 2747
540 2500
540 2660
540 2606
533 2489
533 2485
533 2639
541 2637
541 2382
541 2673
465 2076
465 2208
465 2249
780 3912
780 3739
780 3543
704 3344
704 3342
704 3197
777 3535
777 3784
777 3850
808 4003
808 4092
808 3941
702 3232
702 3230
702 3426
775 3600
775 3740
775 3867
655 3110
655 3241
655 3238
658 3294
658 3174
658 3037
687 3339
687 3125
687 3249
678 3263
678 3156
678 3292
318 1583
318 1538
318 1559
509 2338
509 2445
509 2472
471 2183
471 2350
471 2269
484 2303
484 2352
484 2369
502 2557
502 2304
502 2421
435 2053
435 2063
435 2136
513 2450
513 2577
513 2385
456 2025
456 2219
456 2249
521 2412
521 2567
521 2523
470 2301
470 2182
470 2175
467 2175
467 2273
467 2170
604 2877
604 2957
604 2937
573 3000
573 2831
573 2770
627 2944
627 3024
627 2975
666 3118
666 3350
666 3167
552 2600
552 2728
552 2691
682 3226
682 3210
682 3269
642 3019
642 3002
642 3122
700 3546
700 3208
700 3185
704 3268
704 3399
704 3527
630 3104
630 3113
630 2974
781 3682
781 3816
781 3667
758 3452
758 3498
758 3652
847 4204
847 4083
847 4011
867 3911
867 4052
867 4188
761 3501
761 3811
761 3427
1238 5743
1238 5792
1238 5656
1149 5347
1149 5591
1149 5300
1270 6227
1270 6225
1270 6124
1233 5782
1233 5901
1233 5832
1118 5672
1118 5174
1118 5305
594 2924
594 3024
594 3026
509 2402
509 2492
509 2416
576 2855
576 2874
576 2742
529 2559
529 2410
529 2473
463 2335
463 2232
463 2068
333 1421
333 1514
333 1556
293 1456
293 1348
293 1524
337 1618
337 1615
337 1653
330 1515
330 1668
330 1665
283 1437
283 1522
283 1317
581 2814
581 2693
581 2564
534 2641
534 2606
534 2503
612 2814
612 2966
612 3007
653 3061
653 3272
653 2986
583 2902
583 2871
583 2664
540 2528
540 2512
540 2709
453 2057
453 2319
453 2175
472 2191
472 2277
472 2224
495 2251
495 2219
495 2431
432 2069
432 2007
432 1972
523 2643
523 2396
523 2535
482 2115
482 2189
482 2428
516 2324
516 2418
516 2494
506 2294
506 2454
506 2404
466 2152
466 2468
466 2170
548 2587
548 2610
548 2767
469 2187
469 2137
469 2312
595 2829
595 2707
595 2887
547 2694
547 2557
547 2632
452 2352
452 2130
452 2267
539 2744
539 2772
539 2596
431 2211
431 2021
431 2115
496 2365
496 2455
496 2256
498 2373
498 2400
498 2228
471 2136
471 2438
471 2129
567 2678
567 2611
567 2685
488 2222
488 2277
488 2359
580 2679
580 2805
580 2888
531 2424
531 2501
531 2533
447 2096
447 2123
447 2126
641 2970
641 3167
641 3069
532 2610
532 2519
532 2530
601 3039
601 2907
601 3026
656 3121
656 3193
656 3118
546 2593
546 2626
546 2613
544 2560
544 2632
544 2458
483 2244
483 2324
483 2296
540 2560
540 2764
540 2482
571 2727
571 2722
571 2574
482 2321
482 2353
482 2385
556 2584
556 2619
556 2565
532 2428
532 2443
532 2678
568 2716
568 2783
568 2776
589 2961
589 2812
589 2941
501 2379
501 2323
501 2409
531 2616
531 2445
531 2625
473 2195
473 2300
473 2405
563 2805
563 2537
563 2488
585 2803
585 3017
585 2579
506 2349
506 2338
506 2491
291 1500
291 1432
291 1262
129 654
129 556
129 715
129 672
129 715
129 601
588 2822
588 2800
588 2803
566 2921
566 2591
566 2662
588 2685
588 2766
588 2887
660 3205
660 3013
660 3201
540 2539
540 2614
540 2525
692 3104
692 3247
692 3366
555 2888
555 2528
555 2545
619 2928
619 2915
619 2819
636 2995
636 3091
636 3081
524 2522
524 2346
524 2389
653 3169
653 3270
653 3079
563 2718
563 2681
563 2776
595 2913
595 2838
595 2903
628 2896
628 2909
628 3058
520 2506
520 2576
520 2388
235 1160
235 1059
235 1113
218 1085
218 1026
218 961
232 1082
232 1068
232 975
204 826
204 907
204 910
214 1046
214 1072
214 999
528 2530
528 2541
528 2526
470 2369
470 2246
470 2338
528 2388
528 2821
528 2712
505 2514
505 2446
505 2429
473 2185
473 2500
473 2290
360 1767
360 1803
360 1686
312 1527
312 1502
312 1448
325 1532
325 1496
325 1544
345 1657
345 1570
345 1623
311 1539
311 1274
311 1560
178 781
178 842
178 836
645 3000
645 3029
645 2957
552 2522
552 2797
552 2618
658 3087
658 3057
658 3110
613 3019
613 2918
613 2922
522 2581
522 2396
522 2447
462 2211
462 2355
462 2140
605 2896
605 3068
605 2917
487 2269
487 2426
487 2305
599 2879
599 2960
599 2765
635 2974
635 3080
635 2935
519 2330
519 2594
519 2735
330 1572
330 1449
330 1556
273 1378
273 1298
273 1321
284 1483
284 1425
284 1415
293 1266
293 1479
293 1351
296 1355
296 1319
296 1460
699 3246
699 3478
699 3398
643 3074
643 3144
643 2982
678 3178
678 3218
678 3120
673 3253
673 3365
673 3270
593 2822
593 2709
593 2581
733 3567
733 3491
733 3571
706 3319
706 3148
706 3523
769 3563
769 3596
769 3627
800 3771
800 3903
800 3882
655 3142
655 3115
655 3296
661 3322
661 3257
661 3137
569 2660
569 2789
569 2705
710 3608
710 3376
710 3314
628 3124
628 2987
628 3010
622 3004
622 3186
622 2860
217 1097
217 946
217 1094
175 735
175 900
175 770
228 1155
228 1081
228 1039
190 986
190 887
190 829
161 741
161 730
161 797
790 3630
790 3819
790 3612
654 3008
654 3163
654 3148
758 3665
758 3537
758 3770
821 3675
821 3825
821 3973
690 3344
690 3240
690 3322
225 1101
225 1185
225 1031
188 919
188 896
188 877
218 1105
218 913
218 1008
217 1036
217 997
217 980
190 791
190 887
190 951
746 3676
746 3643
746 3627
604 2833
604 2908
604 2782
729 3420
729 3398
729 3456
747 3493
747 3610
747 3613
638 2980
638 3073
638 3184
814 3805
814 3853
814 4078
700 3498
700 3151
700 3419
787 3712
787 3787
787 3547
778 3872
778 3648
778 3653
751 3931
751 3537
751 3495
474 2181
474 2326
474 2271
416 1940
416 1968
416 1955
471 2024
471 2279
471 2132
467 2229
467 2192
467 2399
407 2053
407 2090
407 1948
759 3941
759 3697
759 3668
680 3043
680 3292
680 3308
751 3860
751 3554
751 3560
778 3961
778 3628
778 3746
684 3361
684 3272
684 3354
115 558
115 545
115 512
112 565
112 489
112 495
145 661
145 697
145 815
129 603
129 582
129 639
116 608
116 610
116 527
110 502
110 468
110 560
542 2466
542 2707
542 2516
519 2580
519 2425
519 2694
587 2798
587 2755
587 2878
567 2762
567 2640
567 2960
530 2588
530 2521
530 2605
573 2740
573 2764
573 2785
519 2392
519 2474
519 2513
643 2972
643 3336
643 2971
585 2684
585 2850
585 2780
484 2402
484 2497
484 2383
180 823
180 835
180 755
137 636
137 599
137 713
145 638
145 773
145 709
168 803
168 774
168 794
165 801
165 779
165 691
116 572
116 561
116 529
580 2765
580 2850
580 2741
501 2358
501 2290
501 2573
564 2607
564 2590
564 2624
562 2524
562 2540
562 2771
481 2284
481 2296
481 2236
505 2476
505 2396
505 2624
595 2692
595 2889
595 2855
546 2656
546 2601
546 2746
581 2765
581 2656
581 2816
603 2922
603 2895
603 3261
532 2529
532 2587
532 2760
474 2401
474 2183
474 2468
554 2531
554 2610
554 2560
523 2582
523 2616
523 2481
597 3181
597 2986
597 2824
570 2690
570 2862
570 2687
481 2270
481 2321
481 2252
558 2726
558 2636
558 2951
470 2045
470 2286
470 2409
495 2385
495 2426
495 2335
550 2658
550 2696
550 2603
477 2381
477 2311
477 2452
491 2226
491 2336
491 2349
427 2092
427 2060
427 2023
462 2461
462 2125
462 2127
478 2210
478 2270
478 2195
447 2182
447 2178
447 2103
667 3207
667 3352
667 3190
589 2874
589 2769
589 2830
641 3104
641 3039
641 3011
667 3394
667 3181
667 3223
559 2676
559 2818
559 2971
615 3137
615 3000
615 2858
551 2695
551 2624
551 2645
602 2882
602 2892
602 2875
606 2886
606 2969
606 2843
541 2663
541 2494
541 2771
654 2943
654 2992
654 3491
547 2762
547 2579
547 2733
650 3148
650 3366
650 3047
671 3357
671 3211
671 3234
573 2557
573 2793
573 2546
173 770
173 832
173 873
165 796
165 725
165 784
197 1003
197 843
197 864
176 869
176 876
176 905
180 844
180 872
180 803
219 1095
219 1013
219 1060
208 973
208 868
208 1088
220 1060
220 1071
220 1006
209 1027
209 1072
209 996
172 875
172 841
172 799
265 1276
265 1265
265 1413
211 977
211 1038
211 932
256 1236
256 1396
256 1103
275 1390
275 1207
275 1315
239 1169
239 1215
239 1071
560 2818
560 2455
560 2560
505 2311
505 2311
505 2542
548 2541
548 2737
548 2601
542 2584
542 2735
542 2570
456 2241
456 1935
456 2202
499 2356
499 2404
499 2392
426 2069
426 1837
426 2113
492 2351
492 2413
492 2251
481 2184
481 2173
481 2312
448 2102
448 2181
448 2088
504 2378
504 2552
504 2381
420 2019
420 1965
420 2063
515 2369
515 2585
515 2311
490 2114
490 2370
490 2311
418 1892
418 2057
418 2079
233 1124
233 1045
233 1016
134 622
134 689
134 567
134 693
134 703
134 620
136 605
136 669
136 646
202 1054
202 1012
202 898
178 859
178 864
178 781
201 917
201 913
201 1042
196 993
196 886
196 907
190 895
190 855
190 945
187 950
187 942
187 881
156 705
156 712
156 764
186 928
186 975
186 916
187 875
187 837
187 846
146 728
146 761
146 638
547 2421
547 2703
547 2648
456 2175
456 2157
456 2068
528 2501
528 2653
528 2537
512 2401
512 2497
512 2269
483 2270
483 2468
483 2353
521 2381
521 2676
521 2560
463 2243
463 2001
463 2183
529 2621
529 2591
529 2498
543 2790
543 2435
543 2779
499 2323
499 2236
499 2485
609 2901
609 3045
609 2906
498 2435
498 2407
498 2387
606 2868
606 2806
606 2829
611 2849
611 2934
611 2959
528 2397
528 2356
528 2458
540 2620
540 2601
540 2584
485 2216
485 2302
485 2219
554 2608
554 2925
554 2566
536 2632
536 2348
536 2870
467 2308
467 2118
467 2136
528 2498
528 2790
528 2456
468 2200
468 2117
468 2125
504 2400
504 2325
504 2364
521 2476
521 2437
521 2500
447 2063
447 2005
447 2209
579 2917
579 2749
579 2598
494 2530
494 2242
494 2416
556 2698
556 2600
556 2879
530 2435
530 2646
530 2622
503 2384
503 2489
503 2429
597 2780
597 2952
597 2746
533 2592
533 2566
533 2601
586 2891
586 2670
586 2763
616 2975
616 3124
616 3130
547 2758
547 2750
547 2684
409 1925
409 1961
409 1874
335 1495
335 1628
335 1605
392 1982
392 1728
392 1949
372 1827
372 1750
372 1833
325 1639
325 1534
325 1617
573 2735
573 2906
573 2824
527 2459
527 2567
527 2445
608 2881
608 2974
608 2876
536 2415
536 2467
536 2584
527 2498
527 2373
527 2655
127 523
127 672
127 589
114 570
114 573
114 556
120 600
120 498
120 645
125 570
125 632
125 535
113 481
113 528
113 547
583 2787
583 2855
583 2966
480 2300
480 2298
480 2417
577 2950
577 2828
577 2681
542 2407
542 2698
542 2706
491 2220
491 2344
491 2299
689 3330
689 3214
689 3377
524 2566
524 2432
524 2512
673 3522
673 3181
673 3235
633 3055
633 2946
633 3242
564 2577
564 2536
564 2647
527 2603
527 2630
527 2463
465 2301
465 2125
465 2193
556 2736
556 2574
556 2741
571 2400
571 2713
571 2648
455 2074
455 2304
455 2131
478 2302
478 2393
478 2253
425 2141
425 1928
425 1996
504 2381
504 2476
504 2608
471 2269
471 2376
471 2209
464 2163
464 2260
464 1998
495 2413
495 2406
495 2332
447 2207
447 2089
447 2200
539 2414
539 2716
539 2618
551 2632
551 2594
551 2692
495 2393
495 2436
495 2304
296 1492
296 1549
296 1429
274 1301
274 1317
274 1169
297 1408
297 1493
297 1427
315 1593
315 1476
315 1475
259 1230
259 1168
259 1276
379 1771
379 1804
379 2047
314 1518
314 1432
314 1525
355 1690
355 1653
355 1617
317 1554
317 1519
317 1435
318 1420
318 1504
318 1657
791 3764
791 3781
791 3735
689 3372
689 3147
689 3205
715 3362
715 3476
715 3007
776 3797
776 3901
776 3739
666 3140
666 3209
666 3115
552 2613
552 2765
552 2727
497 2348
497 2200
497 2365
495 2323
495 2487
495 2406
568 2640
568 2754
568 2707
452 2105
452 2296
452 2304
480 2376
480 2361
480 2183
463 2327
463 2164
463 2161
568 2794
568 2681
568 2815
532 2619
532 2631
532 2402
472 2249
472 2065
472 2290
269 1383
269 1359
269 1276
240 1128
240 1068
240 1152
248 1221
248 1156
248 1167
273 1253
273 1399
273 1289
223 1114
223 1072
223 1178
333 1627
333 1646
333 1413
282 1413
282 1274
282 1341
323 1443
323 1576
323 1805
339 1730
339 1647
339 1706
293 1312
293 1452
293 1334
