123 1109
123 1418
178 1755
178 1712
129 1056
129 1261
140 1171
140 1415
154 1541
154 1415
183 1802
183 1822
155 1435
155 1507
149 1394
149 1463
160 1613
160 1519
147 1532
147 1416
231 1768
231 2276
492 4910
492 4626
374 3562
374 3725
463 4011
463 4403
457 4568
457 4768
376 3849
376 3541
92 792
92 997
129 1396
129 1208
115 1092
115 1048
132 1217
132 1250
110 949
110 1317
344 3251
344 3130
262 2581
262 2478
318 2906
318 3136
352 3271
352 3632
244 2292
244 2332
294 2895
294 3026
249 2494
249 2416
265 2560
265 2306
239 2143
239 2098
217 2203
217 2223
249 2478
249 2459
217 1996
217 1924
227 1998
227 1991
227 2108
227 2489
189 1840
189 1775
316 2976
316 3138
271 2695
271 2671
325 2862
325 2909
263 2341
263 2718
263 2320
263 2277
316 2981
316 3185
273 2564
273 2595
309 3065
309 2881
330 3587
330 3028
246 2329
246 2341
321 3014
321 3343
305 3297
305 2701
323 3206
323 3170
358 3153
358 3248
352 3154
352 3158
332 3294
332 3092
334 3322
334 3183
383 3652
383 3209
333 3468
333 3052
316 2832
316 3243
173 1796
173 1722
321 2980
321 2949
333 3218
333 3157
354 3481
354 3653
390 3727
390 3652
298 2576
298 2718
459 4697
459 4213
372 3584
372 3915
492 4840
492 4600
451 4344
451 4044
433 4130
433 4225
353 3439
353 3111
307 2721
307 2922
362 3339
362 3251
332 3208
332 3144
283 2815
283 2656
474 4383
474 4563
403 3906
403 3961
414 3710
414 3964
419 3983
419 4087
407 3887
407 3671
472 4816
472 4500
438 4291
438 4112
447 4186
447 4497
459 4088
459 4236
452 4342
452 4251
107 902
107 1092
203 1836
203 1796
116 1107
116 935
42 446
42 453
347 3223
347 3226
289 2854
289 2883
345 3472
345 3344
334 3271
334 3317
270 2441
270 2728
373 3650
373 3842
295 3060
295 2717
349 3309
349 3424
389 3355
389 3517
293 2808
293 2819
218 2072
218 2148
173 1577
173 1577
209 1938
209 2186
212 1953
212 2049
161 1449
161 1528
505 4876
505 4705
372 3389
372 3353
462 4486
462 4468
488 4554
488 4633
415 3786
415 4000
605 6059
605 5965
595 5532
595 5809
586 5604
586 5787
451 4112
451 4255
265 2540
265 2597
118 1219
118 1134
566 5599
566 5782
584 5198
584 5590
585 5415
585 5544
493 4497
493 4546
603 5774
603 5570
582 5628
582 5702
613 5453
613 5651
469 4635
469 4644
587 5604
587 5612
559 5982
559 5308
586 5334
586 5528
484 5084
484 4683
574 5553
574 5441
569 5435
569 5063
578 5602
578 5515
507 5275
507 4593
614 5976
614 5758
586 5375
586 5360
529 5178
529 4968
506 4999
506 4864
558 5003
558 5310
564 5061
564 5273
579 5198
579 5518
513 5430
513 4665
135 1332
135 1388
163 1438
163 1547
145 1449
145 1522
172 1533
172 1612
589 5751
589 5912
539 5119
539 5282
585 5556
585 5703
499 4558
499 4660
282 2753
282 2842
272 2467
272 2456
338 3306
338 3129
238 2503
238 2048
344 3346
344 3350
295 2486
295 2879
328 3508
328 3186
363 3434
363 3528
308 2806
308 3041
431 4206
431 3913
306 2939
306 2857
422 3860
422 3983
396 3729
396 4035
317 3005
317 3124
321 3088
321 3109
466 4146
466 4643
396 4175
396 3814
496 4795
496 4263
443 4202
443 4367
383 3410
383 3791
280 2666
280 2662
219 2030
219 1950
291 2856
291 3083
258 2316
258 2609
226 2102
226 2046
490 4593
490 4493
393 3823
393 3917
472 4726
472 4456
431 4458
431 4161
417 4215
417 4304
293 2826
293 2676
213 2102
213 1845
263 2605
263 2449
280 2568
280 2609
239 2170
239 2128
317 3299
317 3162
497 4758
497 4740
80 786
80 800
464 4508
464 4157
432 4473
432 4019
435 4385
435 3897
427 4126
427 4415
404 4021
404 3951
467 4190
467 4376
381 3500
381 3480
434 4182
434 3945
499 5076
499 4881
387 3533
387 3545
566 5551
566 5381
422 4263
422 4015
508 4463
508 5231
524 4891
524 4972
447 4312
447 3981
463 4332
463 4311
361 3290
361 3545
449 4034
449 4521
427 3972
427 4434
437 4293
437 4102
495 4424
495 4665
349 3403
349 3400
477 4891
477 4185
472 4581
472 4211
378 3706
378 3716
376 3381
376 3430
371 3448
371 3457
464 4586
464 4833
445 3931
445 4700
396 3632
396 3460
441 4178
441 4294
392 3770
392 3732
472 4597
472 4821
412 4128
412 4235
330 3305
330 3177
473 4559
473 4523
446 4304
446 4393
529 4805
529 5138
233 2280
233 2115
430 4029
430 4333
495 4928
495 4898
441 4541
441 4177
522 5034
522 5173
262 2753
262 2407
387 3906
387 3827
516 4791
516 4831
448 4648
448 4254
466 4262
466 4239
288 2397
288 2578
412 3975
412 4091
489 4616
489 4600
419 3889
419 4073
472 4299
472 4508
249 2416
249 2210
410 3957
410 3972
162 1576
162 1538
129 1306
129 1186
132 1471
132 1580
120 1139
120 1119
167 1325
167 1699
121 1282
121 1182
148 1492
148 1362
129 1160
129 1094
278 2832
278 2613
571 5117
571 5871
492 4449
492 4492
630 6182
630 5615
322 3321
322 3109
518 5204
518 4990
88 665
88 944
474 4469
474 4481
400 3907
400 3852
479 4458
479 4731
311 3101
311 3092
440 4163
440 4384
198 1889
198 1759
190 1847
190 1930
222 1963
222 2067
205 1914
205 1947
495 4631
495 4645
411 4046
411 3955
431 4096
431 3862
386 3562
386 3713
475 4364
475 4216
417 3973
417 4209
377 3792
377 3638
508 5034
508 4722
499 4845
499 4629
441 4233
441 3730
492 4689
492 5032
428 4302
428 4124
382 3904
382 3718
388 3693
388 3893
307 2979
307 2898
369 3389
369 3607
419 3712
419 3964
314 2776
314 2810
414 3763
414 3885
202 1864
202 1775
344 3167
344 3276
513 5155
513 4718
417 4286
417 3881
502 5311
502 4838
322 2994
322 3315
435 4163
435 4058
530 5126
530 5113
450 4016
450 4154
481 4742
481 4529
335 3336
335 2982
447 4169
447 4165
493 5001
493 4859
473 4520
473 4635
475 4297
475 4516
311 2825
311 2740
487 4688
487 4492
472 4431
472 4494
409 3551
409 4071
422 3860
422 3856
232 2287
232 2398
363 3337
363 3323
464 4266
464 4515
352 3335
352 3241
363 3440
363 3433
379 3435
379 3335
269 2486
269 2601
514 5075
514 5242
449 4367
449 4254
502 4601
502 4702
415 3821
415 3973
529 5303
529 5118
455 4096
455 4377
501 4903
501 4578
446 4199
446 4535
525 4914
525 5464
411 4251
411 3960
518 4994
518 4895
355 3447
355 3231
428 3958
428 4153
493 4753
493 4554
434 4248
434 4281
524 4835
524 5082
317 3032
317 3148
463 4980
463 4151
579 5458
579 5561
480 4675
480 4810
564 5195
564 5365
523 5065
523 5221
418 3981
418 3922
437 4156
437 4454
396 3830
396 4093
514 4613
514 4844
460 4157
460 4265
497 4617
497 4890
436 4166
436 4271
480 4539
480 4778
257 2349
257 2636
438 4122
438 4583
532 5250
532 5263
360 3330
360 3340
548 5244
548 5447
251 2257
251 2393
389 3713
389 3684
68 681
68 633
553 5242
553 5139
421 4104
421 4278
535 5213
535 5278
292 2679
292 2752
412 3701
412 4117
532 5028
532 5202
427 4004
427 4121
507 5081
507 5157
293 3018
293 2775
463 4362
463 4457
175 1995
175 1434
168 1727
168 1461
196 1741
196 1796
178 1758
178 1699
162 1435
162 1524
520 4862
520 5079
462 4490
462 4458
521 5034
521 5095
286 2810
286 2658
444 4495
444 4147
434 4183
434 4163
400 4075
400 4011
470 4465
470 4494
462 4204
462 4738
412 3769
412 3946
485 5031
485 4638
438 4438
438 4121
487 4882
487 4876
424 3835
424 4196
420 4045
420 4303
368 3605
368 3441
415 4034
415 3667
203 2085
203 1857
344 3286
344 3159
663 6367
663 5901
536 5470
536 5232
610 6379
610 5870
450 4276
450 4205
558 5254
558 5307
82 637
82 740
149 1234
149 1451
104 862
104 889
115 974
115 1188
106 904
106 1002
438 4090
438 4164
308 2870
308 2942
381 3673
381 3466
264 2637
264 2368
367 3624
367 3442
510 4867
510 4787
460 4741
460 4424
534 5210
534 4879
308 2779
308 2942
437 4502
437 4284
542 5072
542 5412
449 4479
449 4208
493 4534
493 4472
345 3274
345 3337
438 4122
438 4231
226 1879
226 2213
355 3289
355 3291
542 5366
542 5432
492 4645
492 4647
538 4861
538 5016
492 4769
492 4863
599 5600
599 6015
478 4081
478 4406
540 5234
540 4990
182 1810
182 1624
466 4272
466 4621
576 5470
576 5575
459 4354
459 4582
570 5310
570 5528
194 1807
194 1901
473 4748
473 4913
192 1793
192 1886
181 1431
181 1871
162 1572
162 1449
154 1512
154 1355
294 2836
294 2919
232 2177
232 2332
274 2681
274 2544
233 2131
233 2023
58 393
58 596
166 1655
166 1791
158 1564
158 1565
170 1756
170 1584
152 1309
152 1375
103 1092
103 1005
391 3562
391 3967
299 2838
299 2904
329 3154
329 3077
302 3008
302 2692
547 5272
547 5206
473 4421
473 4608
560 5397
560 5295
483 4291
483 4517
159 1595
159 1376
145 1341
145 1224
174 1825
174 1513
152 1412
152 1482
606 5591
606 6005
558 5451
558 5187
577 5506
577 5883
540 5283
540 5429
233 2241
233 2004
222 2115
222 2047
265 2522
265 2470
211 1772
211 2157
626 5847
626 6068
520 5344
520 5045
596 5717
596 5665
539 5059
539 5140
250 2435
250 2333
206 1938
206 1863
235 2368
235 2269
204 1909
204 1914
615 5435
615 6091
578 5343
578 5467
619 5976
619 5946
576 5255
576 5943
425 4117
425 4196
361 3622
361 3523
389 3818
389 3860
341 3279
341 3271
496 4976
496 4681
457 4310
457 4324
504 4683
504 5065
426 4102
426 3925
606 5707
606 5514
556 5056
556 5274
623 6059
623 5552
565 5321
565 5415
536 4878
536 4969
494 4812
494 4593
551 5413
551 5335
434 4504
434 3983
390 3999
390 3650
351 3531
351 3284
423 4221
423 4446
345 3290
345 3295
647 6391
647 6263
567 5487
567 5165
625 5926
625 5838
565 5740
565 4972
653 5628
653 5955
573 5292
573 5939
607 5691
607 5811
591 5533
591 5901
750 6798
750 7158
677 6880
677 6783
731 7038
731 6937
615 6073
615 5486
375 3668
375 3844
707 7208
707 6782
569 5567
569 5595
739 7187
739 7456
564 4976
564 5419
734 7052
734 7579
612 5959
612 5791
750 7546
750 7190
603 5994
603 5991
607 5862
607 5700
503 4859
503 4754
624 6164
624 6193
494 5064
494 4604
657 6458
657 5954
501 4764
501 4756
605 5772
605 5397
479 4660
479 4835
638 5897
638 6167
536 5374
536 5369
611 6023
611 5807
492 4721
492 5131
613 5837
613 6294
552 5317
552 5062
579 5779
579 5785
532 4863
532 5058
177 1552
177 1812
158 1400
158 1497
142 1444
142 1185
133 1277
133 1203
594 5391
594 5751
541 5220
541 4751
582 5553
582 5591
500 4863
500 4622
624 5803
624 6293
502 4974
502 4676
611 5613
611 5948
521 4902
521 4738
631 5833
631 6101
517 4733
517 4842
569 5267
569 5298
531 5410
531 5106
558 5220
558 5253
453 4451
453 4369
535 4514
535 5572
459 4326
459 4439
623 5684
623 6294
545 5218
545 5191
597 5862
597 5845
518 5359
518 4854
521 4844
521 5019
484 4723
484 4542
537 5429
537 5283
466 4466
466 4548
618 5894
618 6089
513 5513
513 4701
563 5172
563 5049
524 5054
524 5251
607 5741
607 5816
543 5347
543 5555
604 6254
604 5692
541 5415
541 5017
364 3428
364 3280
283 2826
283 2761
333 3040
333 3094
279 2370
279 3020
590 5931
590 5478
545 5456
545 5159
602 5895
602 5694
533 5053
533 5240
367 3376
367 3727
306 2491
306 3020
352 3322
352 3373
290 2632
290 2541
541 5333
541 5376
421 3447
421 4132
577 5642
577 5575
421 4136
421 4145
606 5834
606 5580
452 4280
452 4404
567 5724
567 5266
484 4659
484 4593
423 3912
423 4098
344 3352
344 2877
467 4350
467 4743
349 3221
349 3017
552 5351
552 5406
497 4818
497 4967
585 5550
585 5713
515 5067
515 4853
586 5803
586 5764
505 4666
505 4965
542 5269
542 5482
509 5029
509 4608
517 4947
517 5060
528 5115
528 5226
595 5770
595 5812
519 4944
519 4990
652 6631
652 5988
567 5671
567 5370
657 5832
657 6153
613 6049
613 6093
40 378
40 323
187 1814
187 1767
162 1616
162 1717
199 1962
199 1865
181 1761
181 1760
565 5191
565 4992
515 4620
515 4869
547 5278
547 5188
513 4994
513 4860
630 6430
630 5558
493 4411
493 4725
552 5113
552 5436
546 5148
546 5506
626 5795
626 6197
511 5072
511 4868
578 4985
578 5519
527 4945
527 5178
537 5128
537 5074
451 4265
451 4139
453 4304
453 4303
423 4286
423 3957
401 3649
401 3792
329 3352
329 3413
394 3858
394 3704
349 3264
349 3275
592 5910
592 5565
551 5133
551 4982
632 6145
632 6078
494 4857
494 4639
628 5681
628 5733
509 4576
509 4672
634 5955
634 6111
554 4990
554 5359
271 2605
271 2508
578 5549
578 5465
493 4972
493 4602
604 5483
604 5933
518 4618
518 5352
603 5514
603 5758
462 4691
462 4613
606 6034
606 6027
520 4714
520 4982
553 5473
553 5173
493 4698
493 4851
623 6060
623 6037
523 4808
523 5168
600 6043
600 6020
503 4799
503 4792
577 5913
577 5635
494 4391
494 4694
454 4522
454 4609
425 4375
425 3980
456 4260
456 4648
386 3946
386 3666
454 4267
454 4281
638 5790
638 6211
527 4835
527 4831
531 4974
531 5207
487 4582
487 4683
533 5013
533 5032
539 5036
539 5254
579 5710
579 5966
510 4583
510 4765
591 5684
591 5626
505 4992
505 4621
533 5087
533 5159
534 4735
534 5119
605 5755
605 5599
487 4939
487 4594
611 5683
611 5937
464 4449
464 4547
595 5751
595 5410
482 4461
482 4349
573 5885
573 5168
482 4863
482 4775
440 3953
440 3930
484 4344
484 4678
413 4100
413 4249
488 4432
488 4850
360 3206
360 3327
622 5899
622 6478
521 4944
521 4909
554 5199
554 5204
497 4468
497 4154
609 5527
609 5927
507 4803
507 4800
609 6071
609 6007
509 5223
509 4775
528 4822
528 5033
431 4241
431 4317
518 4794
518 4641
450 4236
450 4308
705 7126
705 6491
546 4952
546 5146
667 6063
667 6392
589 5574
589 5501
855 8325
855 8439
755 7288
755 7594
800 7826
800 7521
694 6526
694 6947
258 2373
258 2527
235 2457
235 2255
198 1882
198 1967
241 2174
241 2358
182 1610
182 1894
611 6307
611 5656
480 4669
480 4712
615 6069
615 5703
508 4938
508 4803
615 6035
615 5749
499 4628
499 4822
614 5840
614 5584
520 4853
520 5271
628 6171
628 6024
486 4332
486 4779
535 4941
535 5042
482 4957
482 4710
478 4814
478 4532
354 3552
354 3171
459 4401
459 4318
471 4549
471 4545
398 3800
398 3723
406 3539
406 3857
419 3695
419 3884
426 4142
426 3811
479 4607
479 4912
410 3795
410 3850
451 4545
451 4197
409 3699
409 3909
476 4115
476 4753
422 4038
422 4337
365 3279
365 3390
470 4587
470 4362
391 3956
391 3896
442 4257
442 3934
444 4327
444 3947
365 3952
365 3248
448 4395
448 4040
414 3916
414 3838
373 3947
373 3736
479 4600
479 4285
441 4241
441 4670
459 4417
459 4328
415 3925
415 3796
472 4459
472 4391
428 4284
428 4362
379 3949
379 3669
376 3483
376 3776
368 3477
368 3468
387 3639
387 3754
398 4185
398 3703
402 3605
402 3571
164 1627
164 1491
236 2196
236 2116
134 1120
134 1176
145 1418
145 1448
143 1323
143 1083
205 2046
205 2014
198 1945
198 1890
205 1966
205 1814
190 1919
190 1745
170 1651
170 1596
496 4658
496 4633
423 4043
423 4265
430 4355
430 4398
439 4360
439 4163
380 3848
380 3640
417 4196
417 3975
398 3511
398 3464
464 4219
464 4816
483 4760
483 4875
407 3890
407 4584
445 4365
445 4455
385 3768
385 3748
462 4459
462 4495
446 4481
446 4481
376 3610
376 3421
447 4465
447 4501
382 3781
382 3528
449 4411
449 3885
440 4258
440 4071
424 3941
424 3531
497 5004
497 4896
376 3415
376 3853
445 4403
445 4174
469 4426
469 4579
354 3390
354 3057
460 4561
460 4489
430 4137
430 4156
442 4301
442 4842
506 4929
506 4902
337 3300
337 3234
354 3287
354 3052
284 2974
284 2673
332 3156
332 3028
339 3230
339 3370
283 2645
283 2513
451 4222
451 4481
399 4012
399 3589
445 4327
445 4018
454 4513
454 4220
391 3999
391 3812
451 4583
451 4437
425 4190
425 4364
473 4368
473 4450
408 3567
408 3715
372 3493
372 3577
424 4223
424 3908
399 3566
399 3540
475 4307
475 4513
469 4508
469 4662
385 3742
385 3566
128 1168
128 1269
520 5061
520 5230
457 4277
457 4396
361 3511
361 3445
458 4427
458 4465
466 4571
466 4677
412 3874
412 4340
171 1795
171 1563
427 4090
427 4132
361 3511
361 3684
394 3723
394 3950
423 4270
423 3626
362 3752
362 3500
426 4051
426 4018
376 3481
376 3706
407 3863
407 3802
409 3807
409 3958
345 3506
345 3198
420 4148
420 3876
376 3580
376 3744
428 3827
428 3698
410 3936
410 3963
371 3388
371 3770
474 4509
474 4417
430 4022
430 4419
497 4712
497 4757
511 5069
511 4644
435 4083
435 4202
497 4411
497 4711
447 4507
447 4169
463 4119
463 4338
513 4964
513 5062
412 4091
412 3966
506 4909
506 4723
430 4119
430 4248
502 4520
502 4808
439 4233
439 3845
438 4131
438 4307
240 2490
240 2445
189 1771
189 1837
231 2243
231 2322
210 2124
210 2141
175 1646
175 1648
512 5035
512 4803
436 4206
436 4100
483 4852
483 4061
498 4947
498 5089
447 4538
447 4165
516 5072
516 5175
428 4243
428 4078
486 4950
486 4398
484 4555
484 4575
476 4305
476 4563
472 4446
472 4629
438 4217
438 4088
461 4402
461 4548
522 4893
522 5037
466 4843
466 4765
457 4320
457 4402
377 3724
377 3844
488 4954
488 4666
485 4477
485 4783
381 3740
381 3638
481 4402
481 4716
408 3929
408 3778
470 4606
470 4116
459 4885
459 4512
408 3676
408 3940
523 4847
523 5092
408 3818
408 3793
545 5390
545 5425
499 4756
499 4791
437 4394
437 4116
251 2632
251 2190
215 2153
215 2167
253 2279
253 2616
260 2811
260 2603
208 1750
208 1834
410 3955
410 3606
330 3140
330 3290
364 3512
364 3525
398 3927
398 3569
345 3151
345 3425
380 4117
380 3456
364 3587
364 3639
406 3976
406 3715
379 3350
379 3579
316 2881
316 3378
384 3477
384 3953
334 3305
334 3326
395 4075
395 3800
405 3985
405 3980
351 3609
351 3470
405 3867
405 4196
338 3314
338 3008
387 3790
387 3905
419 3873
419 4147
365 3440
365 3579
398 3606
398 4045
341 3405
341 2941
436 3821
436 4040
383 3502
383 3507
369 3978
369 3388
424 4114
424 3942
349 3352
349 3287
420 3708
420 4015
399 4051
399 3765
333 2960
333 3294
290 2534
290 2821
329 3290
329 3195
265 2627
265 2313
360 3511
360 3479
354 3520
354 3129
287 2855
287 2654
383 3674
383 3506
336 3177
336 3164
382 3513
382 3723
441 4328
441 4336
370 3730
370 3313
427 4268
427 4510
334 3442
334 3391
414 3670
414 4220
398 3995
398 3506
349 3023
349 3143
395 3591
395 3633
338 3007
338 3317
419 3986
419 4218
423 4026
423 4201
335 3485
335 3108
433 4001
433 4187
338 3492
338 3061
428 4136
428 3793
372 3529
372 3531
355 3427
355 3497
400 3937
400 3670
337 3522
337 3154
400 3846
400 3790
413 3760
413 3829
376 3654
376 3977
447 4471
447 4016
347 3375
347 3493
414 4111
414 3757
384 3611
384 3792
358 3469
358 3352
397 3780
397 3765
374 3363
374 3561
428 3972
428 4219
415 3710
415 4022
341 3172
341 3374
343 2890
343 3545
326 3040
326 3210
462 4397
462 4612
404 4173
404 3713
475 4272
475 4563
486 4523
486 4697
411 4041
411 4063
473 4553
473 4420
348 3174
348 3428
493 4744
493 4966
469 4591
469 4242
415 4215
415 4049
464 4112
464 4600
394 3644
394 3955
449 4081
449 3980
468 4273
468 4362
424 4174
424 4233
464 4674
464 4530
421 3904
421 3929
455 4715
455 4362
488 4410
488 4608
368 3324
368 3640
144 1274
144 1375
142 1470
142 1326
177 1631
177 1447
171 1623
171 1507
145 1231
145 1393
465 4425
465 4282
379 3933
379 3527
459 4069
459 4151
458 4381
458 4197
388 3379
388 3995
421 4150
421 3792
129 1356
129 1280
455 4289
455 4410
422 4030
422 3935
480 4373
480 4191
467 4346
467 4556
389 3625
389 4184
430 3989
430 4016
388 3558
388 4045
497 5001
497 4769
457 4303
457 4386
420 4120
420 4012
327 3347
327 3357
269 2413
269 2493
337 2890
337 3151
330 3392
330 3278
275 2813
275 2693
483 4617
483 4648
378 3759
378 3424
471 4313
471 4347
498 4453
498 4687
396 3490
396 3860
455 4406
455 4705
408 4004
408 3874
465 4253
465 4489
475 4710
475 4787
394 3899
394 3686
215 2261
215 1965
174 1782
174 1806
197 1987
197 1677
203 1923
203 2099
163 1384
163 1492
301 2714
301 2919
500 4831
500 4636
387 3569
387 3941
521 4721
521 4512
462 3792
462 4356
426 4049
426 3969
376 3692
376 3776
355 3304
355 3316
355 3145
355 3352
381 3635
381 3625
303 2792
303 2878
215 2121
215 1999
163 1354
163 1594
225 2255
225 2144
225 2342
225 2064
191 1819
191 1816
321 3135
321 3111
277 2621
277 2865
291 3185
291 2946
311 2828
311 2990
267 2422
267 2428
470 4507
470 4676
394 3807
394 3816
456 4225
456 3947
470 4594
470 4460
394 3828
394 3668
464 4174
464 4490
353 3242
353 3469
450 4157
450 4270
445 4271
445 4222
408 3938
408 3762
467 4371
467 3994
379 3498
379 3926
443 4194
443 4273
452 4274
452 4361
382 3733
382 3654
441 4250
441 4212
383 3732
383 3662
455 4626
455 4595
473 4655
473 4837
378 3684
378 3611
415 4033
415 3955
365 3111
365 3608
471 4435
471 4570
443 4518
443 4028
447 4288
447 4237
421 4128
421 4005
595 5869
595 5389
508 4811
508 4912
412 3925
412 3845
462 4065
462 4474
467 4603
467 4658
366 3583
366 3409
434 3890
434 3944
359 3627
359 3708
482 4272
482 4425
483 4396
483 4372
388 3819
388 3596
462 4442
462 4367
406 4011
406 3969
480 4501
480 4796
475 4175
475 4602
377 3574
377 3429
469 4397
469 4570
428 4577
428 4094
471 4121
471 4484
450 4179
450 3804
405 3885
405 3902
463 4614
463 4352
396 4011
396 3720
510 4833
510 4789
484 4559
484 4515
409 3885
409 3725
493 4666
493 4654
404 3928
404 3923
482 4801
482 4965
478 4895
478 4877
459 4309
459 4094
166 1396
166 1534
501 5010
501 4561
432 4175
432 4146
497 4895
497 4794
490 4747
490 4745
445 4404
445 3861
500 4741
500 4799
415 4245
415 3965
522 5143
522 5274
494 4532
494 4853
449 4369
449 4016
572 5186
572 5445
452 4096
452 4444
487 4609
487 4800
495 4761
495 4700
448 4197
448 3785
448 4273
448 4278
345 3141
345 3160
440 4233
440 4004
403 3987
403 4293
375 3614
375 3605
476 4857
476 4346
354 3311
354 3446
475 4635
475 4877
422 4030
422 4303
382 3847
382 3562
336 2928
336 3566
295 2532
295 2787
366 3484
366 3216
369 3453
369 3472
282 2866
282 2727
479 4772
479 4394
428 4110
428 4520
474 4693
474 4569
513 4554
513 4893
385 3721
385 3649
466 4527
466 4685
436 3955
436 3912
460 4263
460 4530
526 4897
526 4910
434 4215
434 3884
486 4583
486 4362
434 4330
434 3875
486 4849
486 4654
506 4791
506 4934
398 3976
398 3908
499 5020
499 4870
429 4164
429 3952
471 4440
471 4440
467 4627
467 4388
437 4602
437 3803
473 4615
473 4838
467 4280
467 4479
448 4612
448 4217
519 4873
519 4777
504 4504
504 5202
421 3917
421 3943
478 4444
478 4697
440 4196
440 4543
524 5035
524 4763
483 4745
483 4553
448 4264
448 4237
515 5076
515 4629
469 4815
469 4759
523 5096
523 5247
486 4363
486 4581
407 3978
407 3961
522 4504
522 5265
445 4347
445 4061
525 5156
525 5598
506 4604
506 5027
451 4090
451 4044
575 5339
575 5719
459 4237
459 4584
546 4682
546 4827
505 5295
505 4477
463 4343
463 4505
285 2769
285 2729
270 2619
270 2349
277 2508
277 2632
277 2778
277 2742
236 1954
236 2482
588 5566
588 5622
529 4951
529 5024
558 5731
558 5650
613 5910
613 5986
484 4452
484 4532
618 5852
618 6095
545 5195
545 5332
603 5923
603 5700
591 5716
591 5004
499 4658
499 4551
626 5832
626 6175
524 5110
524 5388
640 6342
640 6314
604 5970
604 6053
554 5649
554 5531
630 5700
630 5956
562 5056
562 5503
651 6174
651 6674
640 5880
640 6263
553 5600
553 5628
666 6333
666 6177
616 6213
616 5952
630 6302
630 6124
669 6889
669 5942
588 5427
588 5363
685 6951
685 6481
603 6021
603 5668
681 7212
681 6360
685 6416
685 6340
650 5862
650 6212
197 1876
197 1738
161 1471
161 1574
195 2025
195 1900
189 1721
189 1541
152 1566
152 1673
491 4674
491 4480
420 3972
420 3989
467 4596
467 4579
482 4539
482 4889
383 3518
383 4036
499 4981
499 4660
386 3486
386 3761
517 4881
517 4985
484 4612
484 4425
382 3644
382 3436
445 4255
445 4194
424 4177
424 4017
476 5085
476 4614
514 4830
514 4701
402 3654
402 4166
369 3714
369 3751
304 3012
304 2616
350 3244
350 3249
350 3391
350 3546
311 3069
311 3068
377 3754
377 3544
325 3170
325 2931
368 3632
368 3229
375 3736
375 3736
312 2804
312 2732
497 4443
497 4684
427 3952
427 4340
479 4690
479 4768
491 4815
491 4683
416 3780
416 4155
467 4512
467 4490
389 3513
389 3886
504 4790
504 4751
494 4515
494 4744
440 4336
440 4445
492 4789
492 4308
411 3866
411 4183
482 4389
482 5017
473 4719
473 4665
455 4429
455 4161
483 4396
483 4398
453 4085
453 4335
492 4689
492 4563
503 4913
503 5142
399 3475
399 3892
519 4928
519 5200
457 4392
457 4720
603 5888
603 5607
530 5058
530 5087
474 4109
474 4956
509 4836
509 4867
412 3983
412 3999
483 4577
483 4955
535 5105
535 5228
375 3857
375 3460
498 4728
498 4568
412 4004
412 4052
492 5118
492 4896
489 4447
489 4611
417 3984
417 4005
502 4641
502 4617
427 4256
427 4101
478 4519
478 4945
494 4686
494 4734
432 4072
432 3799
248 2299
248 2225
191 2263
191 1933
235 2305
235 2053
255 2366
255 2424
217 1936
217 2122
490 4906
490 4338
429 3883
429 3929
478 4246
478 4371
494 4800
494 4361
447 3929
447 3946
548 4871
548 5043
410 3836
410 3860
491 5005
491 4764
469 4407
469 4331
393 3650
393 3558
225 2119
225 2452
217 2047
217 1923
221 1983
221 2201
242 2352
242 2266
200 1917
200 1950
524 5066
524 4838
469 4353
469 4496
540 5170
540 4946
494 4804
494 4406
470 4459
470 4607
585 5421
585 5680
448 4568
448 4192
515 4832
515 4894
521 4870
521 5268
450 4322
450 4346
528 5343
528 4889
478 4333
478 4763
504 5200
504 4771
526 4717
526 5120
492 4567
492 4691
517 4813
517 4969
478 4709
478 4391
522 5000
522 4995
541 5257
541 5417
460 4262
460 4603
527 5026
527 4896
427 4014
427 3987
499 4770
499 4841
547 4931
547 5504
467 4527
467 4445
514 4789
514 4797
481 4398
481 4509
517 5315
517 4995
508 5025
508 4886
473 4614
473 4614
578 5395
578 5667
420 4059
420 4155
536 5464
536 5581
516 4911
516 4740
455 4397
455 4279
80 715
80 681
526 5243
526 5210
451 4477
451 4384
560 5111
560 5528
535 4908
535 4832
470 4608
470 4222
261 2922
261 2171
232 2413
232 2311
247 2249
247 2264
255 2460
255 2177
225 2056
225 2319
419 4255
419 4128
333 3147
333 3365
435 4128
435 4105
468 4447
468 4718
304 2885
304 2709
455 4381
455 4529
352 3219
352 3473
441 4160
441 4069
415 3795
415 4050
367 3552
367 3558
418 3638
418 3754
355 3531
355 3262
446 4097
446 4125
471 4608
471 4620
363 3420
363 3352
341 3274
341 2924
289 2601
289 2783
375 3486
375 3569
333 2982
333 3321
292 2992
292 2437
467 4318
467 4256
355 3101
355 3247
451 4205
451 4536
442 4146
442 4255
401 3644
401 3435
477 4580
477 4649
365 3220
365 3408
451 4413
451 4433
465 4526
465 4614
412 3706
412 3787
470 4567
470 4313
429 3897
429 4272
454 4741
454 4299
466 4367
466 4641
408 3855
408 4054
473 4447
473 4595
420 3912
420 3867
476 4645
476 4385
482 4692
482 4663
390 3896
390 3506
494 4352
494 4879
422 4095
422 4066
488 4534
488 4511
467 4737
467 4697
436 4192
436 4271
485 4772
485 4635
426 4174
426 3882
509 4845
509 4874
463 4329
463 4376
411 4014
411 3925
217 2256
217 1916
204 1867
204 2244
237 2400
237 2513
281 2787
281 2729
198 1853
198 1574
491 4782
491 4421
406 3829
406 3842
504 4806
504 4882
490 4697
490 4506
418 3761
418 4042
490 4451
490 4672
425 3944
425 4059
519 4978
519 5422
456 4290
456 3692
414 3988
414 4120
471 4525
471 4522
388 3687
388 3492
506 4669
506 5234
502 4725
502 5061
436 4118
436 4076
142 1187
142 1464
503 4672
503 4875
456 4493
456 4524
486 4645
486 4743
495 4377
495 4702
407 4110
407 3869
476 4564
476 4499
431 4039
431 4233
496 5089
496 4608
504 4321
504 4738
470 4409
470 4536
500 5071
500 4588
457 4316
457 4435
490 5170
490 4546
481 4487
481 4566
437 4179
437 4170
332 3280
332 3134
509 5056
509 5042
428 3906
428 4025
499 4853
499 4571
530 4725
530 4928
404 3686
404 3445
488 5003
488 4698
420 4183
420 4246
479 4797
479 5125
532 5331
532 5187
457 4642
457 4162
155 1482
155 1408
171 1524
171 1425
185 1833
185 1742
205 1729
205 2164
170 1798
170 1686
435 4049
435 4113
419 4253
419 4031
452 4345
452 4238
490 4748
490 4550
432 4255
432 3880
656 6275
656 5898
569 5258
569 5587
613 5820
613 5706
682 6877
682 6762
572 5338
572 5288
668 6365
668 6466
576 5236
576 5793
685 6989
685 6246
690 6566
690 6912
588 5691
588 5355
507 4773
507 4698
449 4374
449 4010
496 4809
496 5024
507 4916
507 4925
444 4257
444 4276
334 3218
334 2905
333 3218
333 3200
386 3881
386 3423
368 3291
368 3523
340 3307
340 3527
663 6273
663 6271
611 5893
611 5512
644 6192
644 6183
712 6801
712 6863
550 5431
550 5122
669 6486
669 6264
583 5382
583 5973
688 6630
688 6719
633 6129
633 6139
623 6306
623 5944
358 3624
358 3211
653 6200
653 6447
569 5208
569 5697
700 6473
700 6495
686 6241
686 6458
606 5896
606 5884
608 6066
608 5769
529 5156
529 5087
630 5996
630 6118
622 5813
622 6083
559 5276
559 5177
344 3266
344 3473
291 2580
291 3071
306 2843
306 3009
325 3155
325 3436
309 2991
309 2759
668 6564
668 6254
578 5240
578 5875
691 7029
691 6598
679 6649
679 6468
585 5236
585 5539
646 5983
646 6362
606 5681
606 5705
670 6660
670 6656
683 6844
683 6573
577 5734
577 5338
292 2870
292 2578
251 2246
251 2521
308 3131
308 3281
308 2922
308 2827
256 2546
256 2579
429 3965
429 4124
412 4103
412 4287
455 4523
455 4600
468 4396
468 4433
407 3535
407 3612
464 4025
464 4376
401 4022
401 3789
465 4496
465 4676
508 4912
508 4842
413 3936
413 3732
135 1304
135 1318
489 4370
489 4590
431 4299
431 3980
511 5276
511 4729
540 5478
540 4902
429 4165
429 4294
404 4006
404 3992
359 3534
359 3495
406 3756
406 3748
420 3917
420 4028
353 3555
353 3661
486 4332
486 4593
465 4455
465 4556
500 4818
500 4838
484 4730
484 4907
458 4581
458 4081
414 4173
414 4077
356 3072
356 3393
399 3655
399 4044
446 3948
446 4735
319 3005
319 3079
100 873
100 886
526 4883
526 5204
446 4579
446 4177
492 4968
492 4403
509 4815
509 4571
437 4188
437 4348
499 4541
499 4778
445 4235
445 3869
489 4553
489 4564
477 4436
477 4457
444 4431
444 4241
506 4879
506 4874
426 3965
426 4169
486 4732
486 4363
498 4444
498 4535
453 4376
453 4307
283 2616
283 2366
259 2445
259 2386
318 2940
318 2884
309 2847
309 3141
288 2967
288 3064
702 6775
702 6993
585 6087
585 5843
705 6679
705 6797
686 6598
686 6635
589 5582
589 5364
681 6293
681 6169
608 5839
608 5910
705 6733
705 6499
691 6441
691 6640
597 5944
597 5636
569 5218
569 5574
510 4526
510 4910
583 5787
583 5467
555 5253
555 5598
498 5190
498 4769
701 6426
701 6966
634 6061
634 5729
753 7197
753 7429
713 6987
713 6579
699 6571
699 6737
678 6498
678 6092
543 5087
543 4915
662 6352
662 6151
696 6180
696 6844
618 5968
618 6234
536 5385
536 5470
433 3982
433 3938
491 4784
491 4730
536 5078
536 4997
423 3707
423 4201
279 2648
279 2505
193 1950
193 1854
247 2484
247 2287
240 2247
240 2089
190 1955
190 1883
503 4712
503 4558
444 4322
444 4368
532 4956
532 4894
509 5223
509 4921
434 3923
434 3944
535 4963
535 4994
444 4166
444 4452
528 5220
528 5245
532 5281
532 5304
416 4161
416 3998
509 4995
509 5150
444 4374
444 4114
528 5262
528 4625
495 4581
495 4683
452 4205
452 4500
499 4832
499 4762
435 4481
435 4116
501 4802
501 4470
550 5715
550 5156
451 4426
451 4791
507 4834
507 4677
394 3329
394 3879
520 5330
520 4670
484 4564
484 4442
509 4838
509 5135
474 4313
474 4468
538 5395
538 5302
557 5360
557 5284
477 4685
477 4599
573 5375
573 5321
528 5163
528 5442
562 5299
562 5629
548 4873
548 4990
526 4700
526 5195
441 4213
441 4226
520 5313
520 5002
480 4407
480 4305
570 5655
570 5527
462 4570
462 4196
548 5242
548 4908
522 5300
522 4896
493 4674
493 4730
612 5676
612 6049
528 5142
528 4909
631 5985
631 6145
563 5609
563 5414
631 5813
631 5919
544 4841
544 5468
634 5923
634 6353
538 4701
538 5170
233 2362
233 2314
137 1402
137 1305
130 1287
130 1314
862 8125
862 8209
1068 10007
1068 9861
924 8529
924 8968
149 1343
149 1337
214 2006
214 2111
169 1398
169 1834
481 4534
481 4890
642 5928
642 6223
518 5076
518 4812
951 9199
951 9562
1174 11171
1174 10515
949 8695
949 9264
607 5777
607 5863
480 4810
480 4870
611 5416
611 5819
597 5171
597 5592
522 4746
522 5106
463 4415
463 4156
438 4065
438 4103
458 4372
458 4427
499 4754
499 4614
397 3830
397 3874
524 5334
524 4776
392 3854
392 3736
465 4258
465 4136
453 4387
453 4288
421 4057
421 3916
505 5142
505 4914
396 3397
396 3548
490 4691
490 4720
485 4949
485 4691
411 3683
411 3558
302 2628
302 2957
521 4870
521 4851
404 3711
404 3683
469 4633
469 4916
476 4473
476 4330
425 4083
425 3997
519 5307
519 4947
407 3866
407 3804
473 4484
473 4502
477 4539
477 4422
434 4272
434 4162
456 4621
456 4312
448 4578
448 4127
513 4762
513 5035
496 4918
496 4902
425 4102
425 3957
466 4267
466 4359
438 4112
438 4253
504 4774
504 4988
490 5125
490 4879
432 4407
432 4164
418 3723
418 4043
421 3878
421 4064
493 4911
493 4818
515 4875
515 4869
450 4510
450 4009
58 450
58 631
653 5972
653 5930
574 5663
574 5388
665 6503
665 6165
646 5964
646 6045
562 5332
562 5280
640 5609
640 6032
559 5686
559 5446
671 6384
671 6907
682 6784
682 6331
525 4868
525 5260
743 7269
743 7207
695 6208
695 7276
823 7491
823 8358
789 7533
789 7786
717 7195
717 6786
640 5753
640 6154
538 4787
538 5275
687 6118
687 6506
645 5897
645 6514
568 5341
568 5115
640 6241
640 6337
545 5054
545 5229
627 5761
627 5844
660 6007
660 5828
500 4753
500 4781
726 6827
726 6980
585 5639
585 5659
713 6513
713 7237
669 6445
669 6665
618 6069
618 6007
150 1521
150 1407
138 1555
138 1301
157 1443
157 1519
130 1251
130 1290
125 1109
125 1176
317 2885
317 2797
304 2690
304 2929
369 3531
369 3519
378 3487
378 3468
311 3015
311 3049
353 3357
353 3293
301 2856
301 3090
330 3366
330 3014
381 3493
381 3659
315 2883
315 3242
694 6700
694 6701
565 5828
565 5234
655 6034
655 6156
696 6632
696 6561
575 5964
575 5176
202 1923
202 2122
155 1523
155 1420
194 2040
194 1748
212 1949
212 1995
160 1470
160 1653
123 981
123 1276
359 3169
359 3149
384 3779
384 3764
421 3590
421 3833
428 4154
428 4182
379 3541
379 3755
689 6865
689 6895
621 5628
621 5910
676 6307
676 6676
667 5871
667 6190
597 5754
597 5684
565 5386
565 5193
484 4612
484 4467
564 5244
564 5380
555 5143
555 5485
468 4408
468 4522
791 7822
791 7368
670 6651
670 6197
746 7540
746 7453
757 7024
757 6993
662 6360
662 6145
540 5226
540 5115
490 4958
490 4638
554 5103
554 5390
563 5336
563 5396
464 4315
464 4365
809 7735
809 7757
767 7440
767 7386
837 7816
837 7897
860 8073
860 7578
755 6731
755 7271
513 5256
513 4648
436 4077
436 4169
504 5048
504 4923
518 5004
518 5137
428 4134
428 4231
447 4200
447 4447
461 4591
461 4432
515 5010
515 4735
517 5009
517 4897
453 4424
453 4222
210 1909
210 2343
157 1381
157 1413
204 1995
204 1695
212 1965
212 1733
164 1584
164 1810
366 3341
366 3653
237 2394
237 2206
210 1729
210 1922
244 2151
244 2228
220 2025
220 2037
217 2077
217 1949
517 4530
517 5128
470 4193
470 4515
472 4551
472 4919
523 4993
523 5041
437 4595
437 4214
471 4307
471 4359
433 4088
433 4204
510 4781
510 4796
477 4916
477 4372
465 4434
465 4486
488 4490
488 4329
418 3761
418 4163
530 4867
530 5184
519 4930
519 4861
431 4089
431 4107
465 4645
465 4553
408 3776
408 3740
446 4505
446 4323
458 4514
458 4115
407 3800
407 3948
486 4888
486 4748
435 3794
435 4271
500 4646
500 5000
524 5007
524 4805
404 4111
404 3678
752 7148
752 6981
645 6362
645 6310
819 8139
819 8065
775 7048
775 7111
631 6249
631 6098
669 6703
669 6377
635 6030
635 6158
654 6342
654 6534
680 6316
680 6358
550 5480
550 5452
420 3791
420 3959
398 3830
398 3898
462 4348
462 4506
463 4078
463 4395
372 3444
372 3573
506 4636
506 4981
448 4427
448 4606
496 5036
496 4765
511 4853
511 4657
473 4462
473 4403
798 7525
798 7549
727 6801
727 7080
802 7869
802 7718
767 6994
767 7263
674 6313
674 6519
24 168
24 240
718 6655
718 6656
635 6374
635 5511
689 6654
689 6462
738 6896
738 6838
621 5941
621 5473
461 4690
461 4046
422 3988
422 3742
487 4634
487 4597
425 4207
425 4218
410 3881
410 3841
271 2695
271 2610
804 7580
804 7673
705 7022
705 6540
861 8143
861 7955
809 7644
809 7904
757 7005
757 6907
579 5206
579 5687
512 5279
512 4868
606 5842
606 5908
601 6107
601 5802
550 5505
550 5197
610 5899
610 5911
550 5300
550 5719
599 5456
599 6102
563 5052
563 4786
480 4552
480 4753
464 4547
464 4364
130 1103
130 1115
303 2786
303 2826
290 2780
290 2888
331 3236
331 2936
358 3887
358 3362
269 2236
269 2372
701 6465
701 6647
699 6763
699 6838
829 8021
829 7960
821 8179
821 8235
654 6493
654 6089
936 8815
936 9092
796 7489
796 7343
928 8359
928 9032
904 8855
904 8836
775 7248
775 7494
570 5258
570 5775
526 4933
526 4906
583 5393
583 5453
603 5890
603 5523
534 5199
534 5264
441 4375
441 4169
400 3754
400 3888
409 4081
409 3749
461 4374
461 4508
359 3465
359 3616
819 8283
819 7531
665 5891
665 6349
746 7328
746 7520
796 7363
796 7583
666 6526
666 6524
752 7427
752 7233
581 5182
581 5914
729 6991
729 7334
726 6745
726 6697
620 5705
620 6052
959 8945
959 9820
755 6895
755 6933
942 9301
942 9002
890 8283
890 8332
842 8186
842 7727
565 5229
565 5188
466 4558
466 4636
567 5454
567 5391
550 5452
550 5392
494 4405
494 4750
517 4876
517 5125
452 4364
452 4532
538 5272
538 5684
541 5140
541 4998
486 4696
486 4615
533 4979
533 4927
448 4451
448 4609
534 4900
534 5121
493 4733
493 4469
459 4236
459 4104
530 4900
530 4904
437 4340
437 4333
516 4772
516 5322
518 4934
518 4695
449 4525
449 4420
509 5087
509 4791
453 4260
453 4370
530 5249
530 5001
502 4901
502 4784
459 4138
459 4280
273 2538
273 2565
514 4734
514 5083
431 4109
431 4130
507 4975
507 4941
532 5282
532 5010
441 4330
441 4341
472 4435
472 4367
436 4304
436 4252
542 5377
542 5168
511 5189
511 4858
457 4129
457 4382
530 4766
530 4981
426 4503
426 3725
508 4964
508 4840
506 4967
506 5081
502 4880
502 5071
536 5074
536 4838
477 4803
477 4454
469 4367
469 4875
543 5274
543 5156
412 4384
412 4110
473 4305
473 4788
444 4075
444 4430
539 4973
539 5141
567 5357
567 5566
415 3896
415 4360
661 6623
661 6832
550 5230
550 5044
642 6054
642 6214
616 5817
616 6370
556 5495
556 5310
593 5581
593 5730
549 5052
549 5059
614 6109
614 5737
646 6118
646 6192
514 5067
514 4954
613 5840
613 5531
533 5034
533 5240
613 5936
613 5927
624 5906
624 5955
501 4649
501 4984
334 3371
334 2980
305 2850
305 2825
342 3333
342 3337
361 3140
361 3554
331 3392
331 2993
847 8087
847 8137
767 7394
767 7239
819 7748
819 8387
830 7993
830 7784
682 6536
682 6391
524 5064
524 5044
463 4729
463 4258
574 5403
574 5581
524 4946
524 5289
440 4181
440 4434
712 6948
712 6494
608 5496
608 5569
720 7397
720 6516
630 5856
630 6220
608 5749
608 5658
732 6949
732 7411
582 5430
582 5557
705 6870
705 7214
686 7038
686 6749
603 5686
603 5641
693 6544
693 6803
611 5958
611 5664
718 6791
718 6887
754 7369
754 6820
575 5438
575 5821
535 5282
535 5217
484 5081
484 4632
512 5053
512 4783
512 5106
512 5001
458 4260
458 4635
656 6310
656 5951
571 5326
571 5242
674 6313
674 6375
654 5857
654 6216
556 5219
556 5267
562 5390
562 5140
505 4455
505 5002
553 5264
553 5637
534 5475
534 4772
490 4931
490 4872
689 7026
689 6743
606 6025
606 5643
743 7325
743 7211
688 5986
688 6838
630 6013
630 5911
489 4544
489 5070
438 4068
438 4311
523 5005
523 5238
509 4833
509 5112
455 4489
455 4006
600 5527
600 5722
461 4632
461 4216
505 4279
505 5075
535 5146
535 5117
462 4557
462 4422
816 7241
816 7806
723 6883
723 6781
837 7959
837 7880
801 7642
801 7595
752 7248
752 7301
491 4405
491 4540
394 3636
394 3786
479 4660
479 4458
498 4832
498 4465
393 3638
393 3969
479 4304
479 4322
398 4144
398 3873
496 4845
496 4742
454 4606
454 4258
434 4210
434 4187
461 4810
461 4729
386 3505
386 3812
459 4502
459 4062
507 4650
507 5009
438 3984
438 4315
431 4008
431 4297
415 3892
415 3883
518 4747
518 5008
456 4098
456 4244
400 3799
400 3775
467 4444
467 4295
416 3850
416 3874
506 4696
506 4642
469 4192
469 4517
406 4018
406 4079
455 4090
455 4319
430 4225
430 3976
469 4637
469 4339
512 4728
512 4955
407 3727
407 4369
508 5043
508 4613
407 3931
407 3789
491 4764
491 4808
473 4754
473 4691
427 4389
427 4191
503 5007
503 4321
395 4200
395 3689
536 5123
536 5085
470 4764
470 4331
413 3727
413 3908
499 4579
499 4862
412 4220
412 3883
464 4601
464 4338
539 4994
539 4990
417 3877
417 4050
517 4528
517 5396
435 4413
435 4307
518 4980
518 4603
485 4852
485 4556
412 3577
412 4049
485 4558
485 4769
426 4161
426 3784
503 4954
503 4812
522 5119
522 4875
446 4231
446 3678
563 5350
563 5359
431 3832
431 4393
488 4778
488 4715
487 4890
487 4530
486 4448
486 4514
538 4936
538 5025
486 4150
486 4597
594 5555
594 5646
552 5286
552 5007
446 4536
446 4152
581 5858
581 5541
489 4962
489 4781
558 5339
558 5184
623 6446
623 5777
507 5040
507 4760
161 1652
161 1400
189 1777
189 1691
169 1822
169 1672
235 2079
235 2296
193 1806
193 1847
266 2393
266 2522
221 1907
221 2052
304 2819
304 3002
266 2621
266 2574
198 1906
198 1945
306 2952
306 2770
282 2708
282 2717
333 3574
333 3297
318 2896
318 3027
250 2219
250 2407
353 3441
353 3330
321 2764
321 3062
455 4308
455 4442
378 3640
378 3430
368 3628
368 3634
964 9526
964 9652
846 7997
846 7828
1022 10109
1022 9613
973 9028
973 8950
910 8830
910 9276
1157 11065
1157 10918
978 9668
978 9122
1138 10546
1138 11103
1183 11770
1183 11546
1022 9659
1022 9747
524 4856
524 4725
453 4279
453 4311
533 5066
533 5294
541 5667
541 5084
461 4614
461 4485
616 5705
616 6101
538 5125
538 5068
661 6400
661 6459
652 5922
652 6361
555 5523
555 5253
626 5966
626 6058
530 5282
530 4830
619 5662
619 5644
577 5549
577 5324
553 5834
553 5685
573 5249
573 5366
476 4662
476 4258
579 5188
579 4999
580 5475
580 5565
497 4692
497 4831
551 5269
551 5234
538 5321
538 4822
552 5506
552 5611
567 5363
567 5396
500 5153
500 4630
403 3909
403 3930
313 3056
313 3079
433 3884
433 4256
390 3706
390 3729
366 3688
366 3607
559 5558
559 5280
476 4546
476 4459
516 5240
516 5082
565 4981
565 5024
488 4600
488 4782
536 4968
536 5440
442 4071
442 4213
466 4515
466 4719
482 4586
482 4386
446 4303
446 3985
505 5013
505 4677
478 4484
478 4521
490 4835
490 4199
454 4113
454 4457
452 4339
452 4317
264 2451
264 2723
220 2122
220 2094
247 2268
247 2271
248 2284
248 2749
207 2025
207 2041
550 5554
550 4956
505 4439
505 5026
547 5793
547 5234
557 5041
557 5215
470 4584
470 4212
384 3377
384 3699
323 2929
323 3115
399 3750
399 3594
403 3859
403 3638
333 3153
333 2930
700 6657
700 6846
597 5456
597 5955
697 6844
697 6376
685 6499
685 6019
584 5600
584 5580
551 5295
551 5312
472 4697
472 4522
574 5516
574 5114
566 5600
566 5129
478 4375
478 4535
585 5468
585 5386
540 4795
540 4926
533 5183
533 4890
541 4490
541 4911
465 4300
465 4568
780 7401
780 7622
704 6932
704 6995
777 7342
777 7425
808 7724
808 7444
702 7133
702 6524
775 7343
775 7231
655 6065
655 6613
658 6608
658 6764
687 6818
687 6247
678 6526
678 6310
318 3182
318 3199
509 4775
509 4676
471 4315
471 4328
484 4337
484 4640
502 4679
502 4884
435 4057
435 4265
513 5230
513 4861
456 4420
456 4076
521 4876
521 5099
470 4363
470 4398
467 4444
467 4370
604 5544
604 5901
573 5454
573 5422
627 5953
627 5979
666 6648
666 6146
552 5137
552 5161
682 6660
682 6292
642 6335
642 6314
700 6962
700 6731
704 6708
704 7078
630 5988
630 5793
781 7098
781 7266
758 7336
758 7576
847 8099
847 8192
867 8135
867 7923
761 7174
761 7747
1238 12107
1238 11755
1149 10747
1149 10838
1270 12525
1270 12259
1233 12232
1233 11705
1118 10638
1118 10905
594 5621
594 6094
509 4874
509 4909
576 5616
576 5731
529 4812
529 5323
463 4439
463 4306
333 3394
333 3099
293 2936
293 2730
337 3247
337 3238
330 3493
330 2838
283 2496
283 2568
581 5641
581 5317
534 5136
534 5455
612 6020
612 6114
653 6334
653 6168
583 5492
583 5522
540 5120
540 5194
453 4277
453 4622
472 4378
472 4553
495 4755
495 4630
432 4205
432 3999
523 4851
523 4909
482 4360
482 4227
516 5371
516 5095
506 5098
506 4994
466 4532
466 4312
548 5507
548 5283
469 4783
469 4382
595 5746
595 6260
547 5179
547 5264
452 4276
452 4075
539 5378
539 5104
431 3851
431 3967
496 4674
496 4886
498 4774
498 4751
471 4750
471 4517
567 5296
567 5032
488 4577
488 4531
580 5896
580 5633
531 5226
531 5348
447 4344
447 4149
641 6266
641 6140
532 5238
532 5176
601 6005
601 5698
656 6563
656 6269
546 5348
546 5236
544 5264
544 4999
483 4692
483 4980
540 5186
540 5306
571 5662
571 5645
482 4748
482 4647
556 5191
556 5677
532 5179
532 5027
568 5482
568 5404
589 5681
589 5576
501 4645
501 4313
531 5473
531 5144
473 4458
473 4687
563 5326
563 5365
585 5291
585 5449
506 5275
506 4470
291 2672
291 2652
129 1249
129 1234
129 1180
129 1346
588 5449
588 5865
566 5377
566 5106
588 5919
588 5506
660 5890
660 6235
540 5144
540 5157
692 6695
692 6438
555 5203
555 5449
619 5458
619 6248
636 6078
636 6121
524 4901
524 4585
653 6392
653 6616
563 5353
563 5409
595 5658
595 5830
628 5789
628 5686
520 5236
520 5146
235 2220
235 2285
218 2025
218 2015
232 2287
232 2194
204 2190
204 2000
214 1948
214 2127
528 4780
528 5182
470 4556
470 4411
528 4893
528 4925
505 4774
505 4766
473 4878
473 4499
360 3111
360 3348
312 3372
312 3027
325 3311
325 3070
345 3386
345 3305
311 2683
311 2968
178 1715
178 1720
645 6189
645 6420
552 5058
552 5541
658 5661
658 6476
613 6092
613 5903
522 4820
522 5038
462 4447
462 4473
605 5620
605 5525
487 5006
487 4936
599 5849
599 5632
635 5913
635 5805
519 5037
519 4895
330 3543
330 3306
273 2456
273 2269
284 2668
284 2804
293 2715
293 2885
296 3119
296 2877
699 6928
699 6885
643 5809
643 6264
678 6665
678 6347
673 6525
673 6164
593 5409
593 5690
733 6803
733 6941
706 7116
706 6727
769 7057
769 7404
800 7462
800 7667
655 6374
655 6265
661 6267
661 6217
569 5504
569 5114
710 6870
710 7023
628 5857
628 6285
622 5810
622 5366
217 2180
217 1850
175 1584
175 1711
228 2286
228 2291
190 2021
190 1827
161 1492
161 1823
790 7765
790 7428
654 6137
654 6488
758 7086
758 7428
821 8071
821 8158
690 6171
690 6503
225 2178
225 2012
188 1618
188 1808
218 2068
218 2033
217 2071
217 2054
190 1810
190 1753
746 6957
746 6727
604 5773
604 5561
729 7280
729 7268
747 6971
747 7254
638 5809
638 6223
814 8095
814 8471
700 7033
700 6737
787 7349
787 7485
778 7549
778 7338
751 7227
751 7329
474 4560
474 4489
416 3943
416 3877
471 4398
471 4412
467 4015
467 4493
407 3825
407 3953
759 7345
759 7377
680 6554
680 6269
751 7396
751 7621
778 7431
778 7494
684 6014
684 6402
115 959
115 1139
112 1089
112 1240
145 1264
145 1296
129 1154
129 1205
116 1080
116 1246
110 1067
110 1214
542 5341
542 5265
519 4893
519 4896
587 5309
587 5640
567 5314
567 5440
530 5104
530 5329
573 5580
573 5402
519 5041
519 4754
643 6198
643 6187
585 5565
585 5560
484 4311
484 5018
180 1541
180 1864
137 1493
137 1476
145 1237
145 1282
168 1671
168 1449
165 1413
165 1545
116 1074
116 1021
580 5468
580 5776
501 4493
501 4587
564 5244
564 5201
562 5244
562 5060
481 4415
481 4566
505 5082
505 4862
595 5673
595 5481
546 5254
546 5148
581 5331
581 5320
603 5717
603 5551
532 5039
532 5127
474 4557
474 4342
554 5134
554 5234
523 5343
523 5190
597 6093
597 5681
570 5550
570 5087
481 4693
481 4553
558 5282
558 5360
470 4442
470 4365
495 4878
495 4577
550 5351
550 5379
477 4436
477 4509
491 4700
491 4473
427 3903
427 4169
462 4384
462 4457
478 4187
478 4795
447 4216
447 4319
667 6158
667 6265
589 5618
589 5625
641 6313
641 6437
667 6012
667 6046
559 5202
559 5519
615 5671
615 6401
551 5327
551 5600
602 5451
602 6005
606 5471
606 5796
541 5205
541 5229
654 6174
654 5878
547 5951
547 5055
650 6439
650 6167
671 6631
671 6639
573 5700
573 5686
173 1606
173 1639
165 1443
165 1428
197 2185
197 2029
176 1629
176 1713
180 1772
180 1726
219 2024
219 2033
208 2044
208 1627
220 2018
220 2096
209 1877
209 2006
172 1724
172 1661
265 2745
265 2324
211 1847
211 2192
256 2704
256 2586
275 2474
275 2833
239 2403
239 2588
560 5622
560 5527
505 4750
505 4814
548 5030
548 5313
542 5177
542 5865
456 4375
456 4323
499 4694
499 4332
426 4032
426 3635
492 4683
492 4514
481 4626
481 4689
448 4274
448 4473
504 5158
504 4631
420 4107
420 3869
515 5193
515 5126
490 4490
490 4784
418 3942
418 3827
233 2139
233 2203
134 1306
134 1207
134 1455
134 1243
136 1276
136 1339
202 1724
202 1897
178 1729
178 1433
201 1800
201 1955
196 1793
196 1927
190 1574
190 1806
187 1778
187 1700
156 1629
156 1697
186 1777
186 1660
187 1740
187 1753
146 1426
146 1522
547 5153
547 5201
456 4364
456 4437
528 5076
528 5246
512 4750
512 5161
483 4642
483 4549
521 5171
521 4714
463 4195
463 4345
529 5008
529 5249
543 4963
543 5062
499 4753
499 5092
609 5877
609 5939
498 4707
498 4629
606 5892
606 5804
611 5534
611 5711
528 5471
528 4852
540 4921
540 5007
485 4575
485 4456
554 5039
554 4998
536 5315
536 5208
467 4178
467 4549
528 5578
528 5429
468 4529
468 4280
504 4722
504 4794
521 4789
521 4469
447 3852
447 3972
579 5122
579 5161
494 4551
494 4647
556 5183
556 5401
530 5269
530 5405
503 5077
503 4797
597 5841
597 5976
533 5512
533 5024
586 5391
586 5444
616 5843
616 6185
547 5139
547 5086
409 4157
409 3933
335 3526
335 3041
392 3454
392 3755
372 3248
372 3645
325 2963
325 3076
573 5751
573 5178
527 5189
527 5071
608 6090
608 5780
536 5133
536 5179
527 4991
527 4651
127 1086
127 1229
114 1162
114 1060
120 1001
120 1127
125 1033
125 1248
113 932
113 1072
583 5542
583 5242
480 4718
480 4290
577 5317
577 5310
542 4939
542 5183
491 4798
491 4514
689 6655
689 6643
524 4995
524 5000
673 6642
673 6142
633 5947
633 5711
564 4980
564 5235
527 4727
527 5390
465 4067
465 4592
556 4995
556 5151
571 5438
571 5407
455 4165
455 4449
478 4671
478 4322
425 4097
425 3879
504 4900
504 4722
471 4703
471 4285
464 4455
464 4300
495 4565
495 4440
447 4306
447 4403
539 4974
539 5241
551 5759
551 5291
495 4571
495 4483
296 2672
296 2621
274 2470
274 2649
297 2739
297 2689
315 2921
315 2878
259 2482
259 2246
379 3335
379 3661
314 3077
314 3172
355 3278
355 3499
317 2952
317 2862
318 3136
318 2706
791 7740
791 7728
689 6421
689 6447
715 7051
715 7207
776 7728
776 7326
666 6131
666 6234
552 5146
552 4897
497 4976
497 4621
495 4787
495 4836
568 5088
568 5378
452 4194
452 4371
480 4548
480 5096
463 4721
463 4548
568 5356
568 5763
532 4860
532 4887
472 4394
472 4996
269 2656
269 2320
240 2279
240 2291
248 2389
248 2355
273 2770
273 2539
223 2054
223 2250
333 2924
333 3353
282 2521
282 2551
323 2944
323 3107
339 3370
339 3422
293 2909
293 2531
