123 466
123 437
123 411
178 678
178 705
178 742
129 465
129 475
129 499
140 517
140 549
140 494
154 590
154 544
154 520
183 687
183 697
183 688
155 599
155 550
155 657
149 568
149 587
149 582
160 644
160 611
160 643
147 598
147 600
147 574
231 872
231 933
231 890
492 1892
492 1881
492 1969
374 1361
374 1322
374 1383
463 1747
463 1830
463 1627
457 1723
457 1692
457 1612
376 1552
376 1467
376 1417
92 406
92 347
92 368
129 480
129 509
129 494
115 493
115 473
115 417
132 458
132 517
132 500
110 480
110 424
110 495
344 1329
344 1414
344 1357
262 950
262 984
262 1003
318 1297
318 1209
318 1172
352 1348
352 1291
352 1439
244 931
244 958
244 966
294 1077
294 1119
294 1127
249 1051
249 911
249 1006
265 1077
265 1010
265 990
239 955
239 956
239 943
217 791
217 802
217 860
249 965
249 998
249 925
217 807
217 889
217 860
227 863
227 875
227 926
227 846
227 825
227 827
189 702
189 745
189 700
316 1147
316 1288
316 1222
271 1086
271 965
271 1065
325 1153
325 1260
325 1202
263 1068
263 1002
263 974
263 987
263 1034
263 1029
316 1322
316 1142
316 1146
273 1055
273 1012
273 1073
309 1196
309 1271
309 1288
330 1279
330 1183
330 1258
246 929
246 984
246 992
321 1219
321 1190
321 1160
305 1142
305 1240
305 1080
323 1184
323 1183
323 1340
358 1300
358 1325
358 1399
352 1304
352 1467
352 1236
332 1217
332 1199
332 1345
334 1276
334 1297
334 1474
383 1539
383 1469
383 1570
333 1378
333 1163
333 1261
316 1250
316 1242
316 1280
173 703
173 660
173 673
321 1315
321 1243
321 1326
333 1290
333 1318
333 1442
354 1280
354 1320
354 1536
390 1449
390 1584
390 1529
298 1160
298 1090
298 1122
459 1834
459 1732
459 1717
372 1475
372 1456
372 1400
492 1924
492 1885
492 1856
451 1661
451 1804
451 1619
433 1586
433 1672
433 1685
353 1402
353 1360
353 1344
307 1149
307 1170
307 1094
362 1371
362 1516
362 1465
332 1163
332 1226
332 1235
283 1158
283 1148
283 1096
474 1859
474 1838
474 1795
403 1555
403 1626
403 1669
414 1687
414 1578
414 1589
419 1460
419 1656
419 1609
407 1641
407 1564
407 1594
472 1885
472 1792
472 1834
438 1793
438 1766
438 1570
447 1625
447 1631
447 1723
459 1722
459 1825
459 1711
452 1730
452 1719
452 1805
107 378
107 377
107 436
203 651
203 834
203 848
116 447
116 495
116 415
42 168
42 184
42 147
347 1204
347 1300
347 1319
289 1141
289 1117
289 1078
345 1266
345 1347
345 1315
334 1206
334 1249
334 1256
270 1093
270 1012
270 1030
373 1525
373 1296
373 1369
295 1193
295 1211
295 1093
349 1335
349 1352
349 1424
389 1603
389 1484
389 1495
293 1185
293 1034
293 1141
218 845
218 830
218 837
173 645
173 709
173 584
209 755
209 766
209 805
212 887
212 741
212 746
161 601
161 634
161 661
505 1964
505 1895
505 1874
372 1439
372 1511
372 1392
462 1840
462 1736
462 1837
488 1935
488 1909
488 1899
415 1631
415 1675
415 1530
605 2441
605 2487
605 2327
595 2371
595 2377
595 2329
586 2420
586 2248
586 2265
451 1617
451 1711
451 1785
265 998
265 1082
265 1056
118 480
118 439
118 438
566 2326
566 2112
566 2169
584 2309
584 2102
584 2273
585 2238
585 2259
585 2259
493 1951
493 1878
493 1911
603 2307
603 2226
603 2320
582 2178
582 2203
582 2311
613 2242
613 2311
613 2398
469 1739
469 1730
469 1854
587 2258
587 2423
587 2071
559 2045
559 2187
559 2072
586 2152
586 2131
586 2234
484 1880
484 1992
484 1922
574 2253
574 2108
574 2259
569 2248
569 2225
569 2250
578 2117
578 2248
578 2174
507 1936
507 2117
507 2106
614 2380
614 2385
614 2206
586 2404
586 2277
586 2135
529 2039
529 2007
529 2083
506 2130
506 1941
506 1900
558 2232
558 2005
558 2035
564 2117
564 2301
564 2163
579 2236
579 2244
579 2331
513 2038
513 1928
513 2047
135 530
135 559
135 564
163 639
163 671
163 635
145 486
145 512
145 489
172 709
172 660
172 708
589 2338
589 2169
589 2199
539 1979
539 2090
539 2123
585 2312
585 2240
585 2149
499 1811
499 1905
499 1831
282 1170
282 1113
282 1144
272 1088
272 1064
272 1056
338 1348
338 1247
338 1311
238 927
238 903
238 929
344 1305
344 1276
344 1241
295 1160
295 1098
295 1191
328 1224
328 1345
328 1120
363 1311
363 1359
363 1397
308 1227
308 1158
308 1127
431 1698
431 1674
431 1668
306 1113
306 1120
306 1122
422 1557
422 1667
422 1697
396 1408
396 1641
396 1511
317 1181
317 1167
317 1106
321 1219
321 1286
321 1240
466 1854
466 1778
466 1815
396 1439
396 1672
396 1591
496 1929
496 1933
496 1915
443 1668
443 1678
443 1660
383 1497
383 1536
383 1472
280 1119
280 1033
280 1025
219 828
219 832
219 938
291 1179
291 1074
291 1123
258 1001
258 966
258 1116
226 910
226 904
226 815
490 1829
490 1898
490 1873
393 1495
393 1479
393 1581
472 1776
472 1765
472 1795
431 1605
431 1758
431 1608
417 1674
417 1513
417 1819
293 1131
293 1136
293 1129
213 783
213 756
213 754
263 1059
263 1057
263 968
280 1020
280 1137
280 1105
239 991
239 930
239 908
317 1215
317 1198
317 1198
497 1954
497 1916
497 1930
80 353
80 293
80 287
464 1841
464 1881
464 1838
432 1610
432 1625
432 1673
435 1738
435 1717
435 1728
427 1628
427 1738
427 1636
404 1627
404 1530
404 1656
467 1901
467 1814
467 1876
381 1350
381 1389
381 1546
434 1836
434 1722
434 1771
499 1959
499 1877
499 2082
387 1383
387 1411
387 1690
566 2146
566 2306
566 2262
422 1667
422 1582
422 1645
508 1986
508 1907
508 2005
524 2035
524 2077
524 2133
447 1717
447 1703
447 1744
463 1767
463 1835
463 1803
361 1397
361 1340
361 1453
449 1766
449 1721
449 1731
427 1722
427 1582
427 1620
437 1674
437 1748
437 1669
495 1956
495 1923
495 2026
349 1234
349 1392
349 1258
477 1888
477 1945
477 1844
472 1799
472 1882
472 1769
378 1376
378 1356
378 1331
376 1510
376 1392
376 1492
371 1472
371 1425
371 1310
464 1790
464 1738
464 1795
445 1781
445 1827
445 1670
396 1361
396 1546
396 1460
441 1696
441 1784
441 1695
392 1510
392 1427
392 1622
472 1804
472 1768
472 1859
412 1564
412 1581
412 1672
330 1256
330 1265
330 1336
473 1778
473 1860
473 1738
446 1708
446 1685
446 1673
529 2022
529 2005
529 2038
233 898
233 927
233 907
430 1682
430 1690
430 1595
495 1944
495 1862
495 1981
441 1676
441 1586
441 1788
522 2006
522 2091
522 1980
262 1032
262 995
262 985
387 1461
387 1390
387 1419
516 1924
516 1948
516 1892
448 1778
448 1775
448 1766
466 1844
466 1817
466 1749
288 1027
288 1177
288 1149
412 1566
412 1492
412 1673
489 1891
489 1922
489 1905
419 1587
419 1460
419 1575
472 1835
472 1838
472 1918
249 904
249 965
249 1050
410 1646
410 1545
410 1699
162 611
162 706
162 621
129 532
129 447
129 505
132 535
132 449
132 546
120 448
120 462
120 438
167 659
167 644
167 609
121 486
121 504
121 414
148 579
148 631
148 615
129 515
129 516
129 519
278 1165
278 1144
278 1194
571 2276
571 2283
571 2238
492 1960
492 1872
492 1913
630 2224
630 2592
630 2461
322 1215
322 1231
322 1130
518 2088
518 1960
518 1943
88 342
88 400
88 305
474 1791
474 1805
474 1943
400 1619
400 1566
400 1483
479 1782
479 1873
479 1853
311 1174
311 1305
311 1159
440 1683
440 1640
440 1792
198 736
198 752
198 775
190 812
190 679
190 702
222 988
222 993
222 843
205 853
205 850
205 825
495 2037
495 1884
495 1960
411 1524
411 1596
411 1488
431 1736
431 1743
431 1630
386 1568
386 1449
386 1395
475 1898
475 1851
475 1797
417 1731
417 1756
417 1570
377 1490
377 1328
377 1410
508 2096
508 1936
508 2074
499 1918
499 2090
499 1929
441 1669
441 1687
441 1620
492 1848
492 1943
492 1885
428 1674
428 1741
428 1634
382 1496
382 1519
382 1552
388 1456
388 1555
388 1517
307 1181
307 1146
307 1116
369 1404
369 1469
369 1469
419 1665
419 1617
419 1671
314 1351
314 1214
314 1163
414 1684
414 1583
414 1704
202 690
202 778
202 872
344 1377
344 1285
344 1310
513 1917
513 1910
513 1995
417 1745
417 1673
417 1612
502 1914
502 1989
502 1824
322 1131
322 1284
322 1244
435 1633
435 1611
435 1670
530 2137
530 2068
530 1991
450 1636
450 1829
450 1938
481 1823
481 1899
481 1806
335 1358
335 1230
335 1245
447 1676
447 1695
447 1577
493 1941
493 1933
493 1919
473 1880
473 1775
473 1758
475 1857
475 1870
475 1999
311 1164
311 1194
311 1172
487 1915
487 1953
487 1843
472 1822
472 1889
472 1790
409 1642
409 1667
409 1549
422 1626
422 1627
422 1749
232 909
232 826
232 788
363 1443
363 1234
363 1434
464 1719
464 1748
464 1814
352 1376
352 1320
352 1285
363 1398
363 1345
363 1514
379 1463
379 1427
379 1524
269 1134
269 1029
269 1063
514 2014
514 1967
514 1964
449 1742
449 1691
449 1768
502 1824
502 1837
502 2071
415 1527
415 1711
415 1430
529 2032
529 2048
529 2029
455 1717
455 1719
455 1822
501 2052
501 1919
501 1891
446 1653
446 1818
446 1952
525 2034
525 2036
525 2042
411 1613
411 1566
411 1635
518 2051
518 1960
518 1870
355 1379
355 1505
355 1425
428 1654
428 1773
428 1719
493 2013
493 1917
493 1891
434 1634
434 1667
434 1618
524 1892
524 1973
524 2006
317 1216
317 1164
317 1316
463 2000
463 1774
463 1876
579 2245
579 2355
579 2255
480 1976
480 1962
480 1789
564 2294
564 2167
564 2181
523 2016
523 2108
523 1938
418 1684
418 1474
418 1550
437 1661
437 1719
437 1572
396 1654
396 1514
396 1541
514 1972
514 1948
514 1957
460 1772
460 1765
460 1695
497 1807
497 1876
497 1952
436 1658
436 1757
436 1661
480 1801
480 1887
480 1862
257 1019
257 1018
257 976
438 1684
438 1552
438 1623
532 2058
532 2221
532 1985
360 1278
360 1386
360 1465
548 2222
548 2125
548 2120
251 932
251 985
251 913
389 1371
389 1576
389 1487
68 276
68 276
68 225
553 2127
553 2215
553 2101
421 1577
421 1573
421 1602
535 2094
535 2151
535 2087
292 1141
292 1127
292 1017
412 1562
412 1569
412 1607
532 2056
532 1964
532 2009
427 1633
427 1691
427 1500
507 1885
507 1900
507 1965
293 1173
293 1152
293 1177
463 1813
463 1720
463 1790
175 653
175 663
175 637
168 685
168 631
168 598
196 785
196 762
196 730
178 696
178 698
178 762
162 663
162 621
162 596
520 2023
520 1968
520 1985
462 1816
462 1785
462 1756
521 1912
521 2021
521 2215
286 1105
286 1111
286 1175
444 1669
444 1830
444 1680
434 1697
434 1740
434 1557
400 1545
400 1544
400 1551
470 1790
470 1896
470 1738
462 1621
462 1815
462 1785
412 1572
412 1607
412 1553
485 1976
485 1938
485 1834
438 1787
438 1616
438 1694
487 1976
487 2030
487 1863
424 1631
424 1637
424 1596
420 1609
420 1654
420 1674
368 1318
368 1413
368 1483
415 1713
415 1658
415 1609
203 794
203 790
203 818
344 1321
344 1348
344 1219
663 2581
663 2597
663 2436
536 2165
536 2001
536 1999
610 2456
610 2483
610 2319
450 1971
450 1692
450 1632
558 2193
558 2125
558 2143
82 356
82 355
82 333
149 595
149 552
149 660
104 382
104 391
104 440
115 413
115 400
115 484
106 372
106 395
106 411
438 1622
438 1482
438 1797
308 1099
308 1147
308 1250
381 1586
381 1446
381 1509
264 1017
264 949
264 1012
367 1503
367 1330
367 1478
510 2103
510 2051
510 2011
460 1779
460 1819
460 1723
534 1977
534 2124
534 1990
308 1126
308 1158
308 1194
437 1700
437 1660
437 1801
542 2121
542 1976
542 2107
449 1802
449 1804
449 1743
493 2045
493 1925
493 1923
345 1326
345 1381
345 1325
438 1712
438 1802
438 1714
226 860
226 892
226 981
355 1323
355 1336
355 1324
542 2046
542 2122
542 2210
492 1927
492 1891
492 1898
538 2051
538 2104
538 2099
492 1816
492 1808
492 1891
599 2246
599 2386
599 2288
478 1832
478 1966
478 1786
540 2275
540 2171
540 2111
182 762
182 625
182 751
466 1989
466 1695
466 1842
576 2283
576 2342
576 2212
459 1703
459 1715
459 1691
570 2248
570 2109
570 2186
194 719
194 727
194 711
473 1846
473 1906
473 1829
192 662
192 770
192 689
181 651
181 696
181 667
162 660
162 648
162 680
154 541
154 566
154 554
294 1163
294 1105
294 1165
232 890
232 866
232 952
274 1096
274 1045
274 1002
233 893
233 931
233 897
58 230
58 231
58 240
166 645
166 637
166 684
158 606
158 498
158 633
170 732
170 658
170 744
152 575
152 570
152 525
103 370
103 416
103 386
391 1663
391 1488
391 1564
299 1138
299 1087
299 1085
329 1242
329 1298
329 1207
302 1133
302 1195
302 1182
547 2135
547 2103
547 2047
473 1745
473 1831
473 1767
560 1955
560 2226
560 2090
483 1918
483 1995
483 1929
159 595
159 625
159 616
145 534
145 530
145 585
174 662
174 588
174 650
152 532
152 592
152 548
606 2359
606 2210
606 2379
558 2129
558 2200
558 2031
577 2070
577 2273
577 2260
540 2184
540 1995
540 2186
233 847
233 849
233 880
222 883
222 844
222 825
265 1058
265 1049
265 1033
211 815
211 828
211 800
626 2370
626 2437
626 2420
520 1982
520 2073
520 2017
596 2467
596 2265
596 2307
539 2125
539 2068
539 2048
250 946
250 956
250 1047
206 791
206 872
206 768
235 1043
235 922
235 913
204 809
204 807
204 826
615 2485
615 2463
615 2399
578 2239
578 2240
578 2279
619 2353
619 2366
619 2429
576 2220
576 2144
576 2173
425 1553
425 1717
425 1631
361 1519
361 1460
361 1340
389 1489
389 1478
389 1503
341 1293
341 1290
341 1367
496 2102
496 2027
496 2054
457 1772
457 1776
457 1745
504 1837
504 1853
504 1912
426 1650
426 1516
426 1716
606 2240
606 2320
606 2366
556 2244
556 2153
556 2140
623 2394
623 2510
623 2457
565 2172
565 2261
565 2224
536 1953
536 2018
536 1958
494 1872
494 1880
494 1946
551 2088
551 2108
551 2146
434 1558
434 1757
434 1678
390 1609
390 1623
390 1466
351 1325
351 1387
351 1368
423 1585
423 1678
423 1512
345 1359
345 1348
345 1277
647 2553
647 2538
647 2424
567 2352
567 2042
567 2353
625 2328
625 2335
625 2377
565 2090
565 2147
565 2147
653 2451
653 2486
653 2542
573 2330
573 2306
573 2313
607 2254
607 2258
607 2303
591 2300
591 2272
591 2138
750 2895
750 2915
750 2936
677 2723
677 2581
677 2559
731 2815
731 2834
731 2917
615 2308
615 2520
615 2418
375 1411
375 1488
375 1522
707 2718
707 2666
707 2756
569 2353
569 2455
569 2174
739 2914
739 2839
739 3011
564 2208
564 2149
564 2308
734 2889
734 2828
734 3004
612 2281
612 2421
612 2260
750 2811
750 2841
750 2825
603 2372
603 2559
603 2406
607 2408
607 2308
607 2425
503 1925
503 2084
503 1874
624 2353
624 2261
624 2238
494 1949
494 1955
494 1949
657 2498
657 2496
657 2470
501 1914
501 1878
501 1893
605 2279
605 2408
605 2396
479 1832
479 1957
479 1767
638 2580
638 2402
638 2277
536 1997
536 2072
536 2122
611 2448
611 2374
611 2432
492 1929
492 1833
492 1958
613 2373
613 2465
613 2267
552 2156
552 2127
552 2257
579 2130
579 2299
579 2280
532 2083
532 1948
532 2002
177 745
177 662
177 772
158 586
158 626
158 620
142 589
142 514
142 600
133 511
133 532
133 509
594 2228
594 2437
594 2254
541 2116
541 2239
541 2106
582 2166
582 2256
582 2234
500 2066
500 1935
500 1884
624 2520
624 2433
624 2264
502 2007
502 1910
502 1933
611 2318
611 2264
611 2297
521 1916
521 1997
521 2208
631 2351
631 2267
631 2365
517 1980
517 2035
517 1896
569 2198
569 2473
569 2196
531 2037
531 1971
531 1953
558 2030
558 2068
558 2115
453 1712
453 1725
453 1780
535 2236
535 2274
535 2083
459 1697
459 1867
459 1760
623 2485
623 2152
623 2454
545 2072
545 2213
545 2316
597 2346
597 2353
597 2447
518 2096
518 1975
518 1929
521 2100
521 2068
521 2007
484 1785
484 1844
484 1943
537 2113
537 2123
537 1900
466 1802
466 1777
466 1747
618 2499
618 2411
618 2515
513 1909
513 2034
513 2091
563 2198
563 2182
563 2300
524 1934
524 2031
524 2030
607 2410
607 2598
607 2406
543 2234
543 2153
543 2184
604 2293
604 2415
604 2251
541 2091
541 2035
541 2129
364 1247
364 1365
364 1365
283 1124
283 1034
283 1170
333 1323
333 1387
333 1390
279 1078
279 1118
279 1042
590 2445
590 2259
590 2323
545 2177
545 2155
545 2130
602 2390
602 2198
602 2297
533 2078
533 2087
533 2129
367 1371
367 1440
367 1261
306 1135
306 1224
306 1066
352 1336
352 1464
352 1479
290 1155
290 1221
290 1054
541 2020
541 2110
541 2027
421 1769
421 1594
421 1580
577 2235
577 2236
577 2234
421 1495
421 1506
421 1607
606 2257
606 2484
606 2323
452 1787
452 1661
452 1879
567 2204
567 2129
567 2238
484 1808
484 1883
484 1846
423 1635
423 1580
423 1745
344 1310
344 1295
344 1341
467 1800
467 1786
467 1673
349 1357
349 1385
349 1324
552 2086
552 2155
552 2092
497 1946
497 1900
497 2053
585 2268
585 2421
585 2124
515 2093
515 2041
515 1885
586 2314
586 2237
586 2216
505 2081
505 1918
505 1813
542 1927
542 2142
542 2267
509 1982
509 1919
509 1907
517 1927
517 2027
517 1960
528 1988
528 2060
528 2022
595 2280
595 2290
595 2293
519 1927
519 2032
519 2094
652 2573
652 2552
652 2584
567 2252
567 2198
567 2059
657 2630
657 2563
657 2507
613 2349
613 2345
613 2319
40 146
40 136
40 155
187 698
187 742
187 685
162 597
162 623
162 656
199 775
199 774
199 721
181 766
181 667
181 663
565 2177
565 2198
565 2146
515 1973
515 1956
515 1975
547 2136
547 2234
547 2341
513 2051
513 2118
513 2065
630 2333
630 2436
630 2537
493 1900
493 1874
493 1935
552 2099
552 2142
552 2049
546 2030
546 2136
546 2093
626 2313
626 2474
626 2458
511 2018
511 1952
511 1898
578 2198
578 2203
578 2221
527 2051
527 1965
527 1926
537 2111
537 1993
537 2154
451 1826
451 1762
451 1722
453 1822
453 1866
453 1839
423 1540
423 1655
423 1634
401 1588
401 1646
401 1619
329 1339
329 1139
329 1284
394 1473
394 1524
394 1582
349 1353
349 1341
349 1335
592 2291
592 2260
592 2293
551 2119
551 2206
551 2111
632 2438
632 2445
632 2413
494 1876
494 2009
494 1937
628 2392
628 2357
628 2531
509 2083
509 2055
509 2026
634 2540
634 2396
634 2416
554 2117
554 2054
554 1978
271 1002
271 1092
271 984
578 2234
578 2383
578 2149
493 1920
493 1977
493 1818
604 2290
604 2443
604 2390
518 1935
518 2037
518 1939
603 2235
603 2454
603 2229
462 1677
462 1894
462 1803
606 2439
606 2394
606 2297
520 1876
520 2010
520 2106
553 2225
553 2211
553 2121
493 1813
493 1940
493 2015
623 2460
623 2481
623 2327
523 2049
523 2038
523 1970
600 2395
600 2330
600 2473
503 1959
503 1933
503 2063
577 2205
577 2311
577 2112
494 2024
494 1885
494 1949
454 1737
454 1825
454 1621
425 1782
425 1659
425 1570
456 1698
456 1746
456 1756
386 1457
386 1533
386 1547
454 1714
454 1678
454 1666
638 2536
638 2578
638 2569
527 2069
527 2041
527 1978
531 2139
531 2000
531 1921
487 1849
487 1872
487 1875
533 2040
533 2082
533 2018
539 1927
539 2066
539 2091
579 2212
579 2257
579 2395
510 2129
510 1940
510 1993
591 2240
591 2498
591 2285
505 1910
505 1994
505 2013
533 1911
533 2190
533 2177
534 2030
534 2184
534 2140
605 2427
605 2462
605 2322
487 1841
487 1835
487 1778
611 2456
611 2422
611 2394
464 1841
464 1750
464 1645
595 2312
595 2276
595 2209
482 1799
482 2012
482 1839
573 2219
573 2182
573 2379
482 1796
482 1908
482 1854
440 1785
440 1746
440 1686
484 1723
484 1860
484 1834
413 1594
413 1632
413 1457
488 1907
488 1903
488 1955
360 1356
360 1310
360 1425
622 2339
622 2338
622 2423
521 2172
521 1952
521 1873
554 1920
554 2119
554 2136
497 1944
497 1875
497 2077
609 2295
609 2336
609 2315
507 1989
507 1999
507 1942
609 2311
609 2304
609 2314
509 1992
509 1940
509 1900
528 2037
528 1890
528 1957
431 1707
431 1677
431 1704
518 1940
518 2117
518 1994
450 1772
450 1644
450 1826
705 2820
705 2660
705 2809
546 2061
546 2109
546 2217
667 2477
667 2547
667 2649
589 2399
589 2192
589 2559
855 3154
855 3004
855 3246
755 2928
755 3042
755 2886
800 3101
800 3127
800 3053
694 2589
694 2759
694 2748
258 926
258 962
258 1006
235 931
235 939
235 945
198 721
198 760
198 811
241 890
241 906
241 919
182 707
182 740
182 655
611 2341
611 2378
611 2371
480 1807
480 1780
480 1889
615 2311
615 2390
615 2504
508 1961
508 2010
508 1921
615 2457
615 2261
615 2394
499 1894
499 1980
499 1951
614 2329
614 2555
614 2376
520 2001
520 1927
520 2107
628 2385
628 2398
628 2252
486 1920
486 1932
486 1896
535 2051
535 2027
535 1922
482 1855
482 1846
482 1893
478 1917
478 1873
478 1858
354 1417
354 1424
354 1429
459 1768
459 1712
459 1697
471 1887
471 1837
471 1754
398 1598
398 1444
398 1536
406 1605
406 1546
406 1522
419 1641
419 1627
419 1681
426 1568
426 1508
426 1592
479 1861
479 1819
479 1699
410 1535
410 1550
410 1551
451 1618
451 1759
451 1675
409 1573
409 1553
409 1534
476 1822
476 1898
476 1756
422 1605
422 1582
422 1595
365 1479
365 1418
365 1438
470 1818
470 1900
470 1865
391 1495
391 1554
391 1601
442 1773
442 1748
442 1739
444 1653
444 1659
444 1757
365 1558
365 1380
365 1415
448 1736
448 1675
448 1805
414 1537
414 1597
414 1636
373 1375
373 1347
373 1559
479 1964
479 1794
479 1961
441 1570
441 1737
441 1737
459 1777
459 1753
459 1776
415 1599
415 1595
415 1573
472 1974
472 1882
472 1732
428 1609
428 1633
428 1757
379 1524
379 1461
379 1420
376 1389
376 1407
376 1416
368 1464
368 1308
368 1454
387 1472
387 1556
387 1508
398 1609
398 1664
398 1569
402 1634
402 1506
402 1478
164 702
164 728
164 658
236 950
236 862
236 954
134 535
134 479
134 463
145 561
145 625
145 528
143 606
143 496
143 580
205 931
205 717
205 881
198 707
198 792
198 841
205 755
205 761
205 838
190 654
190 729
190 753
170 639
170 638
170 772
496 1840
496 1871
496 1763
423 1528
423 1801
423 1607
430 1712
430 1646
430 1703
439 1719
439 1630
439 1723
380 1505
380 1393
380 1516
417 1652
417 1645
417 1637
398 1584
398 1473
398 1533
464 1865
464 1669
464 1717
483 1874
483 1869
483 1744
407 1522
407 1459
407 1557
445 1805
445 1754
445 1798
385 1462
385 1565
385 1448
462 1832
462 1672
462 1764
446 1737
446 1688
446 1682
376 1497
376 1451
376 1609
447 1637
447 1611
447 1610
382 1572
382 1500
382 1471
449 1766
449 1753
449 1758
440 1642
440 1727
440 1579
424 1593
424 1700
424 1661
497 1939
497 1867
497 1919
376 1356
376 1549
376 1426
445 1683
445 1707
445 1641
469 1742
469 1803
469 1806
354 1418
354 1362
354 1387
460 1776
460 1842
460 1752
430 1650
430 1653
430 1650
442 1720
442 1670
442 1656
506 1906
506 1977
506 1995
337 1429
337 1237
337 1255
354 1292
354 1291
354 1362
284 1120
284 1241
284 1044
332 1235
332 1267
332 1425
339 1279
339 1373
339 1213
283 1011
283 1160
283 1118
451 1664
451 1777
451 1761
399 1495
399 1487
399 1553
445 1755
445 1672
445 1775
454 1722
454 1796
454 1757
391 1423
391 1502
391 1429
451 1660
451 1632
451 1716
425 1611
425 1608
425 1619
473 1891
473 1827
473 1868
408 1653
408 1552
408 1710
372 1479
372 1419
372 1414
424 1640
424 1785
424 1637
399 1623
399 1580
399 1485
475 1764
475 1718
475 1846
469 1787
469 1792
469 1690
385 1498
385 1431
385 1382
128 488
128 513
128 476
520 2030
520 2045
520 2007
457 1710
457 1776
457 1823
361 1368
361 1386
361 1427
458 1876
458 1812
458 2021
466 1932
466 1902
466 1911
412 1580
412 1592
412 1665
171 642
171 664
171 669
427 1687
427 1640
427 1684
361 1401
361 1418
361 1365
394 1570
394 1467
394 1640
423 1676
423 1609
423 1526
362 1489
362 1395
362 1361
426 1664
426 1602
426 1607
376 1449
376 1360
376 1491
407 1528
407 1628
407 1463
409 1537
409 1591
409 1419
345 1290
345 1374
345 1159
420 1650
420 1676
420 1584
376 1465
376 1512
376 1486
428 1544
428 1692
428 1655
410 1552
410 1626
410 1746
371 1561
371 1462
371 1485
474 1765
474 1828
474 1866
430 1617
430 1615
430 1638
497 1895
497 1964
497 1924
511 2177
511 1956
511 1996
435 1711
435 1738
435 1841
497 2060
497 1860
497 1910
447 1724
447 1643
447 1738
463 1875
463 1694
463 1804
513 1939
513 1897
513 1883
412 1674
412 1594
412 1585
506 1886
506 1933
506 2006
430 1675
430 1559
430 1622
502 1928
502 1934
502 1993
439 1735
439 1694
439 1688
438 1594
438 1604
438 1653
240 895
240 966
240 852
189 628
189 656
189 811
231 939
231 929
231 854
210 789
210 777
210 921
175 667
175 695
175 689
512 1943
512 2060
512 1988
436 1678
436 1780
436 1681
483 1945
483 1760
483 1903
498 1989
498 1970
498 1853
447 1686
447 1666
447 1653
516 2052
516 2049
516 2082
428 1656
428 1526
428 1672
486 2000
486 1899
486 1859
484 2046
484 1979
484 1941
476 1955
476 1779
476 1863
472 1795
472 1809
472 1754
438 1686
438 1704
438 1736
461 1700
461 1796
461 1805
522 2061
522 1974
522 2032
466 1758
466 1876
466 1887
457 1843
457 1812
457 1689
377 1477
377 1462
377 1514
488 1898
488 1722
488 1825
485 1702
485 1905
485 1808
381 1401
381 1459
381 1476
481 1991
481 1700
481 1932
408 1596
408 1615
408 1537
470 1829
470 1836
470 1803
459 1752
459 1765
459 1831
408 1569
408 1596
408 1583
523 1995
523 1955
523 2072
408 1608
408 1582
408 1683
545 2054
545 2244
545 2237
499 1884
499 1996
499 1872
437 1766
437 1600
437 1755
251 1046
251 976
251 1001
215 852
215 726
215 764
253 988
253 1022
253 972
260 1024
260 1073
260 1075
208 726
208 751
208 848
410 1555
410 1612
410 1735
330 1245
330 1294
330 1335
364 1356
364 1381
364 1368
398 1581
398 1496
398 1484
345 1360
345 1331
345 1238
380 1436
380 1564
380 1404
364 1416
364 1367
364 1436
406 1491
406 1522
406 1560
379 1362
379 1353
379 1490
316 1314
316 1296
316 1288
384 1581
384 1392
384 1363
334 1341
334 1269
334 1354
395 1381
395 1567
395 1485
405 1637
405 1673
405 1528
351 1254
351 1380
351 1392
405 1627
405 1673
405 1513
338 1320
338 1270
338 1239
387 1513
387 1500
387 1420
419 1591
419 1695
419 1621
365 1360
365 1442
365 1573
398 1627
398 1523
398 1485
341 1430
341 1355
341 1237
436 1713
436 1663
436 1753
383 1584
383 1535
383 1282
369 1381
369 1445
369 1404
424 1686
424 1584
424 1676
349 1378
349 1337
349 1365
420 1682
420 1598
420 1530
399 1577
399 1519
399 1451
333 1316
333 1352
333 1210
290 1132
290 1116
290 1049
329 1329
329 1262
329 1207
265 1017
265 1119
265 1063
360 1356
360 1478
360 1381
354 1316
354 1268
354 1459
287 1086
287 1161
287 1066
383 1370
383 1575
383 1521
336 1303
336 1274
336 1232
382 1323
382 1383
382 1348
441 1760
441 1703
441 1699
370 1480
370 1401
370 1418
427 1596
427 1763
427 1579
334 1304
334 1274
334 1222
414 1554
414 1623
414 1526
398 1581
398 1479
398 1595
349 1190
349 1287
349 1259
395 1346
395 1586
395 1570
338 1275
338 1287
338 1306
419 1640
419 1635
419 1652
423 1604
423 1721
423 1629
335 1300
335 1326
335 1190
433 1721
433 1479
433 1716
338 1317
338 1381
338 1281
428 1628
428 1463
428 1708
372 1313
372 1521
372 1324
355 1372
355 1419
355 1455
400 1447
400 1568
400 1540
337 1410
337 1390
337 1349
400 1509
400 1511
400 1620
413 1624
413 1655
413 1583
376 1532
376 1504
376 1581
447 1815
447 1674
447 1571
347 1264
347 1334
347 1299
414 1542
414 1522
414 1685
384 1486
384 1476
384 1548
358 1298
358 1364
358 1462
397 1640
397 1466
397 1554
374 1388
374 1377
374 1560
428 1636
428 1733
428 1628
415 1644
415 1537
415 1551
341 1247
341 1395
341 1322
343 1392
343 1492
343 1359
326 1291
326 1215
326 1282
462 1688
462 1780
462 1700
404 1500
404 1501
404 1521
475 1744
475 1866
475 1774
486 1842
486 1887
486 1972
411 1569
411 1596
411 1559
473 1779
473 1937
473 1824
348 1305
348 1336
348 1289
493 1918
493 1966
493 1817
469 1820
469 1818
469 1834
415 1460
415 1617
415 1551
464 1735
464 1850
464 1768
394 1522
394 1422
394 1482
449 1740
449 1674
449 1831
468 1705
468 1872
468 1756
424 1670
424 1573
424 1469
464 1828
464 1742
464 1874
421 1731
421 1714
421 1613
455 1687
455 1773
455 1701
488 1876
488 1916
488 1766
368 1390
368 1410
368 1436
144 562
144 564
144 533
142 545
142 420
142 597
177 652
177 679
177 742
171 636
171 636
171 728
145 570
145 486
145 603
465 1757
465 1785
465 1992
379 1575
379 1585
379 1385
459 1837
459 1632
459 1745
458 1644
458 1806
458 1679
388 1502
388 1585
388 1393
421 1605
421 1668
421 1632
129 468
129 533
129 518
455 1818
455 1707
455 1673
422 1767
422 1618
422 1641
480 1987
480 1934
480 1810
467 1700
467 1781
467 1838
389 1426
389 1410
389 1475
430 1615
430 1715
430 1726
388 1514
388 1669
388 1475
497 1942
497 1867
497 1925
457 1818
457 1691
457 1764
420 1581
420 1614
420 1640
327 1265
327 1245
327 1258
269 1078
269 1061
269 998
337 1474
337 1250
337 1250
330 1187
330 1244
330 1217
275 1019
275 1088
275 1014
483 1931
483 1900
483 1871
378 1527
378 1469
378 1380
471 1759
471 1826
471 1731
498 1982
498 1936
498 1977
396 1558
396 1618
396 1450
455 1766
455 1732
455 1761
408 1594
408 1594
408 1670
465 1728
465 1704
465 1838
475 1747
475 1726
475 1910
394 1567
394 1528
394 1539
215 870
215 857
215 830
174 651
174 671
174 756
197 763
197 751
197 779
203 733
203 791
203 742
163 611
163 639
163 751
301 1193
301 1146
301 1067
500 1867
500 2033
500 1965
387 1479
387 1510
387 1520
521 1958
521 2036
521 2094
462 1866
462 1966
462 1863
426 1539
426 1572
426 1606
376 1560
376 1507
376 1401
355 1396
355 1338
355 1356
355 1394
355 1469
355 1369
381 1479
381 1448
381 1436
303 1143
303 1077
303 1186
215 796
215 843
215 883
163 697
163 670
163 602
225 865
225 875
225 892
225 899
225 889
225 902
191 768
191 764
191 784
321 1206
321 1156
321 1209
277 1027
277 1084
277 1055
291 1126
291 1098
291 1036
311 1245
311 1168
311 1148
267 950
267 1129
267 988
470 1764
470 1877
470 1827
394 1588
394 1491
394 1466
456 1704
456 1824
456 1772
470 1787
470 1794
470 1852
394 1550
394 1596
394 1591
464 1865
464 1822
464 1874
353 1472
353 1300
353 1404
450 1756
450 1611
450 1715
445 1721
445 1664
445 1694
408 1585
408 1463
408 1598
467 1728
467 1733
467 1898
379 1489
379 1467
379 1530
443 1721
443 1786
443 1608
452 1838
452 1804
452 1758
382 1490
382 1333
382 1558
441 1745
441 1704
441 1728
383 1528
383 1384
383 1525
455 1743
455 1813
455 1705
473 1866
473 1861
473 1740
378 1479
378 1307
378 1459
415 1534
415 1661
415 1600
365 1389
365 1401
365 1399
471 1787
471 1772
471 1830
443 1694
443 1828
443 1644
447 1784
447 1589
447 1857
421 1587
421 1571
421 1558
595 2149
595 2241
595 2387
508 1917
508 1884
508 1900
412 1680
412 1594
412 1558
462 1788
462 1805
462 1738
467 1787
467 1712
467 1838
366 1340
366 1365
366 1520
434 1732
434 1621
434 1659
359 1409
359 1358
359 1454
482 1770
482 1998
482 1907
483 2009
483 1933
483 1945
388 1594
388 1435
388 1513
462 1849
462 1730
462 1722
406 1621
406 1583
406 1629
480 1885
480 1864
480 1921
475 1644
475 1887
475 1796
377 1465
377 1545
377 1447
469 1863
469 1822
469 1728
428 1741
428 1754
428 1718
471 1856
471 1861
471 1854
450 1758
450 1798
450 1744
405 1528
405 1594
405 1600
463 1821
463 1804
463 1576
396 1615
396 1583
396 1537
510 1903
510 1936
510 2029
484 1854
484 1934
484 1823
409 1519
409 1607
409 1648
493 1915
493 1867
493 1972
404 1530
404 1503
404 1420
482 1834
482 1812
482 1877
478 1890
478 1917
478 1891
459 1730
459 1752
459 1717
166 680
166 616
166 638
501 2037
501 1903
501 1923
432 1640
432 1730
432 1615
497 1822
497 2000
497 1915
490 1850
490 1966
490 1912
445 1622
445 1786
445 1764
500 1962
500 1895
500 1890
415 1548
415 1508
415 1505
522 1992
522 2126
522 1888
494 1837
494 1916
494 1922
449 1743
449 1689
449 1688
572 2151
572 2203
572 2210
452 1907
452 1768
452 1673
487 1899
487 1851
487 1994
495 1850
495 1933
495 1765
448 1863
448 1750
448 1715
448 1689
448 1768
448 1611
345 1324
345 1393
345 1452
440 1661
440 1636
440 1713
403 1629
403 1670
403 1510
375 1481
375 1416
375 1303
476 1730
476 1876
476 1875
354 1413
354 1346
354 1366
475 1909
475 1773
475 1900
422 1647
422 1594
422 1606
382 1632
382 1553
382 1444
336 1299
336 1296
336 1384
295 1121
295 1138
295 1094
366 1489
366 1359
366 1520
369 1335
369 1499
369 1467
282 1165
282 1208
282 1149
479 1929
479 1937
479 1852
428 1641
428 1607
428 1648
474 1814
474 1897
474 1869
513 1950
513 2034
513 1956
385 1533
385 1504
385 1428
466 1797
466 1866
466 1773
436 1806
436 1567
436 1720
460 1790
460 1793
460 1732
526 2103
526 2189
526 2108
434 1676
434 1793
434 1649
486 1893
486 1824
486 1925
434 1849
434 1644
434 1748
486 1821
486 1894
486 1818
506 2006
506 2013
506 1933
398 1523
398 1537
398 1592
499 2011
499 2026
499 1804
429 1817
429 1723
429 1597
471 1894
471 1788
471 1852
467 1996
467 1805
467 1847
437 1737
437 1801
437 1666
473 1847
473 1980
473 1970
467 1889
467 1776
467 1802
448 1724
448 1726
448 1608
519 2008
519 1990
519 2080
504 1872
504 1790
504 1931
421 1705
421 1636
421 1729
478 1854
478 1889
478 1876
440 1813
440 1849
440 1656
524 1962
524 2150
524 1920
483 1906
483 1843
483 1834
448 1732
448 1590
448 1692
515 2015
515 1972
515 2028
469 1739
469 1926
469 1958
523 1972
523 2143
523 1991
486 1820
486 1733
486 1809
407 1584
407 1563
407 1600
522 2155
522 2079
522 2032
445 1685
445 1725
445 1658
525 2117
525 2083
525 2032
506 1925
506 1950
506 1938
451 1649
451 1766
451 1782
575 2481
575 2332
575 2376
459 1807
459 1736
459 1656
546 2109
546 2093
546 2102
505 1855
505 1976
505 1936
463 1769
463 1802
463 1881
285 1151
285 1115
285 1069
270 1076
270 978
270 961
277 1116
277 1030
277 1126
277 1039
277 1089
277 1098
236 954
236 940
236 906
588 2251
588 2409
588 2259
529 2091
529 2043
529 2160
558 2184
558 2021
558 2181
613 2346
613 2472
613 2437
484 1889
484 1803
484 1929
618 2360
618 2293
618 2462
545 2141
545 2124
545 2142
603 2319
603 2314
603 2366
591 2349
591 2181
591 2211
499 1922
499 1792
499 1928
626 2388
626 2441
626 2419
524 1981
524 2075
524 1879
640 2464
640 2501
640 2437
604 2219
604 2329
604 2328
554 2201
554 2154
554 2227
630 2432
630 2478
630 2501
562 2054
562 2099
562 2154
651 2520
651 2603
651 2705
640 2510
640 2490
640 2555
553 2171
553 2142
553 2161
666 2678
666 2478
666 2768
616 2242
616 2333
616 2341
630 2343
630 2475
630 2361
669 2554
669 2506
669 2636
588 2363
588 2175
588 2208
685 2567
685 2650
685 2528
603 2304
603 2384
603 2264
681 2593
681 2600
681 2660
685 2700
685 2738
685 2762
650 2449
650 2549
650 2543
197 835
197 808
197 748
161 652
161 595
161 594
195 597
195 718
195 672
189 738
189 715
189 702
152 569
152 598
152 557
491 1984
491 1922
491 1904
420 1629
420 1531
420 1733
467 1764
467 1711
467 1869
482 1940
482 1696
482 1868
383 1445
383 1439
383 1556
499 1947
499 1959
499 1956
386 1633
386 1652
386 1496
517 1958
517 1976
517 2056
484 1815
484 1983
484 1968
382 1411
382 1384
382 1435
445 1764
445 1795
445 1773
424 1646
424 1717
424 1596
476 1855
476 1771
476 1686
514 1902
514 2053
514 2028
402 1455
402 1666
402 1626
369 1466
369 1363
369 1451
304 1121
304 1239
304 1262
350 1339
350 1335
350 1351
350 1385
350 1291
350 1416
311 1212
311 1221
311 1150
377 1487
377 1431
377 1381
325 1299
325 1290
325 1283
368 1419
368 1570
368 1404
375 1380
375 1354
375 1354
312 1186
312 1296
312 1216
497 1968
497 1934
497 1879
427 1555
427 1676
427 1745
479 1743
479 1911
479 1866
491 1848
491 1884
491 1793
416 1636
416 1489
416 1619
467 1821
467 1810
467 1817
389 1444
389 1411
389 1429
504 2005
504 1879
504 1953
494 1980
494 1825
494 2024
440 1739
440 1669
440 1670
492 1921
492 1949
492 1958
411 1640
411 1553
411 1646
482 1944
482 1861
482 1734
473 1808
473 1943
473 1784
455 1673
455 1693
455 1779
483 1904
483 1744
483 1918
453 1730
453 1721
453 1731
492 2072
492 1910
492 1972
503 1994
503 2085
503 1825
399 1501
399 1639
399 1669
519 2078
519 2186
519 1987
457 1896
457 1796
457 1740
603 2360
603 2396
603 2399
530 1974
530 2119
530 2008
474 1832
474 1815
474 1773
509 1903
509 2036
509 2018
412 1585
412 1541
412 1581
483 1770
483 1929
483 1938
535 2097
535 2110
535 2145
375 1445
375 1454
375 1483
498 1838
498 1720
498 1919
412 1637
412 1673
412 1653
492 1786
492 1973
492 1991
489 2050
489 1758
489 1909
417 1610
417 1608
417 1610
502 1851
502 1908
502 1902
427 1760
427 1628
427 1673
478 1900
478 1832
478 1961
494 1919
494 1852
494 1881
432 1741
432 1615
432 1677
248 996
248 915
248 943
191 694
191 781
191 721
235 869
235 903
235 1021
255 1040
255 1061
255 927
217 780
217 878
217 904
490 1887
490 1972
490 1832
429 1659
429 1625
429 1739
478 1882
478 1949
478 1960
494 1856
494 1774
494 2072
447 1691
447 1791
447 1764
548 2049
548 2037
548 2037
410 1643
410 1610
410 1614
491 1898
491 1872
491 1920
469 1832
469 1828
469 1827
393 1487
393 1525
393 1534
225 861
225 960
225 810
217 860
217 847
217 825
221 910
221 839
221 883
242 979
242 974
242 933
200 845
200 843
200 755
524 2053
524 1964
524 2079
469 1812
469 1817
469 1807
540 1970
540 2182
540 2150
494 1931
494 1947
494 1808
470 1763
470 1831
470 1818
585 2337
585 2210
585 2200
448 1713
448 1659
448 1748
515 1971
515 2110
515 2067
521 2122
521 1956
521 1971
450 1726
450 1700
450 1735
528 2153
528 2073
528 2062
478 1761
478 1848
478 1928
504 2071
504 1958
504 1864
526 2092
526 2044
526 2100
492 1878
492 1931
492 1913
517 1966
517 2021
517 1819
478 1931
478 1848
478 1835
522 2121
522 2008
522 2053
541 2037
541 2040
541 2142
460 1882
460 1826
460 1778
527 1995
527 1972
527 2068
427 1791
427 1695
427 1664
499 1995
499 1899
499 2008
547 2107
547 2155
547 2199
467 1877
467 1861
467 1770
514 1931
514 1917
514 1945
481 1946
481 1983
481 1994
517 2034
517 1816
517 2097
508 2021
508 1935
508 1945
473 1932
473 1861
473 1727
578 2275
578 2159
578 2267
420 1534
420 1670
420 1442
536 1943
536 2024
536 2025
516 2018
516 1971
516 1913
455 1773
455 1784
455 1765
80 324
80 272
80 291
526 2107
526 2113
526 1972
451 1832
451 1746
451 1805
560 2235
560 2122
560 2165
535 2165
535 2175
535 2069
470 1837
470 1815
470 1836
261 1019
261 930
261 1029
232 915
232 805
232 886
247 1029
247 966
247 888
255 1051
255 957
255 1011
225 846
225 840
225 810
419 1548
419 1577
419 1693
333 1318
333 1307
333 1246
435 1800
435 1608
435 1736
468 1814
468 1726
468 1842
304 1135
304 1184
304 1232
455 1768
455 1702
455 1737
352 1436
352 1393
352 1345
441 1744
441 1701
441 1736
415 1593
415 1638
415 1604
367 1418
367 1335
367 1368
418 1642
418 1576
418 1522
355 1463
355 1420
355 1376
446 1690
446 1840
446 1743
471 1812
471 1865
471 1891
363 1372
363 1365
363 1454
341 1202
341 1322
341 1355
289 1067
289 1191
289 1176
375 1405
375 1473
375 1438
333 1218
333 1376
333 1259
292 1106
292 1089
292 1188
467 1736
467 1916
467 1786
355 1381
355 1349
355 1315
451 1731
451 1729
451 1790
442 1759
442 1579
442 1650
401 1472
401 1616
401 1478
477 1766
477 1847
477 1757
365 1493
365 1463
365 1407
451 1655
451 1784
451 1817
465 1844
465 1923
465 1879
412 1541
412 1654
412 1592
470 1765
470 1864
470 1802
429 1611
429 1678
429 1644
454 1856
454 1661
454 1797
466 1912
466 1769
466 1834
408 1652
408 1573
408 1526
473 1920
473 1818
473 1791
420 1611
420 1691
420 1595
476 1837
476 1870
476 1776
482 1781
482 1846
482 1829
390 1423
390 1485
390 1441
494 2003
494 1906
494 1897
422 1712
422 1595
422 1645
488 1849
488 1942
488 1809
467 1787
467 1794
467 1849
436 1673
436 1805
436 1556
485 1864
485 1954
485 1863
426 1659
426 1616
426 1589
509 2066
509 1924
509 2095
463 1857
463 1888
463 1666
411 1634
411 1557
411 1573
217 864
217 841
217 861
204 683
204 782
204 752
237 865
237 841
237 824
281 1081
281 1103
281 1139
198 775
198 763
198 837
491 1839
491 1899
491 1911
406 1590
406 1514
406 1627
504 1891
504 1957
504 1753
490 1888
490 1854
490 2014
418 1575
418 1633
418 1499
490 1812
490 1973
490 1843
425 1677
425 1582
425 1573
519 2104
519 1965
519 1941
456 1884
456 1756
456 1715
414 1712
414 1535
414 1375
471 1888
471 1801
471 1785
388 1508
388 1472
388 1510
506 1866
506 2068
506 2096
502 1966
502 1921
502 1942
436 1770
436 1680
436 1673
142 600
142 567
142 584
503 1835
503 1829
503 1873
456 1808
456 1796
456 1873
486 1867
486 1876
486 1879
495 1895
495 1872
495 1984
407 1562
407 1562
407 1605
476 1953
476 1796
476 1799
431 1668
431 1679
431 1756
496 1888
496 1833
496 1758
504 2085
504 2035
504 1845
470 1788
470 1699
470 1860
500 1949
500 2009
500 1963
457 1869
457 1878
457 1718
490 1851
490 1945
490 1915
481 1781
481 1867
481 1893
437 1712
437 1636
437 1575
332 1307
332 1436
332 1332
509 2145
509 2008
509 2000
428 1678
428 1667
428 1611
499 1968
499 1894
499 1841
530 1927
530 2124
530 2108
404 1520
404 1550
404 1634
488 2043
488 1928
488 1902
420 1632
420 1707
420 1587
479 1858
479 1854
479 1844
532 1989
532 2076
532 2058
457 1818
457 1689
457 1671
155 646
155 556
155 632
171 701
171 635
171 722
185 673
185 692
185 770
205 863
205 764
205 775
170 687
170 674
170 637
435 1739
435 1716
435 1676
419 1591
419 1616
419 1675
452 1692
452 1665
452 1739
490 1884
490 1809
490 1973
432 1710
432 1566
432 1563
656 2383
656 2444
656 2536
569 2137
569 2099
569 2151
613 2322
613 2311
613 2402
682 2634
682 2636
682 2648
572 2335
572 2296
572 2207
668 2492
668 2599
668 2539
576 2183
576 2036
576 2244
685 2627
685 2636
685 2688
690 2702
690 2828
690 2848
588 2409
588 2170
588 2357
507 1829
507 1910
507 1957
449 1773
449 1722
449 1726
496 1895
496 1809
496 1784
507 1913
507 1905
507 1790
444 1500
444 1755
444 1732
334 1358
334 1267
334 1252
333 1259
333 1321
333 1224
386 1502
386 1506
386 1581
368 1403
368 1521
368 1408
340 1354
340 1279
340 1433
663 2556
663 2701
663 2537
611 2310
611 2315
611 2343
644 2539
644 2462
644 2317
712 2814
712 2698
712 2818
550 2132
550 2123
550 2114
669 2555
669 2605
669 2587
583 2164
583 2251
583 2297
688 2637
688 2665
688 2748
633 2490
633 2448
633 2307
623 2593
623 2455
623 2475
358 1295
358 1513
358 1433
653 2472
653 2555
653 2474
569 2230
569 2171
569 2255
700 2706
700 2668
700 2707
686 2539
686 2720
686 2598
606 2249
606 2328
606 2470
608 2244
608 2289
608 2238
529 2122
529 2117
529 2008
630 2319
630 2541
630 2356
622 2442
622 2457
622 2469
559 2205
559 2119
559 2205
344 1386
344 1162
344 1302
291 1012
291 1081
291 1160
306 1165
306 1148
306 1071
325 1278
325 1306
325 1180
309 1214
309 1213
309 1223
668 2534
668 2413
668 2509
578 2228
578 2160
578 2234
691 2582
691 2754
691 2691
679 2605
679 2759
679 2787
585 2198
585 2096
585 2242
646 2278
646 2611
646 2454
606 2286
606 2416
606 2298
670 2719
670 2533
670 2752
683 2641
683 2560
683 2703
577 2186
577 2163
577 2145
292 1176
292 1056
292 1114
251 934
251 1033
251 980
308 1116
308 1247
308 1143
308 1132
308 1261
308 1249
256 984
256 897
256 1001
429 1625
429 1556
429 1813
412 1627
412 1516
412 1527
455 1785
455 1751
455 1665
468 1747
468 1826
468 1678
407 1581
407 1544
407 1619
464 1873
464 1845
464 1891
401 1592
401 1633
401 1483
465 1811
465 1882
465 1734
508 1847
508 1968
508 1933
413 1539
413 1634
413 1562
135 531
135 462
135 491
489 1897
489 1773
489 1959
431 1687
431 1636
431 1665
511 2082
511 1839
511 1939
540 2152
540 2082
540 1984
429 1539
429 1648
429 1615
404 1593
404 1553
404 1555
359 1394
359 1445
359 1356
406 1576
406 1446
406 1527
420 1627
420 1645
420 1525
353 1355
353 1479
353 1304
486 1882
486 1832
486 1785
465 1815
465 1849
465 1865
500 1916
500 1993
500 1979
484 1971
484 2041
484 1865
458 1746
458 1928
458 1771
414 1615
414 1582
414 1598
356 1353
356 1397
356 1410
399 1464
399 1518
399 1586
446 1647
446 1734
446 1761
319 1248
319 1341
319 1223
100 314
100 293
100 341
526 2028
526 2046
526 1950
446 1865
446 1698
446 1699
492 1991
492 1976
492 2022
509 1926
509 1991
509 2018
437 1730
437 1714
437 1772
499 1946
499 1953
499 1810
445 1777
445 1830
445 1624
489 1964
489 1841
489 1801
477 1783
477 1777
477 1709
444 1652
444 1820
444 1711
506 1936
506 1987
506 1995
426 1600
426 1641
426 1644
486 1907
486 1901
486 1988
498 1892
498 1944
498 1931
453 1686
453 1822
453 1682
283 1035
283 1103
283 1075
259 973
259 1094
259 979
318 1165
318 1328
318 1254
309 1226
309 1212
309 1176
288 1096
288 1178
288 985
702 2633
702 2736
702 2551
585 2320
585 2258
585 2258
705 2789
705 2801
705 2853
686 2540
686 2511
686 2775
589 2310
589 2299
589 2310
681 2601
681 2564
681 2645
608 2411
608 2279
608 2325
705 2773
705 2806
705 2670
691 2587
691 2771
691 2677
597 2308
597 2303
597 2428
569 2311
569 2197
569 2127
510 2021
510 1931
510 1992
583 2298
583 2285
583 2131
555 2140
555 2087
555 2119
498 1896
498 1995
498 1855
701 2728
701 2704
701 2714
634 2592
634 2392
634 2543
753 2900
753 2837
753 2918
713 2711
713 2860
713 2809
699 2838
699 2656
699 2734
678 2697
678 2609
678 2656
543 2018
543 2058
543 2203
662 2558
662 2574
662 2520
696 2762
696 2615
696 2516
618 2273
618 2401
618 2393
536 2247
536 2049
536 2056
433 1739
433 1658
433 1631
491 1687
491 1811
491 1918
536 2068
536 2172
536 1996
423 1551
423 1663
423 1480
279 1030
279 1098
279 1079
193 737
193 768
193 763
247 963
247 1072
247 944
240 995
240 860
240 883
190 666
190 717
190 718
503 1923
503 1877
503 1904
444 1771
444 1780
444 1668
532 2151
532 2060
532 2140
509 2041
509 1986
509 2005
434 1690
434 1534
434 1661
535 2078
535 2032
535 2114
444 1690
444 1780
444 1752
528 2046
528 2169
528 2089
532 2111
532 2177
532 1984
416 1533
416 1748
416 1607
509 2026
509 1843
509 2005
444 1759
444 1679
444 1761
528 1922
528 2156
528 2224
495 1828
495 1863
495 1902
452 1687
452 1783
452 1771
499 2025
499 1945
499 2018
435 1663
435 1626
435 1596
501 1924
501 2177
501 1975
550 2070
550 2042
550 2340
451 1784
451 1751
451 1862
507 1869
507 1921
507 1907
394 1632
394 1500
394 1433
520 1997
520 2007
520 1949
484 1883
484 1962
484 1903
509 1923
509 1973
509 2051
474 1947
474 1627
474 1841
538 2135
538 1991
538 2065
557 2148
557 2193
557 2212
477 1853
477 1904
477 1869
573 2119
573 2251
573 2183
528 2127
528 2101
528 1939
562 2078
562 2243
562 2099
548 2100
548 2127
548 2042
526 1935
526 1878
526 2010
441 1816
441 1707
441 1632
520 2053
520 2065
520 2066
480 1769
480 1882
480 1876
570 1974
570 2299
570 2391
462 1838
462 1769
462 1717
548 2024
548 2029
548 2136
522 2085
522 2047
522 2019
493 1919
493 1743
493 1898
612 2361
612 2314
612 2373
528 2119
528 1929
528 2248
631 2468
631 2400
631 2514
563 2198
563 2075
563 2153
631 2577
631 2477
631 2528
544 1988
544 2108
544 2122
634 2347
634 2314
634 2469
538 2123
538 2000
538 2065
233 848
233 892
233 989
137 601
137 518
137 534
130 452
130 543
130 495
862 3303
862 3171
862 3315
1068 4299
1068 4134
1068 4043
924 3594
924 3734
924 3634
149 526
149 541
149 585
214 884
214 887
214 730
169 700
169 665
169 697
481 1787
481 1928
481 1808
642 2585
642 2454
642 2370
518 1886
518 1922
518 2047
951 3656
951 3747
951 3712
1174 4458
1174 4691
1174 4629
949 3685
949 3522
949 3664
607 2416
607 2422
607 2317
480 1930
480 1796
480 1918
611 2358
611 2248
611 2350
597 2344
597 2294
597 2290
522 2017
522 1961
522 2000
463 1799
463 1769
463 1743
438 1628
438 1787
438 1591
458 1840
458 1784
458 1755
499 1900
499 1933
499 1856
397 1442
397 1570
397 1470
524 2009
524 1990
524 2040
392 1624
392 1576
392 1417
465 1873
465 1655
465 1898
453 1839
453 1763
453 1678
421 1563
421 1635
421 1666
505 2012
505 1981
505 1769
396 1490
396 1570
396 1548
490 1859
490 1929
490 1959
485 1785
485 1837
485 1947
411 1619
411 1543
411 1512
302 1183
302 1219
302 1203
521 1919
521 2014
521 1966
404 1590
404 1541
404 1512
469 1726
469 1832
469 1844
476 1827
476 1950
476 1844
425 1656
425 1561
425 1653
519 1998
519 2017
519 1999
407 1449
407 1673
407 1520
473 1876
473 1619
473 1742
477 1840
477 1799
477 1926
434 1787
434 1842
434 1638
456 1700
456 1769
456 1665
448 1792
448 1719
448 1727
513 1980
513 1996
513 1983
496 2030
496 1941
496 1828
425 1587
425 1598
425 1706
466 1807
466 1767
466 1831
438 1681
438 1734
438 1575
504 2035
504 2046
504 1919
490 1861
490 1939
490 1916
432 1689
432 1637
432 1755
418 1701
418 1736
418 1677
421 1778
421 1625
421 1600
493 1935
493 1846
493 1817
515 1946
515 1942
515 2000
450 1713
450 1752
450 1681
58 243
58 244
58 225
653 2614
653 2341
653 2441
574 2138
574 2269
574 2301
665 2438
665 2488
665 2567
646 2549
646 2498
646 2450
562 2127
562 2023
562 2191
640 2582
640 2409
640 2477
559 2175
559 2163
559 2042
671 2621
671 2700
671 2557
682 2643
682 2668
682 2496
525 2030
525 2229
525 2070
743 2882
743 3041
743 2844
695 2682
695 2694
695 2704
823 3099
823 3394
823 3251
789 2972
789 2956
789 3158
717 2731
717 2622
717 2745
640 2496
640 2497
640 2441
538 2167
538 2044
538 2099
687 2870
687 2691
687 2765
645 2456
645 2471
645 2481
568 2188
568 2218
568 2260
640 2515
640 2469
640 2413
545 2115
545 2232
545 2099
627 2384
627 2405
627 2386
660 2617
660 2643
660 2562
500 2033
500 2006
500 1872
726 2786
726 2831
726 2907
585 2305
585 2146
585 2145
713 2746
713 2734
713 2845
669 2447
669 2483
669 2542
618 2484
618 2307
618 2414
150 592
150 546
150 578
138 547
138 634
138 509
157 668
157 572
157 595
130 468
130 502
130 548
125 460
125 487
125 558
317 1212
317 1164
317 1242
304 1137
304 1097
304 1095
369 1493
369 1456
369 1473
378 1509
378 1403
378 1486
311 1261
311 1244
311 1170
353 1353
353 1408
353 1265
301 1107
301 1129
301 1123
330 1230
330 1302
330 1260
381 1530
381 1410
381 1486
315 1170
315 1307
315 1245
694 2665
694 2757
694 2675
565 2179
565 2226
565 2154
655 2388
655 2459
655 2519
696 2439
696 2700
696 2650
575 2267
575 2075
575 2241
202 850
202 822
202 782
155 524
155 619
155 554
194 725
194 741
194 831
212 858
212 796
212 756
160 612
160 671
160 591
123 461
123 493
123 484
359 1442
359 1315
359 1366
384 1496
384 1494
384 1462
421 1466
421 1594
421 1622
428 1571
428 1622
428 1621
379 1316
379 1412
379 1544
689 2597
689 2759
689 2694
621 2392
621 2493
621 2351
676 2563
676 2615
676 2618
667 2641
667 2561
667 2625
597 2377
597 2232
597 2220
565 2227
565 2198
565 2204
484 1885
484 1798
484 1858
564 2235
564 1996
564 2105
555 2100
555 2245
555 2198
468 1824
468 1850
468 1849
791 2986
791 3152
791 3010
670 2707
670 2664
670 2792
746 2904
746 2849
746 2962
757 2762
757 2921
757 2852
662 2570
662 2594
662 2642
540 2167
540 2040
540 2164
490 1816
490 1847
490 1908
554 2116
554 2153
554 2207
563 2223
563 2108
563 2320
464 1848
464 1692
464 1721
809 3116
809 3110
809 3197
767 3024
767 3047
767 2942
837 3292
837 3134
837 3257
860 3322
860 3243
860 3340
755 2907
755 2786
755 2904
513 2011
513 1929
513 2031
436 1586
436 1632
436 1813
504 1972
504 1984
504 1981
518 1970
518 1992
518 1890
428 1723
428 1717
428 1591
447 1538
447 1836
447 1763
461 1805
461 1908
461 1772
515 2010
515 2004
515 2015
517 1918
517 1899
517 1932
453 1760
453 1776
453 1820
210 800
210 820
210 773
157 603
157 596
157 584
204 791
204 758
204 809
212 902
212 814
212 801
164 618
164 713
164 553
366 1472
366 1402
366 1378
237 927
237 940
237 1008
210 845
210 810
210 856
244 1092
244 930
244 981
220 864
220 904
220 825
217 789
217 748
217 856
517 2073
517 1966
517 1906
470 1786
470 1754
470 1871
472 1907
472 1734
472 1775
523 1985
523 2055
523 2019
437 1709
437 1635
437 1590
471 1820
471 1796
471 1841
433 1679
433 1720
433 1733
510 1981
510 1927
510 1803
477 1903
477 1933
477 2010
465 1805
465 1849
465 1756
488 1968
488 1924
488 1875
418 1640
418 1687
418 1611
530 1921
530 1995
530 2249
519 1988
519 1939
519 2070
431 1753
431 1630
431 1690
465 1819
465 1818
465 1888
408 1604
408 1528
408 1587
446 1722
446 1717
446 1692
458 1741
458 1770
458 1740
407 1644
407 1552
407 1522
486 1771
486 1817
486 1894
435 1676
435 1714
435 1594
500 1867
500 1868
500 2097
524 1981
524 2097
524 1973
404 1605
404 1684
404 1453
752 2983
752 2951
752 2850
645 2546
645 2430
645 2524
819 3140
819 3214
819 3221
775 2911
775 2996
775 2951
631 2376
631 2434
631 2425
669 2596
669 2463
669 2568
635 2379
635 2477
635 2558
654 2497
654 2625
654 2450
680 2586
680 2687
680 2643
550 2003
550 1963
550 2142
420 1662
420 1725
420 1627
398 1471
398 1519
398 1593
462 1748
462 1793
462 1647
463 1702
463 1853
463 1870
372 1344
372 1467
372 1451
506 1937
506 1981
506 1960
448 1687
448 1618
448 1780
496 1971
496 2072
496 1726
511 2087
511 1864
511 2136
473 1852
473 1933
473 1815
798 3113
798 3139
798 2932
727 2661
727 2793
727 2910
802 3042
802 3030
802 2929
767 2920
767 2820
767 2794
674 2657
674 2703
674 2662
24 78
24 102
24 81
718 2614
718 2822
718 2714
635 2452
635 2381
635 2595
689 2446
689 2783
689 2765
738 2840
738 2929
738 2902
621 2271
621 2334
621 2459
461 1752
461 1833
461 1734
422 1581
422 1609
422 1637
487 1851
487 1964
487 1903
425 1617
425 1754
425 1772
410 1710
410 1722
410 1704
271 1021
271 950
271 1084
804 2969
804 3104
804 3069
705 2811
705 2674
705 2696
861 3134
861 3301
861 3251
809 3104
809 3212
809 3125
757 3059
757 2974
757 2929
579 2172
579 2216
579 2335
512 1932
512 1894
512 2008
606 2388
606 2273
606 2406
601 2333
601 2326
601 2416
550 2104
550 2034
550 2228
610 2209
610 2387
610 2280
550 2154
550 2129
550 2181
599 2275
599 2347
599 2373
563 2240
563 2049
563 2119
480 1811
480 1856
480 1905
464 1718
464 1685
464 1775
130 510
130 499
130 619
303 1236
303 1231
303 1166
290 976
290 1035
290 1122
331 1290
331 1163
331 1278
358 1270
358 1313
358 1313
269 1157
269 972
269 1022
701 2566
701 2613
701 2611
699 2826
699 2614
699 2758
829 3238
829 3191
829 3273
821 3063
821 3079
821 2912
654 2404
654 2450
654 2531
936 3511
936 3714
936 3642
796 2857
796 3057
796 3059
928 3528
928 3776
928 3695
904 3532
904 3623
904 3519
775 2977
775 3079
775 3066
570 2206
570 1982
570 2112
526 1948
526 1956
526 1928
583 2155
583 2254
583 2015
603 2216
603 2320
603 2333
534 1960
534 2126
534 2191
441 1751
441 1743
441 1762
400 1584
400 1505
400 1382
409 1548
409 1650
409 1523
461 1729
461 1691
461 1755
359 1392
359 1447
359 1302
819 3360
819 3111
819 3373
665 2587
665 2585
665 2649
746 2966
746 2950
746 2900
796 3136
796 2973
796 3191
666 2816
666 2722
666 2642
752 2933
752 2771
752 2783
581 2396
581 2192
581 2240
729 2856
729 2689
729 2976
726 2724
726 2906
726 2870
620 2399
620 2504
620 2394
959 3736
959 3820
959 3803
755 3016
755 2975
755 2929
942 3663
942 3715
942 3484
890 3493
890 3388
890 3336
842 3231
842 3368
842 3214
565 2131
565 2153
565 2242
466 1835
466 1805
466 1725
567 2102
567 2097
567 2398
550 2026
550 2143
550 2088
494 1889
494 1852
494 2060
517 1993
517 1970
517 1920
452 1742
452 1650
452 1617
538 2145
538 2075
538 2178
541 2042
541 2138
541 2018
486 1945
486 1789
486 1786
533 2076
533 2070
533 2030
448 1744
448 1740
448 1686
534 2033
534 2029
534 2117
493 1874
493 1938
493 1874
459 1771
459 1718
459 1778
530 2068
530 2153
530 1981
437 1750
437 1725
437 1642
516 2042
516 1941
516 1951
518 2108
518 2138
518 2090
449 1695
449 1773
449 1847
509 2001
509 2007
509 2006
453 1711
453 1813
453 1785
530 2216
530 2071
530 2041
502 1939
502 1904
502 1878
459 1856
459 1859
459 1800
273 1024
273 945
273 1119
514 1977
514 2011
514 1901
431 1589
431 1540
431 1714
507 1982
507 1900
507 1893
532 2029
532 2161
532 1938
441 1620
441 1670
441 1817
472 1835
472 1811
472 1804
436 1629
436 1712
436 1583
542 1982
542 2221
542 2249
511 2083
511 2029
511 1955
457 1689
457 1848
457 1800
530 2124
530 2091
530 2129
426 1622
426 1706
426 1477
508 1948
508 1928
508 2014
506 1849
506 1893
506 2015
502 1976
502 1944
502 1824
536 2069
536 2220
536 2106
477 1790
477 1913
477 2052
469 1749
469 1867
469 1852
543 2073
543 2213
543 2022
412 1595
412 1618
412 1579
473 1780
473 1781
473 1842
444 1679
444 1584
444 1711
539 2117
539 2155
539 2226
567 2236
567 2189
567 2260
415 1540
415 1644
415 1547
661 2649
661 2631
661 2481
550 2200
550 2043
550 2172
642 2394
642 2621
642 2568
616 2399
616 2413
616 2472
556 2160
556 2257
556 2220
593 2366
593 2241
593 2413
549 2056
549 2203
549 2211
614 2311
614 2313
614 2461
646 2484
646 2441
646 2598
514 1976
514 2016
514 1939
613 2359
613 2298
613 2229
533 2116
533 2049
533 2107
613 2310
613 2512
613 2426
624 2284
624 2373
624 2274
501 1993
501 2002
501 1856
334 1248
334 1365
334 1298
305 1294
305 1240
305 1224
342 1207
342 1269
342 1458
361 1449
361 1394
361 1396
331 1251
331 1311
331 1316
847 3182
847 3277
847 3327
767 2914
767 2985
767 2965
819 3236
819 3258
819 3246
830 3116
830 3165
830 3182
682 2721
682 2627
682 2541
524 2074
524 2071
524 2021
463 1754
463 1800
463 1843
574 2203
574 2028
574 2245
524 2130
524 1827
524 1941
440 1630
440 1625
440 1720
712 2776
712 2695
712 2736
608 2184
608 2389
608 2373
720 2766
720 2703
720 2728
630 2446
630 2365
630 2374
608 2357
608 2354
608 2245
732 2853
732 2755
732 2800
582 2334
582 2269
582 2343
705 2851
705 2526
705 2713
686 2640
686 2658
686 2678
603 2227
603 2411
603 2313
693 2684
693 2744
693 2689
611 2332
611 2481
611 2315
718 2708
718 2630
718 2857
754 2939
754 2913
754 2975
575 2216
575 2237
575 2265
535 2071
535 2072
535 2186
484 1904
484 1879
484 1861
512 1928
512 1975
512 2065
512 2091
512 1858
512 1979
458 1723
458 1807
458 1899
656 2552
656 2488
656 2508
571 2276
571 2222
571 2117
674 2608
674 2641
674 2578
654 2519
654 2584
654 2578
556 2191
556 2203
556 2178
562 2197
562 2144
562 2178
505 2035
505 1875
505 1978
553 1958
553 2124
553 2159
534 2106
534 1972
534 1977
490 1944
490 1948
490 1967
689 2599
689 2779
689 2701
606 2294
606 2392
606 2522
743 2900
743 3094
743 2844
688 2791
688 2578
688 2623
630 2563
630 2446
630 2374
489 1897
489 1818
489 1823
438 1609
438 1745
438 1735
523 2108
523 2207
523 2060
509 1850
509 1823
509 1933
455 1712
455 1754
455 1836
600 2362
600 2418
600 2493
461 1733
461 1965
461 1851
505 1905
505 1964
505 2030
535 2088
535 2095
535 2014
462 1919
462 1847
462 1772
816 3090
816 3008
816 3139
723 2840
723 2992
723 2779
837 3375
837 3072
837 3197
801 2925
801 3214
801 3054
752 2868
752 2847
752 2947
491 1843
491 1779
491 1972
394 1486
394 1534
394 1498
479 1816
479 1860
479 1846
498 1826
498 1958
498 2019
393 1557
393 1508
393 1592
479 1823
479 1803
479 1809
398 1514
398 1502
398 1641
496 1903
496 2044
496 1963
454 1804
454 1790
454 1802
434 1654
434 1688
434 1676
461 1683
461 1886
461 1697
386 1526
386 1510
386 1534
459 1703
459 1706
459 1679
507 1975
507 2048
507 2063
438 1639
438 1571
438 1609
431 1662
431 1780
431 1583
415 1615
415 1551
415 1656
518 2050
518 1951
518 2055
456 1875
456 1868
456 1754
400 1486
400 1408
400 1606
467 1874
467 1906
467 1830
416 1502
416 1702
416 1544
506 1840
506 1908
506 1902
469 1776
469 1878
469 1790
406 1587
406 1544
406 1589
455 1739
455 1672
455 1780
430 1671
430 1746
430 1738
469 1812
469 1755
469 1900
512 1962
512 1994
512 1950
407 1551
407 1622
407 1586
508 2006
508 1925
508 2020
407 1571
407 1634
407 1507
491 2051
491 1934
491 1934
473 1816
473 1902
473 1860
427 1575
427 1550
427 1602
503 1950
503 1943
503 2062
395 1569
395 1555
395 1438
536 2089
536 2134
536 1911
470 1916
470 1843
470 1779
413 1656
413 1601
413 1483
499 1944
499 1998
499 1847
412 1575
412 1537
412 1568
464 1686
464 1860
464 1789
539 2107
539 2225
539 1927
417 1685
417 1542
417 1785
517 1918
517 1886
517 2093
435 1719
435 1742
435 1605
518 2078
518 1929
518 1932
485 1824
485 1804
485 1791
412 1672
412 1514
412 1652
485 1858
485 1906
485 1900
426 1688
426 1655
426 1728
503 1915
503 1990
503 1870
522 1952
522 2004
522 2073
446 1632
446 1739
446 1557
563 2218
563 2111
563 2069
431 1781
431 1832
431 1655
488 1841
488 1884
488 1943
487 1897
487 1908
487 1840
486 1839
486 1863
486 1989
538 2083
538 2073
538 2142
486 2007
486 1991
486 1990
594 2198
594 2292
594 2184
552 1961
552 2289
552 2199
446 1607
446 1788
446 1806
581 2321
581 2284
581 2310
489 1913
489 1916
489 1967
558 2326
558 2263
558 2284
623 2408
623 2493
623 2467
507 1946
507 1972
507 2044
161 618
161 614
161 536
189 687
189 741
189 795
169 731
169 650
169 669
235 828
235 924
235 887
193 783
193 719
193 796
266 1016
266 992
266 1071
221 837
221 823
221 827
304 1232
304 1164
304 1184
266 1032
266 1038
266 970
198 840
198 790
198 726
306 1186
306 1233
306 1276
282 1052
282 1035
282 1098
333 1248
333 1176
333 1236
318 1272
318 1391
318 1310
250 916
250 934
250 948
353 1348
353 1323
353 1338
321 1187
321 1293
321 1246
455 1630
455 1616
455 1602
378 1391
378 1439
378 1591
368 1452
368 1464
368 1441
964 3848
964 3793
964 3723
846 3295
846 3192
846 3392
1022 3986
1022 4034
1022 3994
973 3802
973 3663
973 3876
910 3539
910 3654
910 3599
1157 4607
1157 4654
1157 4634
978 3660
978 3762
978 3920
1138 4298
1138 4381
1138 4325
1183 4740
1183 4488
1183 4470
1022 3892
1022 3972
1022 3993
524 2038
524 2075
524 2093
453 1785
453 1713
453 1744
533 2108
533 2118
533 1941
541 2190
541 2075
541 2091
461 1912
461 1617
461 1683
616 2458
616 2298
616 2251
538 1868
538 1970
538 2082
661 2622
661 2516
661 2563
652 2489
652 2588
652 2515
555 2156
555 2161
555 2157
626 2603
626 2380
626 2432
530 2045
530 1941
530 2013
619 2282
619 2348
619 2397
577 2178
577 2242
577 2367
553 2061
553 2254
553 2143
573 2109
573 2262
573 2168
476 1793
476 1845
476 1928
579 2233
579 2259
579 2187
580 2129
580 2332
580 2246
497 1971
497 1910
497 1949
551 2128
551 2172
551 2097
538 2104
538 2101
538 2040
552 2134
552 2142
552 2087
567 2164
567 2149
567 2092
500 1940
500 1848
500 2010
403 1567
403 1536
403 1495
313 1346
313 1194
313 1184
433 1701
433 1745
433 1660
390 1514
390 1579
390 1402
366 1383
366 1499
366 1363
559 2175
559 2267
559 2138
476 1800
476 1870
476 1938
516 2096
516 1864
516 2073
565 2176
565 2170
565 2158
488 1882
488 2072
488 1932
536 2080
536 2150
536 1985
442 1735
442 1702
442 1760
466 1726
466 1714
466 1822
482 1826
482 1920
482 1925
446 1639
446 1665
446 1681
505 1907
505 1957
505 1903
478 1805
478 1897
478 1744
490 1831
490 1962
490 1890
454 1766
454 1697
454 1767
452 1699
452 1814
452 1829
264 933
264 979
264 993
220 868
220 876
220 893
247 980
247 837
247 927
248 959
248 896
248 1021
207 846
207 876
207 827
550 2088
550 2225
550 2062
505 1976
505 1904
505 1999
547 2043
547 2185
547 2288
557 2239
557 2042
557 2215
470 1729
470 1718
470 1784
384 1442
384 1466
384 1484
323 1306
323 1209
323 1318
399 1586
399 1514
399 1515
403 1579
403 1554
403 1615
333 1394
333 1313
333 1226
700 2827
700 2818
700 2799
597 2242
597 2383
597 2229
697 2654
697 2689
697 2700
685 2637
685 2739
685 2670
584 2367
584 2257
584 2363
551 2192
551 2170
551 2136
472 1771
472 1925
472 1867
574 2326
574 2147
574 2151
566 2297
566 2204
566 2175
478 1938
478 1873
478 1871
585 2204
585 2201
585 2301
540 2180
540 2072
540 2071
533 1970
533 1974
533 2014
541 2229
541 2076
541 2075
465 1829
465 1831
465 1876
780 3069
780 3067
780 2979
704 2682
704 2731
704 2820
777 3044
777 3047
777 3020
808 3277
808 3020
808 3115
702 2652
702 2967
702 2686
775 2982
775 2964
775 2905
655 2527
655 2459
655 2590
658 2537
658 2580
658 2485
687 2444
687 2684
687 2569
678 2641
678 2678
678 2587
318 1221
318 1145
318 1263
509 1967
509 1869
509 2053
471 1768
471 1827
471 1817
484 1782
484 1936
484 1967
502 2022
502 1946
502 1974
435 1682
435 1773
435 1763
513 1888
513 1959
513 2020
456 1821
456 1615
456 1816
521 1942
521 1993
521 2064
470 1728
470 1932
470 1682
467 1915
467 1928
467 1892
604 2344
604 2163
604 2265
573 2346
573 2339
573 2263
627 2550
627 2407
627 2409
666 2505
666 2504
666 2588
552 2031
552 2162
552 2178
682 2720
682 2472
682 2578
642 2455
642 2491
642 2425
700 2888
700 2759
700 2801
704 2628
704 2776
704 2758
630 2409
630 2473
630 2375
781 2967
781 2924
781 2888
758 2838
758 3027
758 3051
847 3237
847 3245
847 3178
867 3489
867 3511
867 3318
761 2945
761 2905
761 2821
1238 4945
1238 4714
1238 4894
1149 4605
1149 4423
1149 4506
1270 4861
1270 4794
1270 4806
1233 4691
1233 4674
1233 4546
1118 4142
1118 4413
1118 4196
594 2435
594 2286
594 2243
509 1862
509 1911
509 1912
576 2080
576 2244
576 2252
529 2086
529 2021
529 2081
463 1727
463 1827
463 1917
333 1289
333 1193
333 1259
293 1128
293 1118
293 1102
337 1219
337 1302
337 1300
330 1223
330 1250
330 1299
283 1127
283 1034
283 1072
581 2255
581 2213
581 2218
534 1924
534 2055
534 1941
612 2363
612 2346
612 2290
653 2442
653 2493
653 2450
583 2361
583 2266
583 2332
540 2052
540 2085
540 2117
453 1823
453 1830
453 1806
472 1856
472 1778
472 1951
495 1772
495 1846
495 1944
432 1647
432 1547
432 1690
523 2111
523 2131
523 2052
482 1769
482 1842
482 1735
516 1859
516 2029
516 1980
506 2020
506 2016
506 1937
466 1849
466 1721
466 1814
548 1985
548 2169
548 2092
469 1790
469 1737
469 1824
595 2472
595 2253
595 2305
547 2177
547 2155
547 2245
452 1730
452 1586
452 1756
539 2145
539 2060
539 1998
431 1750
431 1762
431 1740
496 2024
496 1857
496 1906
498 1883
498 1940
498 2035
471 1877
471 1843
471 1895
567 2284
567 2190
567 2148
488 1708
488 1756
488 1857
580 2258
580 2300
580 2276
531 2289
531 2156
531 2043
447 1668
447 1657
447 1833
641 2352
641 2517
641 2442
532 2109
532 2069
532 2047
601 2386
601 2230
601 2246
656 2568
656 2361
656 2490
546 2267
546 2121
546 2129
544 2149
544 2135
544 2198
483 1816
483 1872
483 1800
540 2154
540 2033
540 2124
571 2168
571 2239
571 2110
482 1923
482 1939
482 1763
556 2200
556 2228
556 2172
532 2009
532 2079
532 2084
568 2234
568 2193
568 2222
589 2326
589 2353
589 2357
501 1935
501 2019
501 2117
531 1976
531 2049
531 2081
473 1823
473 1892
473 1801
563 2149
563 2159
563 2188
585 2307
585 2279
585 2381
506 1980
506 1934
506 2100
291 1154
291 1258
291 1054
129 532
129 465
129 490
129 481
129 542
129 504
588 2234
588 2259
588 2197
566 2085
566 2157
566 2140
588 2163
588 2251
588 2307
660 2427
660 2637
660 2435
540 2154
540 2166
540 2016
692 2593
692 2660
692 2760
555 2108
555 2077
555 2105
619 2325
619 2282
619 2379
636 2584
636 2458
636 2538
524 2046
524 2034
524 1856
653 2604
653 2622
653 2478
563 2173
563 2234
563 2067
595 2347
595 2452
595 2302
628 2536
628 2507
628 2506
520 1918
520 1984
520 1926
235 939
235 950
235 904
218 724
218 857
218 791
232 833
232 777
232 962
204 797
204 754
204 732
214 758
214 853
214 754
528 2037
528 2101
528 2127
470 1855
470 1834
470 1800
528 2027
528 2059
528 2003
505 2035
505 2001
505 1950
473 1837
473 1702
473 1724
360 1471
360 1359
360 1435
312 1092
312 1188
312 1046
325 1187
325 1279
325 1257
345 1294
345 1434
345 1263
311 1115
311 1192
311 1154
178 665
178 671
178 730
645 2583
645 2416
645 2411
552 2065
552 2036
552 2146
658 2527
658 2378
658 2545
613 2372
613 2363
613 2447
522 1959
522 1963
522 2045
462 1861
462 1778
462 1754
605 2335
605 2435
605 2320
487 1887
487 1945
487 1933
599 2226
599 2410
599 2208
635 2456
635 2653
635 2548
519 2028
519 2124
519 2092
330 1330
330 1314
330 1340
273 974
273 1029
273 1083
284 1223
284 962
284 1031
293 1043
293 1171
293 1151
296 1122
296 1063
296 1068
699 2714
699 2706
699 2763
643 2515
643 2512
643 2483
678 2541
678 2657
678 2684
673 2521
673 2661
673 2575
593 2464
593 2357
593 2216
733 2834
733 2854
733 2762
706 2808
706 2761
706 2849
769 3020
769 2972
769 2847
800 3297
800 3059
800 3068
655 2584
655 2600
655 2446
661 2456
661 2435
661 2469
569 2242
569 2185
569 2280
710 2924
710 2700
710 2801
628 2284
628 2452
628 2282
622 2568
622 2337
622 2477
217 814
217 832
217 799
175 758
175 661
175 602
228 956
228 918
228 844
190 705
190 749
190 699
161 520
161 593
161 612
790 3021
790 3179
790 2875
654 2725
654 2537
654 2426
758 3045
758 3114
758 2925
821 3235
821 3068
821 3201
690 2647
690 2566
690 2622
225 854
225 871
225 920
188 754
188 722
188 694
218 800
218 827
218 893
217 824
217 823
217 836
190 804
190 759
190 719
746 2831
746 2824
746 2822
604 2296
604 2390
604 2195
729 2660
729 2562
729 2930
747 2917
747 2994
747 2966
638 2402
638 2319
638 2405
814 3369
814 3103
814 3155
700 2819
700 2585
700 2691
787 3097
787 3122
787 3209
778 2952
778 2961
778 3030
751 3048
751 2763
751 2727
474 1888
474 1813
474 1913
416 1593
416 1639
416 1576
471 1765
471 1718
471 1782
467 1795
467 1817
467 1906
407 1656
407 1545
407 1473
759 3008
759 2838
759 3001
680 2491
680 2650
680 2693
751 2883
751 3022
751 2956
778 3091
778 3005
778 3082
684 2472
684 2450
684 2559
115 441
115 470
115 384
112 443
112 447
112 435
145 535
145 523
145 543
129 473
129 542
129 535
116 398
116 502
116 456
110 376
110 435
110 436
542 1971
542 2063
542 2117
519 2056
519 1921
519 1927
587 2175
587 2281
587 2191
567 2089
567 2159
567 2242
530 2123
530 2070
530 2112
573 2240
573 2303
573 2172
519 2075
519 2027
519 2003
643 2603
643 2461
643 2530
585 2200
585 2283
585 2273
484 1765
484 1893
484 1908
180 726
180 680
180 703
137 548
137 463
137 515
145 535
145 599
145 510
168 652
168 693
168 582
165 703
165 665
165 598
116 419
116 382
116 446
580 2282
580 2121
580 2207
501 1821
501 1995
501 1969
564 2343
564 2268
564 2239
562 2343
562 2119
562 2046
481 1860
481 1929
481 1885
505 2050
505 2121
505 1961
595 2242
595 2251
595 2277
546 2036
546 2104
546 2238
581 2159
581 2208
581 2514
603 2374
603 2405
603 2311
532 2039
532 2056
532 2036
474 1831
474 1938
474 1885
554 2254
554 1983
554 2118
523 1899
523 2012
523 1924
597 2428
597 2122
597 2258
570 2268
570 2255
570 2056
481 1819
481 1801
481 1779
558 2189
558 2130
558 2294
470 1878
470 1844
470 1925
495 1963
495 1793
495 1853
550 2121
550 2213
550 2136
477 1857
477 2002
477 1750
491 2001
491 1861
491 1968
427 1546
427 1647
427 1648
462 1601
462 1775
462 1863
478 1828
478 1822
478 1818
447 1716
447 1678
447 1638
667 2810
667 2503
667 2570
589 2370
589 2304
589 2345
641 2494
641 2430
641 2564
667 2438
667 2440
667 2601
559 2170
559 2099
559 2099
615 2321
615 2478
615 2274
551 2093
551 2080
551 2167
602 2386
602 2313
602 2337
606 2485
606 2337
606 2352
541 2057
541 2086
541 2027
654 2565
654 2503
654 2567
547 2034
547 2206
547 2173
650 2520
650 2582
650 2423
671 2585
671 2531
671 2589
573 2379
573 2133
573 2334
173 688
173 705
173 750
165 617
165 623
165 608
197 777
197 798
197 748
176 696
176 626
176 721
180 741
180 705
180 651
219 838
219 884
219 886
208 813
208 775
208 899
220 996
220 894
220 786
209 836
209 837
209 866
172 752
172 731
172 674
265 1085
265 1110
265 1041
211 809
211 848
211 820
256 941
256 946
256 961
275 1090
275 1043
275 991
239 869
239 925
239 972
560 2179
560 2266
560 2223
505 1922
505 1815
505 1903
548 2057
548 2119
548 2162
542 2097
542 2167
542 2036
456 1777
456 1743
456 1770
499 1989
499 1842
499 1953
426 1598
426 1600
426 1553
492 1845
492 1856
492 1815
481 1865
481 1828
481 1783
448 1726
448 1734
448 1669
504 2161
504 1841
504 1895
420 1724
420 1657
420 1635
515 2163
515 1845
515 1969
490 1965
490 1823
490 1806
418 1604
418 1601
418 1523
233 917
233 968
233 893
134 591
134 601
134 519
134 462
134 453
134 529
136 476
136 500
136 503
202 796
202 754
202 756
178 621
178 621
178 738
201 737
201 788
201 754
196 761
196 681
196 810
190 767
190 753
190 777
187 823
187 756
187 732
156 556
156 575
156 650
186 827
186 744
186 699
187 693
187 752
187 663
146 583
146 606
146 652
547 2121
547 2052
547 2157
456 1719
456 1713
456 1898
528 2051
528 2020
528 2082
512 1996
512 1859
512 1909
483 2004
483 1842
483 1940
521 2036
521 1957
521 1909
463 1730
463 1844
463 1796
529 2112
529 2060
529 2185
543 2105
543 2152
543 2032
499 1969
499 1969
499 2078
609 2343
609 2348
609 2404
498 1929
498 1969
498 1850
606 2507
606 2292
606 2360
611 2307
611 2480
611 2480
528 2010
528 1987
528 2056
540 2195
540 1915
540 2066
485 1691
485 1937
485 1902
554 2203
554 2155
554 2272
536 2174
536 2124
536 2039
467 1975
467 1711
467 1825
528 2117
528 2032
528 1998
468 1813
468 2025
468 1788
504 2025
504 1877
504 1895
521 2008
521 1900
521 1958
447 1696
447 1753
447 1699
579 2341
579 2329
579 2146
494 1890
494 1868
494 1938
556 2175
556 2198
556 2132
530 2111
530 2150
530 1974
503 1917
503 1761
503 1845
597 2289
597 2373
597 2359
533 2176
533 2170
533 2037
586 2285
586 2360
586 2236
616 2288
616 2300
616 2320
547 2180
547 2005
547 2201
409 1557
409 1595
409 1630
335 1286
335 1290
335 1300
392 1579
392 1474
392 1386
372 1503
372 1499
372 1448
325 1197
325 1249
325 1352
573 2153
573 2387
573 2123
527 2058
527 2082
527 2034
608 2435
608 2195
608 2383
536 2065
536 2182
536 2018
527 1916
527 1946
527 2037
127 493
127 493
127 394
114 454
114 438
114 421
120 452
120 472
120 481
125 435
125 451
125 410
113 439
113 440
113 443
583 2307
583 2304
583 2410
480 1988
480 1870
480 1847
577 2140
577 2296
577 2217
542 2021
542 2144
542 2019
491 1837
491 1929
491 1866
689 2694
689 2726
689 2652
524 1992
524 2103
524 1928
673 2642
673 2643
673 2611
633 2389
633 2428
633 2457
564 2122
564 2230
564 2290
527 2064
527 1999
527 2061
465 1739
465 1918
465 1704
556 2235
556 2205
556 2165
571 2250
571 2220
571 2162
455 1772
455 1786
455 1762
478 1859
478 1814
478 1809
425 1540
425 1730
425 1606
504 1808
504 2079
504 1940
471 1840
471 1916
471 1913
464 1788
464 1725
464 1730
495 1729
495 1902
495 1937
447 1815
447 1774
447 1725
539 2271
539 2111
539 2116
551 2155
551 2157
551 1938
495 1954
495 1957
495 2030
296 1128
296 1279
296 1126
274 1036
274 1038
274 1092
297 1177
297 1168
297 1181
315 1202
315 1156
315 1203
259 1025
259 977
259 970
379 1488
379 1622
379 1445
314 1216
314 1200
314 1167
355 1444
355 1331
355 1315
317 1270
317 1187
317 1301
318 1135
318 1171
318 1207
791 2951
791 2996
791 3134
689 2699
689 2525
689 2637
715 2677
715 2663
715 2712
776 3038
776 3051
776 2933
666 2632
666 2670
666 2498
552 2064
552 2013
552 2144
497 1958
497 2033
497 1988
495 1748
495 1858
495 1967
568 2308
568 2099
568 2151
452 1752
452 1838
452 1823
480 1700
480 1833
480 1823
463 1827
463 1646
463 1767
568 2105
568 2181
568 2257
532 2204
532 2133
532 2261
472 1790
472 1759
472 1837
269 1066
269 1030
269 1007
240 879
240 945
240 828
248 953
248 1004
248 1070
273 1019
273 1112
273 968
223 781
223 847
223 810
333 1346
333 1296
333 1272
282 1091
282 1118
282 1136
323 1249
323 1334
323 1252
339 1250
339 1359
339 1461
293 1157
293 1040
293 1068
