123 1438
178 1931
129 1322
140 1195
154 1433
183 1948
155 1347
149 1439
160 1627
147 1646
231 2534
492 4630
374 4033
463 4820
457 4438
376 4076
92 1054
129 1310
115 1110
132 1379
110 1097
344 3627
262 2638
318 3531
352 3410
244 2281
294 3180
249 2735
265 2774
239 2542
217 2448
249 2682
217 2146
227 2330
227 2263
189 1932
316 3437
271 2629
325 3482
263 2843
263 2599
316 3159
273 3041
309 3132
330 3514
246 2412
321 3366
305 3173
323 3079
358 3377
352 3312
332 3447
334 3402
383 3956
333 3471
316 3492
173 1547
321 3478
333 3224
354 3483
390 3905
298 3210
459 4517
372 3987
492 5073
451 4757
433 4376
353 3586
307 3157
362 4082
332 3682
283 2995
474 4781
403 4232
414 4231
419 4388
407 3947
472 4964
438 4331
447 4510
459 4555
452 4944
107 1097
203 2116
116 1230
42 471
347 3772
289 3128
345 3417
334 3357
270 2615
373 3726
295 3257
349 3498
389 3755
293 3020
218 2473
173 1701
209 2120
212 1977
161 1674
505 5084
372 3850
462 4800
488 5021
415 4630
605 6102
595 6035
586 6019
451 4290
265 2691
118 1279
566 6200
584 5907
585 6283
493 5510
603 6519
582 6034
613 6326
469 5013
587 5462
559 5748
586 5905
484 5256
574 5829
569 6124
578 6309
507 5193
614 6800
586 5660
529 5863
506 5215
558 5722
564 5797
579 6213
513 5614
135 1378
163 1627
145 1479
172 1720
589 6336
539 5657
585 6201
499 5243
282 2844
272 2789
338 3681
238 2214
344 3683
295 2963
328 3393
363 3874
308 3082
431 3977
306 3071
422 4585
396 4160
317 3281
321 3248
466 4723
396 4048
496 5304
443 4483
383 3602
280 2795
219 2213
291 3166
258 2494
226 2263
490 4852
393 4018
472 4823
431 4448
417 4110
293 3118
213 2162
263 2797
280 2994
239 2318
317 3091
497 5291
80 896
464 4922
432 4575
435 4616
427 4090
404 4296
467 5271
381 3975
434 4235
499 4728
387 4136
566 5605
422 4440
508 5108
524 5186
447 4410
463 4821
361 4178
449 4501
427 4641
437 4546
495 4702
349 3517
477 5066
472 4726
378 4222
376 3621
371 3666
464 4629
445 4476
396 4235
441 4811
392 4154
472 4618
412 4491
330 3474
473 4882
446 4729
529 5377
233 2341
430 4250
495 4983
441 4692
522 5395
262 2618
387 4244
516 5381
448 4793
466 5064
288 3010
412 4281
489 5184
419 4240
472 5113
249 2578
410 4274
162 1821
129 1332
132 1289
120 1391
167 1562
121 1166
148 1583
129 1388
278 2755
571 5702
492 4879
630 6389
322 3342
518 5047
88 790
474 4554
400 4306
479 4664
311 3043
440 4591
198 2136
190 2101
222 2339
205 2076
495 5286
411 4215
431 4224
386 3666
475 4436
417 4055
377 3815
508 5766
499 5247
441 4508
492 5441
428 4393
382 3875
388 4081
307 2982
369 3823
419 4241
314 3037
414 4202
202 1916
344 3556
513 5395
417 4191
502 5089
322 3418
435 4734
530 5527
450 4629
481 4964
335 3445
447 4514
493 4814
473 4983
475 4765
311 3323
487 4718
472 5116
409 4166
422 3940
232 2285
363 3695
464 4517
352 3624
363 3636
379 4213
269 2709
514 6003
449 4591
502 4916
415 4452
529 4880
455 4889
501 4976
446 4700
525 5491
411 4165
518 5448
355 4009
428 4541
493 4936
434 4516
524 5567
317 3091
463 4639
579 6074
480 4683
564 5887
523 5235
418 4186
437 4794
396 3983
514 4732
460 4954
497 5398
436 4433
480 5003
257 2583
438 4816
532 5619
360 3876
548 5797
251 2526
389 4194
68 748
553 5645
421 4467
535 5773
292 3047
412 4324
532 5289
427 3981
507 5451
293 3045
463 4866
175 1895
168 1782
196 1894
178 1826
162 1683
520 5596
462 4548
521 5575
286 2433
444 4756
434 4419
400 4005
470 4675
462 4866
412 4092
485 5238
438 4191
487 4979
424 4569
420 4533
368 3803
415 4347
203 2302
344 3670
663 6227
536 5440
610 6155
450 4820
558 5701
82 958
149 1423
104 972
115 1249
106 1066
438 4127
308 2898
381 3906
264 3152
367 3996
510 5514
460 4407
534 5361
308 3139
437 4595
542 5978
449 4661
493 4611
345 3585
438 4433
226 2213
355 3557
542 5563
492 5108
538 5584
492 5382
599 6129
478 4743
540 5756
182 1961
466 4789
576 5937
459 4803
570 5700
194 2112
473 4886
192 2151
181 1847
162 1718
154 1631
294 2770
232 2367
274 2925
233 2437
58 435
166 1877
158 1645
170 1852
152 1388
103 1063
391 4048
299 3607
329 3460
302 3616
547 5368
473 5050
560 5871
483 4763
159 1440
145 1518
174 1928
152 1512
606 6613
558 5762
577 6251
540 5421
233 2451
222 2430
265 3006
211 2227
626 6457
520 5596
596 6251
539 5277
250 2470
206 2384
235 2805
204 1868
615 6269
578 5708
619 6441
576 6133
425 3907
361 3537
389 3926
341 3610
496 4918
457 5074
504 5279
426 4280
606 6709
556 5912
623 6304
565 5864
536 5673
494 5265
551 6019
434 4566
390 4106
351 3637
423 4640
345 3875
647 6593
567 5517
625 6538
565 5828
653 6442
573 6181
607 6030
591 6057
750 7604
677 6770
731 7163
615 6545
375 3923
707 7395
569 6121
739 7787
564 5866
734 7345
612 6113
750 7871
603 6515
607 6354
503 5370
624 6692
494 4985
657 6646
501 5307
605 5906
479 4815
638 6781
536 5841
611 5995
492 5033
613 6064
552 5505
579 5799
532 5600
177 1745
158 1508
142 1428
133 1432
594 6232
541 5276
582 6321
500 5300
624 6682
502 5103
611 6383
521 5599
631 6809
517 5417
569 6241
531 5573
558 5883
453 4654
535 5530
459 4792
623 6760
545 5615
597 6281
518 5442
521 5525
484 5209
537 5889
466 4683
618 6455
513 5204
563 5614
524 5104
607 5828
543 5424
604 6394
541 5877
364 3607
283 2737
333 3362
279 2822
590 6447
545 5456
602 6211
533 5736
367 4170
306 3132
352 3722
290 2800
541 5719
421 4078
577 5822
421 4347
606 6472
452 4735
567 6036
484 4730
423 4161
344 3635
467 4949
349 3516
552 5810
497 5063
585 6058
515 5271
586 6220
505 5200
542 5843
509 5360
517 5024
528 5338
595 6421
519 5365
652 6486
567 5614
657 6559
613 6668
40 430
187 2035
162 1501
199 2355
181 1731
565 5511
515 5118
547 5905
513 5200
630 6160
493 5344
552 5433
546 5480
626 6531
511 5161
578 5889
527 5313
537 5476
451 4666
453 4956
423 4339
401 4135
329 3323
394 4413
349 3705
592 5700
551 5711
632 6704
494 5211
628 6373
509 5325
634 6363
554 5419
271 2801
578 5827
493 5073
604 6650
518 5423
603 6447
462 4919
606 6249
520 5242
553 5432
493 5015
623 6557
523 5632
600 6106
503 5452
577 6011
494 5380
454 4812
425 4580
456 4678
386 4105
454 4737
638 6695
527 5342
531 5596
487 4634
533 5093
539 5706
579 5929
510 5490
591 6055
505 4814
533 5661
534 5763
605 6634
487 5202
611 7036
464 4835
595 6186
482 5006
573 5729
482 4942
440 4756
484 4758
413 4307
488 5141
360 3617
622 6677
521 5424
554 5486
497 5451
609 6400
507 5094
609 6393
509 5191
528 5361
431 4374
518 5440
450 4620
705 7395
546 5877
667 6543
589 6151
855 8590
755 8528
800 8810
694 7169
258 2468
235 2298
198 2035
241 2347
182 1846
611 6396
480 4585
615 6287
508 5513
615 6452
499 4886
614 6139
520 5839
628 6937
486 4939
535 5754
482 4953
478 5281
354 3542
459 4840
471 5030
398 3871
406 4118
419 4505
426 4456
479 4822
410 4594
451 4484
409 4046
476 5137
422 4255
365 4276
470 4940
391 4013
442 4902
444 4646
365 3700
448 4461
414 4551
373 3998
479 4705
441 4528
459 4617
415 4306
472 4866
428 4468
379 3721
376 3931
368 4121
387 3873
398 4110
402 4022
164 1684
236 2428
134 1437
145 1296
143 1534
205 1930
198 2190
205 2401
190 2249
170 1664
496 5360
423 4575
430 4523
439 4378
380 4054
417 4342
398 4011
464 4385
483 4972
407 4182
445 4340
385 4286
462 4840
446 4811
376 3986
447 4585
382 4042
449 4526
440 4745
424 4321
497 5208
376 3682
445 4530
469 4659
354 3592
460 4909
430 4439
442 4323
506 5458
337 3412
354 3782
284 2936
332 3297
339 3426
283 3074
451 4589
399 4210
445 4525
454 4595
391 4257
451 4492
425 5017
473 4505
408 4408
372 3970
424 4120
399 4024
475 5351
469 4904
385 3874
128 1254
520 5423
457 4736
361 3839
458 4850
466 4710
412 4234
171 1838
427 4331
361 4314
394 3860
423 4432
362 3883
426 4296
376 4057
407 4361
409 4317
345 3572
420 4023
376 3777
428 4801
410 4629
371 3782
474 4854
430 4255
497 5171
511 5117
435 4538
497 5232
447 4886
463 4858
513 5153
412 4075
506 5574
430 4419
502 5224
439 4571
438 4239
240 2190
189 2207
231 2605
210 2038
175 1835
512 5360
436 4368
483 4961
498 5140
447 4504
516 5154
428 4231
486 5168
484 4837
476 4801
472 4421
438 4630
461 4632
522 5903
466 4829
457 4996
377 4107
488 5077
485 4838
381 3879
481 5078
408 4183
470 4840
459 4500
408 4114
523 5891
408 3948
545 5666
499 5188
437 4300
251 2395
215 2342
253 2431
260 2414
208 2265
410 4420
330 3438
364 3712
398 4117
345 3848
380 4051
364 3333
406 4059
379 3886
316 2908
384 3793
334 3446
395 3863
405 4382
351 3746
405 4684
338 3686
387 4155
419 4051
365 4006
398 4061
341 3724
436 4114
383 4149
369 4000
424 4457
349 3878
420 4873
399 4404
333 3433
290 3103
329 3939
265 2532
360 3673
354 3675
287 3063
383 3996
336 3585
382 3570
441 4677
370 3788
427 4359
334 3822
414 4171
398 4336
349 3495
395 4259
338 3568
419 4266
423 4294
335 3842
433 4564
338 3158
428 4709
372 3859
355 3724
400 4324
337 3367
400 4171
413 4173
376 4343
447 4727
347 3320
414 4399
384 4137
358 3629
397 3829
374 3802
428 4314
415 4161
341 3850
343 3558
326 3369
462 4833
404 3986
475 4631
486 4790
411 4311
473 4848
348 3633
493 5013
469 4642
415 4392
464 4678
394 3998
449 4407
468 4777
424 4314
464 4614
421 4389
455 4794
488 4922
368 3983
144 1512
142 1509
177 1737
171 1808
145 1364
465 4753
379 3944
459 4923
458 4703
388 4056
421 4337
129 1401
455 4647
422 4412
480 5130
467 4908
389 4296
430 4597
388 4076
497 5483
457 5189
420 4907
327 3158
269 2774
337 3557
330 3735
275 2782
483 4709
378 4260
471 4795
498 5396
396 4327
455 4930
408 4645
465 4925
475 4754
394 3885
215 2200
174 1643
197 1959
203 2346
163 1686
301 3030
500 5587
387 3996
521 5561
462 4655
426 4533
376 3673
355 3725
355 3912
381 4095
303 3012
215 2137
163 1773
225 2369
225 2178
191 1862
321 3122
277 2626
291 2532
311 3042
267 2851
470 5012
394 4338
456 4870
470 4646
394 4321
464 4693
353 3461
450 4293
445 4916
408 4244
467 4921
379 4275
443 4446
452 4288
382 4251
441 4208
383 3749
455 4598
473 5209
378 3785
415 4441
365 3875
471 5002
443 4423
447 4855
421 4359
595 6542
508 5418
412 4334
462 4816
467 4939
366 4038
434 5114
359 3433
482 4858
483 4644
388 4078
462 4851
406 3898
480 5003
475 5100
377 4075
469 4804
428 4527
471 4859
450 4696
405 4150
463 5248
396 4360
510 5321
484 5358
409 3988
493 4896
404 4003
482 5026
478 5081
459 4900
166 1793
501 4984
432 4441
497 5479
490 5153
445 4386
500 5032
415 4208
522 5518
494 4513
449 4720
572 5666
452 4665
487 5167
495 5060
448 4716
448 4267
345 3733
440 5233
403 4587
375 4092
476 4925
354 3493
475 4938
422 4108
382 3669
336 3655
295 2923
366 4084
369 4076
282 3072
479 4754
428 4297
474 4799
513 5669
385 3960
466 5133
436 4886
460 4867
526 6120
434 4340
486 4941
434 4452
486 5041
506 5101
398 4084
499 5091
429 4501
471 4598
467 4550
437 4476
473 4760
467 4914
448 4891
519 4756
504 4950
421 4791
478 4750
440 4487
524 5731
483 5096
448 4878
515 5468
469 4823
523 5389
486 4838
407 4020
522 5436
445 4361
525 5618
506 5326
451 5168
575 6083
459 4795
546 5768
505 5190
463 4937
285 2974
270 2638
277 2954
277 2813
236 2373
588 6120
529 5241
558 5841
613 6195
484 5171
618 6217
545 5854
603 6634
591 6088
499 5271
626 6572
524 5515
640 6797
604 6203
554 5642
630 6705
562 5937
651 6742
640 6705
553 5525
666 6746
616 6547
630 6758
669 6850
588 5967
685 6658
603 6422
681 6712
685 7204
650 6900
197 1967
161 1898
195 2281
189 1553
152 1596
491 5066
420 4727
467 4864
482 4944
383 4089
499 5381
386 4205
517 5347
484 4640
382 4016
445 4758
424 4732
476 5248
514 5518
402 4365
369 3454
304 2915
350 3668
350 3635
311 3287
377 3895
325 3500
368 3721
375 3769
312 3309
497 5597
427 4127
479 5121
491 5043
416 4139
467 4975
389 4314
504 4719
494 4977
440 4703
492 4966
411 4703
482 4930
473 4739
455 4500
483 5127
453 4735
492 4938
503 5180
399 3813
519 5405
457 4740
603 5983
530 5637
474 5238
509 4806
412 4147
483 4850
535 5669
375 3913
498 5434
412 4474
492 5190
489 5112
417 4214
502 5458
427 4024
478 4787
494 5212
432 4268
248 2867
191 1701
235 2720
255 2936
217 2128
490 4769
429 4178
478 5227
494 4738
447 4091
548 5510
410 4301
491 4885
469 4646
393 3950
225 2412
217 2330
221 2141
242 2632
200 2188
524 5440
469 4843
540 5848
494 4877
470 4733
585 5737
448 4659
515 5625
521 5533
450 4722
528 5471
478 4905
504 5111
526 5469
492 5013
517 5207
478 4969
522 5274
541 5554
460 4842
527 5775
427 4357
499 5084
547 5634
467 4783
514 5374
481 5224
517 5551
508 4889
473 4868
578 5773
420 4258
536 5455
516 5321
455 5224
80 827
526 5116
451 4748
560 5742
535 5818
470 4744
261 2716
232 2251
247 2512
255 2512
225 2316
419 4366
333 3488
435 4630
468 4799
304 2921
455 4936
352 3389
441 4804
415 4647
367 4051
418 4563
355 3817
446 4492
471 4615
363 3820
341 3699
289 3292
375 3949
333 3527
292 3030
467 4956
355 3771
451 4719
442 4105
401 4309
477 4778
365 4027
451 4489
465 5222
412 4230
470 4830
429 4437
454 4369
466 4933
408 4070
473 4737
420 4683
476 4797
482 5026
390 4004
494 5022
422 4374
488 5112
467 4653
436 4550
485 4796
426 4446
509 5216
463 5011
411 4203
217 2377
204 2006
237 2283
281 3014
198 1987
491 5201
406 4163
504 4885
490 4973
418 4276
490 4601
425 4265
519 5705
456 4690
414 4308
471 4819
388 4207
506 5275
502 5120
436 4546
142 1423
503 5249
456 4679
486 4894
495 4940
407 4281
476 5002
431 4689
496 5000
504 5246
470 4879
500 5075
457 4621
490 5159
481 4933
437 4582
332 3130
509 4927
428 4514
499 5100
530 5258
404 4679
488 4975
420 3894
479 4613
532 5776
457 4610
155 1714
171 1798
185 1723
205 1912
170 1802
435 4434
419 4288
452 4736
490 5097
432 4287
656 6632
569 5477
613 6489
682 7116
572 6060
668 6943
576 5851
685 7167
690 6606
588 6244
507 5857
449 4780
496 5408
507 5068
444 4690
334 3578
333 3578
386 3943
368 3996
340 3835
663 7400
611 6654
644 6482
712 7262
550 5728
669 7179
583 5910
688 7083
633 6842
623 6624
358 3968
653 7150
569 5569
700 7510
686 6391
606 5946
608 6378
529 5610
630 6370
622 6570
559 5984
344 3220
291 2802
306 3187
325 3117
309 3232
668 7165
578 5846
691 7351
679 6781
585 6247
646 6551
606 6217
670 6485
683 6810
577 5885
292 2979
251 2474
308 3381
308 3238
256 2537
429 4537
412 4093
455 4740
468 4719
407 4348
464 4935
401 4159
465 4852
508 5179
413 4150
135 1305
489 5159
431 4607
511 5640
540 4962
429 4300
404 3815
359 3708
406 4062
420 4324
353 3537
486 5010
465 4911
500 4999
484 5061
458 4982
414 4297
356 4016
399 4247
446 4948
319 3183
100 1025
526 5628
446 4879
492 5178
509 5035
437 4206
499 5121
445 4501
489 5116
477 4725
444 4461
506 5442
426 4557
486 5318
498 5249
453 4882
283 2699
259 2855
318 3035
309 2987
288 2832
702 7475
585 5847
705 7029
686 7492
589 6038
681 6855
608 6489
705 7453
691 6739
597 5784
569 5381
510 5168
583 5895
555 5691
498 5187
701 7628
634 6206
753 7682
713 7677
699 7986
678 6756
543 5994
662 6711
696 6970
618 6289
536 5392
433 4619
491 5218
536 5502
423 4383
279 2714
193 1935
247 2591
240 2381
190 2028
503 5081
444 4403
532 5437
509 5355
434 4613
535 5563
444 4911
528 5331
532 5332
416 4141
509 4861
444 4453
528 5593
495 4938
452 4817
499 4951
435 4562
501 5155
550 5811
451 4889
507 5252
394 3858
520 5341
484 5144
509 5080
474 4560
538 5369
557 5867
477 4733
573 6059
528 5363
562 5651
548 5626
526 5204
441 4645
520 5998
480 5213
570 6468
462 4566
548 5435
522 5553
493 4837
612 6513
528 5498
631 6413
563 6381
631 6578
544 5825
634 6574
538 5480
233 2511
137 1450
130 1199
862 9294
1068 11033
924 9718
149 1634
214 2044
169 1830
481 4868
642 7122
518 5665
951 10350
1174 11687
949 9408
607 6217
480 4905
611 6195
597 6145
522 5229
463 4996
438 4245
458 4963
499 5108
397 3968
524 5581
392 4051
465 5123
453 4302
421 4095
505 5143
396 4344
490 5005
485 5557
411 4559
302 2946
521 5485
404 4440
469 4767
476 4782
425 4388
519 5240
407 4599
473 5088
477 4907
434 4721
456 4666
448 4484
513 5483
496 5299
425 4354
466 4835
438 4457
504 5072
490 5027
432 4601
418 4199
421 4404
493 5041
515 5619
450 4806
58 814
653 6916
574 6077
665 6729
646 7098
562 5814
640 6793
559 5808
671 6584
682 6923
525 5473
743 7858
695 7569
823 8782
789 8117
717 7659
640 6544
538 5620
687 7197
645 6392
568 6360
640 6670
545 5870
627 6590
660 6864
500 5095
726 7423
585 6433
713 7246
669 7008
618 6665
150 1595
138 1479
157 1823
130 1425
125 1159
317 3205
304 3067
369 3534
378 3625
311 3132
353 3677
301 3054
330 3122
381 3837
315 2975
694 7564
565 5780
655 6940
696 7060
575 5967
202 1841
155 1551
194 1892
212 2234
160 1620
123 1176
359 3577
384 4074
421 4418
428 4517
379 4104
689 6623
621 6028
676 6745
667 6780
597 6306
565 5602
484 4786
564 5596
555 5625
468 4909
791 7943
670 6916
746 7656
757 7969
662 6811
540 5762
490 5277
554 5655
563 6206
464 4358
809 8457
767 7951
837 8634
860 9052
755 7383
513 5632
436 4627
504 4828
518 5360
428 4090
447 4661
461 4876
515 5278
517 5151
453 4547
210 2012
157 1329
204 2034
212 2214
164 1604
366 3523
237 2549
210 2052
244 2535
220 2253
217 2042
517 5180
470 5048
472 4700
523 5412
437 4345
471 5198
433 4309
510 5345
477 4846
465 4706
488 5214
418 4372
530 5730
519 5528
431 4726
465 4526
408 3956
446 4400
458 4511
407 4514
486 5058
435 4244
500 5053
524 5593
404 4215
752 7928
645 6652
819 8857
775 8101
631 6441
669 6927
635 6930
654 6995
680 6986
550 5652
420 4714
398 4291
462 4575
463 4866
372 3892
506 4965
448 4489
496 5294
511 5319
473 5073
798 7822
727 7418
802 8445
767 7962
674 7001
24 283
718 7486
635 6410
689 7367
738 7601
621 6482
461 5120
422 4378
487 4852
425 4187
410 4331
271 2654
804 8330
705 7540
861 9322
809 8537
757 7834
579 6216
512 5118
606 6171
601 6253
550 5596
610 6772
550 6193
599 6254
563 5045
480 4992
464 4765
130 1280
303 3415
290 2884
331 3186
358 3592
269 2608
701 7194
699 7757
829 8962
821 8753
654 6550
936 9680
796 8209
928 9853
904 9664
775 8012
570 6159
526 5606
583 6090
603 6322
534 5958
441 4878
400 4183
409 4186
461 5097
359 3549
819 8285
665 7248
746 7612
796 8385
666 6562
752 7934
581 5654
729 7224
726 7223
620 6380
959 9763
755 7966
942 9887
890 9560
842 9194
565 6018
466 5171
567 6473
550 6117
494 5047
517 5267
452 4675
538 5616
541 5696
486 5325
533 5402
448 4708
534 5581
493 5342
459 4384
530 5910
437 5011
516 5267
518 5012
449 4642
509 5252
453 4938
530 5440
502 4862
459 4948
273 2904
514 5230
431 4508
507 5592
532 5689
441 4767
472 5068
436 4598
542 5977
511 5375
457 4869
530 5399
426 4262
508 5497
506 5072
502 4900
536 5635
477 4788
469 4947
543 5652
412 4563
473 4645
444 4399
539 5051
567 6133
415 4849
661 7534
550 5601
642 7097
616 6554
556 5902
593 5662
549 5476
614 6274
646 6447
514 5581
613 6423
533 5517
613 6215
624 6253
501 5197
334 3391
305 3466
342 3914
361 4076
331 3271
847 8849
767 7944
819 8826
830 9113
682 7148
524 5494
463 5043
574 5495
524 5024
440 4425
712 7283
608 6432
720 7371
630 6476
608 6312
732 8059
582 5722
705 7657
686 6989
603 6498
693 6775
611 6133
718 7447
754 7613
575 6149
535 5458
484 5113
512 4986
512 5521
458 4966
656 6912
571 5789
674 6835
654 6851
556 5750
562 5596
505 5284
553 5709
534 5838
490 5110
689 6606
606 6416
743 7528
688 7393
630 6929
489 5098
438 4616
523 6150
509 5597
455 4750
600 6142
461 4545
505 5285
535 5908
462 4617
816 8184
723 7494
837 8730
801 8793
752 7916
491 5225
394 4201
479 5277
498 5420
393 3999
479 5023
398 4373
496 5443
454 4995
434 4441
461 4476
386 3997
459 4869
507 5296
438 4931
431 4347
415 4227
518 5412
456 4495
400 4217
467 4549
416 4225
506 5621
469 4771
406 4345
455 4597
430 4695
469 4872
512 5182
407 4173
508 4976
407 4163
491 4552
473 5020
427 4124
503 5134
395 3946
536 5785
470 4509
413 4066
499 5170
412 4366
464 4784
539 5924
417 4808
517 5623
435 4709
518 5245
485 5162
412 4209
485 5124
426 4690
503 5333
522 5307
446 4627
563 5379
431 4481
488 5111
487 5010
486 5191
538 5249
486 5194
594 5724
552 5713
446 4819
581 5953
489 4946
558 5510
623 6468
507 5095
161 1888
189 2035
169 1727
235 2584
193 2287
266 2975
221 2224
304 3056
266 2713
198 2078
306 3298
282 2605
333 3578
318 3379
250 2657
353 3788
321 3409
455 4756
378 4014
368 3876
964 9605
846 8976
1022 10846
973 10400
910 8663
1157 11676
978 10152
1138 12121
1183 11935
1022 10872
524 5388
453 4898
533 5543
541 5667
461 4912
616 6515
538 5020
661 6772
652 6767
555 5817
626 6810
530 5416
619 6789
577 5765
553 5963
573 5742
476 4970
579 5922
580 6253
497 5070
551 5915
538 5743
552 5980
567 6126
500 5004
403 4249
313 3100
433 5359
390 4261
366 3877
559 5867
476 5034
516 5565
565 5642
488 5257
536 5321
442 4433
466 4373
482 4948
446 4534
505 5315
478 4937
490 5294
454 4614
452 4962
264 2780
220 2227
247 2632
248 2437
207 2139
550 5855
505 5142
547 5751
557 5764
470 4736
384 3713
323 3283
399 4337
403 4024
333 3054
700 7315
597 6553
697 6913
685 6657
584 5859
551 5412
472 5052
574 6328
566 5939
478 5223
585 5722
540 5947
533 5576
541 5641
465 4959
780 8059
704 7456
777 8117
808 8447
702 7513
775 7830
655 6820
658 6427
687 6869
678 7321
318 2984
509 5412
471 4986
484 5067
502 5445
435 4311
513 5406
456 4889
521 5431
470 4488
467 5051
604 5985
573 6202
627 6125
666 6764
552 5615
682 6924
642 6450
700 7006
704 7299
630 6348
781 8104
758 8074
847 8397
867 9642
761 7856
1238 12441
1149 12049
1270 12783
1233 12721
1118 12143
594 6298
509 5757
576 5967
529 5595
463 5037
333 3229
293 3021
337 3467
330 3269
283 2837
581 5744
534 5254
612 6154
653 6911
583 6182
540 5895
453 4593
472 4813
495 5337
432 4291
523 5222
482 4887
516 5356
506 5020
466 5282
548 5922
469 4922
595 6250
547 5522
452 4546
539 5475
431 4633
496 5267
498 4888
471 4761
567 5596
488 5384
580 5502
531 5302
447 5049
641 6620
532 5561
601 6340
656 6166
546 5653
544 5734
483 5266
540 5610
571 5647
482 4782
556 5492
532 5333
568 5960
589 5821
501 4777
531 5639
473 4876
563 5975
585 5847
506 5168
291 2993
129 1186
129 1253
588 5893
566 5449
588 6175
660 7178
540 5678
692 6996
555 5736
619 6336
636 6451
524 5210
653 6502
563 5764
595 6173
628 6433
520 5368
235 2302
218 2224
232 2305
204 2013
214 2172
528 5332
470 5136
528 5443
505 5654
473 4677
360 3636
312 3118
325 3516
345 3513
311 3171
178 1828
645 6579
552 6062
658 6744
613 6141
522 5343
462 4847
605 6257
487 5121
599 6134
635 6757
519 5321
330 3410
273 2606
284 3145
293 2969
296 2638
699 7202
643 6594
678 7015
673 6632
593 6557
733 7672
706 7531
769 7973
800 7943
655 6628
661 6504
569 6082
710 6981
628 6875
622 6104
217 2199
175 1913
228 2136
190 2220
161 1706
790 8454
654 6873
758 8052
821 8128
690 7411
225 2399
188 2045
218 2023
217 2302
190 1818
746 7329
604 5899
729 7190
747 7946
638 6475
814 8676
700 6981
787 8037
778 8078
751 8266
474 5016
416 4288
471 4942
467 5039
407 4241
759 8228
680 6943
751 8276
778 8578
684 7145
115 1156
112 1249
145 1604
129 1311
116 1312
110 1099
542 5751
519 5204
587 5800
567 5991
530 5527
573 6032
519 5706
643 6806
585 6318
484 4699
180 1898
137 1350
145 1529
168 1665
165 1870
116 1246
580 6016
501 5134
564 6349
562 6095
481 5092
505 5339
595 6471
546 5334
581 6317
603 5970
532 5294
474 4510
554 5728
523 5424
597 6142
570 5944
481 5313
558 5930
470 4842
495 5083
550 5699
477 5195
491 4738
427 4329
462 4814
478 4948
447 4212
667 7207
589 6031
641 6643
667 6923
559 6035
615 5898
551 5401
602 6575
606 6486
541 5279
654 6626
547 5430
650 6589
671 6469
573 5656
173 1901
165 1691
197 2096
176 1798
180 1857
219 2149
208 2278
220 2466
209 1955
172 1628
265 2713
211 2139
256 2733
275 2785
239 2467
560 5764
505 5902
548 5758
542 5982
456 4717
499 5335
426 4483
492 4773
481 4941
448 4262
504 4965
420 3989
515 5279
490 5069
418 4251
233 2265
134 1318
134 1185
136 1388
202 2208
178 1808
201 2128
196 1858
190 2074
187 1723
156 1501
186 1767
187 1735
146 1508
547 5248
456 4395
528 5132
512 4937
483 5087
521 5315
463 4361
529 5844
543 5435
499 5118
609 6002
498 5384
606 6405
611 6372
528 5312
540 5511
485 4747
554 5847
536 5455
467 5049
528 5466
468 5199
504 4967
521 5637
447 4636
579 5764
494 5091
556 5878
530 5344
503 5157
597 6094
533 5933
586 6196
616 6429
547 5655
409 4199
335 3479
392 4283
372 3720
325 3772
573 6240
527 5603
608 6295
536 5565
527 5241
127 1367
114 1308
120 1234
125 1283
113 1304
583 6362
480 4763
577 6054
542 5598
491 5442
689 7321
524 5421
673 6569
633 6684
564 5856
527 5254
465 4979
556 5816
571 5699
455 4608
478 4781
425 4356
504 5203
471 4812
464 4701
495 4945
447 4942
539 5682
551 5621
495 4908
296 2915
274 2683
297 2928
315 3104
259 2959
379 3931
314 3381
355 3796
317 3287
318 3405
791 7692
689 7202
715 7131
776 7885
666 6729
552 6037
497 5047
495 5243
568 5386
452 4726
480 4493
463 4893
568 6088
532 5517
472 4931
269 2628
240 2445
248 2498
273 2970
223 2305
333 3468
282 2771
323 3099
339 3684
293 3251
