123 486
123 472
123 516
178 691
178 634
178 650
129 535
129 542
129 514
140 526
140 605
140 641
154 600
154 644
154 629
183 781
183 762
183 675
155 679
155 648
155 615
149 572
149 579
149 568
160 610
160 667
160 665
147 609
147 548
147 567
231 969
231 927
231 906
492 1964
492 2045
492 1982
374 1548
374 1528
374 1515
463 1949
463 1813
463 1881
457 1963
457 1965
457 1913
376 1512
376 1406
376 1522
92 394
92 332
92 449
129 523
129 563
129 528
115 427
115 490
115 513
132 480
132 546
132 558
110 448
110 433
110 459
344 1456
344 1495
344 1416
262 1027
262 1112
262 1040
318 1317
318 1359
318 1300
352 1507
352 1473
352 1364
244 920
244 962
244 1028
294 1216
294 1223
294 1284
249 1056
249 1023
249 1120
265 1008
265 1119
265 954
239 982
239 1041
239 1019
217 841
217 852
217 943
249 983
249 884
249 927
217 835
217 863
217 827
227 934
227 878
227 922
227 988
227 896
227 1049
189 755
189 746
189 791
316 1210
316 1301
316 1305
271 1020
271 1115
271 1168
325 1236
325 1300
325 1172
263 988
263 1144
263 1144
263 1108
263 1216
263 1129
316 1299
316 1299
316 1317
273 1163
273 1036
273 1100
309 1202
309 1249
309 1310
330 1355
330 1402
330 1312
246 1022
246 1131
246 944
321 1251
321 1339
321 1281
305 1242
305 1251
305 1179
323 1315
323 1315
323 1412
358 1437
358 1512
358 1383
352 1495
352 1494
352 1409
332 1371
332 1355
332 1315
334 1343
334 1204
334 1288
383 1600
383 1682
383 1573
333 1413
333 1396
333 1350
316 1266
316 1191
316 1394
173 770
173 666
173 688
321 1298
321 1267
321 1295
333 1237
333 1421
333 1351
354 1471
354 1417
354 1499
390 1667
390 1595
390 1575
298 1176
298 1300
298 1327
459 1871
459 1894
459 1809
372 1461
372 1490
372 1554
492 1977
492 1918
492 1934
451 1858
451 1823
451 1821
433 1794
433 1648
433 1751
353 1518
353 1458
353 1438
307 1308
307 1342
307 1381
362 1715
362 1561
362 1410
332 1473
332 1419
332 1475
283 1217
283 1143
283 1072
474 1994
474 1965
474 1992
403 1627
403 1531
403 1691
414 1563
414 1672
414 1646
419 1718
419 1744
419 1749
407 1686
407 1703
407 1732
472 1873
472 1827
472 1902
438 1769
438 1846
438 1863
447 2025
447 1936
447 1679
459 1896
459 1816
459 1916
452 1838
452 1810
452 1707
107 380
107 410
107 447
203 696
203 889
203 800
116 482
116 472
116 500
42 208
42 90
42 196
347 1436
347 1387
347 1461
289 1268
289 1217
289 1115
345 1432
345 1418
345 1364
334 1323
334 1356
334 1288
270 1145
270 1118
270 1163
373 1827
373 1605
373 1456
295 1108
295 1109
295 1130
349 1410
349 1399
349 1302
389 1550
389 1553
389 1637
293 1231
293 1181
293 1164
218 949
218 946
218 945
173 718
173 699
173 723
209 853
209 822
209 776
212 794
212 866
212 872
161 684
161 587
161 735
505 2060
505 2066
505 2049
372 1387
372 1598
372 1553
462 1924
462 1870
462 1923
488 2061
488 2034
488 2045
415 1619
415 1685
415 1753
605 2726
605 2460
605 2553
595 2551
595 2520
595 2685
586 2550
586 2405
586 2348
451 1980
451 1814
451 1884
265 1029
265 949
265 1067
118 482
118 528
118 452
566 2432
566 2219
566 2386
584 2433
584 2448
584 2533
585 2309
585 2417
585 2443
493 2055
493 2044
493 2034
603 2535
603 2315
603 2513
582 2303
582 2312
582 2374
613 2600
613 2863
613 2320
469 2057
469 1911
469 2003
587 2562
587 2393
587 2442
559 2530
559 2162
559 2379
586 2428
586 2388
586 2382
484 2043
484 1996
484 2200
574 2520
574 2433
574 2338
569 2394
569 2307
569 2192
578 2376
578 2580
578 2419
507 2066
507 2023
507 2187
614 2574
614 2394
614 2570
586 2454
586 2498
586 2303
529 2261
529 2188
529 2209
506 2090
506 2157
506 1910
558 2272
558 2294
558 2338
564 2259
564 2292
564 2280
579 2410
579 2406
579 2273
513 2073
513 2031
513 2227
135 586
135 559
135 583
163 689
163 639
163 669
145 574
145 662
145 488
172 688
172 689
172 680
589 2377
589 2370
589 2382
539 2202
539 2135
539 2259
585 2509
585 2444
585 2469
499 2003
499 1972
499 2204
282 1254
282 1145
282 1098
272 1069
272 1150
272 1063
338 1433
338 1323
338 1402
238 991
238 914
238 909
344 1395
344 1451
344 1343
295 1101
295 1310
295 1190
328 1301
328 1349
328 1227
363 1415
363 1390
363 1527
308 1229
308 1179
308 1236
431 1615
431 1744
431 1842
306 1179
306 1160
306 1182
422 1830
422 1779
422 1774
396 1695
396 1590
396 1653
317 1318
317 1385
317 1267
321 1308
321 1288
321 1315
466 1963
466 1993
466 1917
396 1720
396 1707
396 1748
496 1887
496 2022
496 2100
443 1739
443 1956
443 1788
383 1712
383 1706
383 1621
280 1149
280 1154
280 1104
219 915
219 906
219 842
291 1170
291 1261
291 1109
258 1129
258 1139
258 976
226 855
226 854
226 899
490 2090
490 2111
490 2078
393 1800
393 1466
393 1548
472 1844
472 1901
472 1819
431 1859
431 1776
431 1790
417 1739
417 1644
417 1717
293 1329
293 1222
293 1136
213 936
213 879
213 865
263 1086
263 1158
263 1016
280 1095
280 1181
280 1071
239 1016
239 1062
239 1044
317 1295
317 1253
317 1258
497 2083
497 2046
497 2011
80 298
80 316
80 369
464 1813
464 1978
464 1937
432 1827
432 1798
432 1656
435 1820
435 1827
435 1761
427 1941
427 1812
427 1695
404 1489
404 1618
404 1567
467 2230
467 1811
467 1987
381 1569
381 1692
381 1576
434 1795
434 1749
434 1679
499 2153
499 2201
499 1978
387 1541
387 1505
387 1742
566 2431
566 2353
566 2320
422 1833
422 1800
422 1754
508 2246
508 2136
508 2023
524 2250
524 2299
524 2200
447 1819
447 1775
447 1805
463 1996
463 1896
463 1906
361 1351
361 1577
361 1534
449 1748
449 1887
449 1846
427 1941
427 1903
427 1607
437 1770
437 1794
437 1776
495 1986
495 1992
495 1980
349 1417
349 1353
349 1390
477 1869
477 1968
477 1992
472 1907
472 1839
472 1852
378 1653
378 1456
378 1537
376 1549
376 1515
376 1451
371 1427
371 1604
371 1577
464 1956
464 1928
464 1930
445 1745
445 1722
445 1798
396 1835
396 1606
396 1609
441 1846
441 1929
441 1710
392 1599
392 1610
392 1590
472 2040
472 2035
472 1932
412 1647
412 1756
412 1735
330 1457
330 1393
330 1357
473 1917
473 2087
473 1964
446 1856
446 1963
446 1964
529 2078
529 2145
529 2117
233 1081
233 890
233 920
430 1706
430 1640
430 1699
495 1942
495 1954
495 1937
441 1732
441 1750
441 1854
522 2308
522 2212
522 2178
262 1129
262 1187
262 1161
387 1507
387 1651
387 1755
516 2006
516 2176
516 2188
448 1902
448 1878
448 1947
466 1876
466 1845
466 1840
288 1035
288 1173
288 1138
412 1594
412 1710
412 1885
489 1960
489 2047
489 1914
419 1713
419 1750
419 1851
472 1826
472 1971
472 1808
249 962
249 935
249 1032
410 1577
410 1671
410 1562
162 619
162 572
162 654
129 490
129 495
129 602
132 476
132 504
132 582
120 477
120 570
120 418
167 626
167 712
167 698
121 544
121 488
121 498
148 580
148 631
148 554
129 463
129 538
129 476
278 1185
278 1202
278 1190
571 2532
571 2481
571 2409
492 2090
492 2061
492 2142
630 2531
630 2438
630 2609
322 1271
322 1238
322 1371
518 2026
518 2158
518 2062
88 396
88 350
88 335
474 1750
474 2028
474 1811
400 1648
400 1574
400 1562
479 1989
479 1920
479 2001
311 1342
311 1339
311 1284
440 1693
440 1829
440 1725
198 842
198 732
198 885
190 757
190 781
190 694
222 906
222 971
222 908
205 772
205 872
205 764
495 2086
495 2124
495 2015
411 1772
411 1824
411 1668
431 1709
431 1657
431 1870
386 1724
386 1600
386 1544
475 1886
475 1917
475 1865
417 1733
417 1655
417 1750
377 1578
377 1413
377 1393
508 2034
508 2035
508 1991
499 2023
499 2041
499 1889
441 1866
441 1880
441 1765
492 2092
492 2058
492 2092
428 1786
428 1663
428 1857
382 1649
382 1423
382 1679
388 1556
388 1631
388 1687
307 1219
307 1368
307 1244
369 1491
369 1461
369 1439
419 1821
419 1670
419 1703
314 1235
314 1212
314 1254
414 1743
414 1705
414 1720
202 802
202 793
202 780
344 1323
344 1324
344 1399
513 2043
513 2055
513 2230
417 1476
417 1626
417 1578
502 2153
502 2199
502 2034
322 1291
322 1400
322 1321
435 1735
435 1828
435 1707
530 2160
530 2148
530 2169
450 1920
450 1989
450 1892
481 2043
481 1904
481 2016
335 1287
335 1395
335 1422
447 1881
447 2066
447 1812
493 1938
493 2034
493 2105
473 1848
473 2005
473 1865
475 1872
475 1934
475 1901
311 1287
311 1220
311 1297
487 1993
487 1999
487 2018
472 1927
472 1892
472 1904
409 1556
409 1784
409 1639
422 1710
422 1746
422 1700
232 1017
232 963
232 957
363 1526
363 1452
363 1482
464 1940
464 1872
464 1908
352 1464
352 1436
352 1535
363 1462
363 1531
363 1475
379 1511
379 1564
379 1477
269 1056
269 1190
269 1059
514 2114
514 2279
514 2315
449 1859
449 1878
449 1905
502 2034
502 1859
502 1963
415 1667
415 1762
415 1727
529 2167
529 2180
529 2192
455 1896
455 1908
455 1852
501 2158
501 2026
501 2204
446 1905
446 1888
446 1808
525 2255
525 2132
525 2198
411 1879
411 1734
411 1642
518 2071
518 2099
518 2277
355 1506
355 1395
355 1436
428 1834
428 1763
428 1810
493 2057
493 2088
493 1973
434 1705
434 1896
434 1770
524 2183
524 2129
524 2158
317 1312
317 1248
317 1275
463 1822
463 1775
463 1817
579 2377
579 2405
579 2467
480 2138
480 2040
480 1889
564 2183
564 2342
564 2465
523 2255
523 2181
523 2110
418 1637
418 1746
418 1777
437 1903
437 1769
437 1854
396 1697
396 1631
396 1463
514 2008
514 2061
514 2042
460 1883
460 1851
460 1878
497 2162
497 2103
497 2030
436 1759
436 1723
436 1859
480 2013
480 2130
480 1979
257 1090
257 979
257 1075
438 1809
438 1841
438 1943
532 2143
532 2094
532 2303
360 1464
360 1657
360 1518
548 2274
548 2237
548 2142
251 985
251 1136
251 1000
389 1603
389 1544
389 1620
68 311
68 264
68 277
553 2244
553 2279
553 2255
421 1838
421 1764
421 1708
535 2231
535 2289
535 2397
292 1062
292 1061
292 1190
412 1628
412 1806
412 1681
532 2247
532 2215
532 2156
427 1744
427 1618
427 1766
507 2113
507 2107
507 2002
293 1124
293 1244
293 1192
463 2035
463 1862
463 1785
175 835
175 771
175 752
168 736
168 674
168 638
196 819
196 699
196 937
178 705
178 702
178 674
162 601
162 605
162 623
520 2244
520 2034
520 2030
462 1795
462 2110
462 1953
521 2041
521 2139
521 2114
286 1161
286 1216
286 1258
444 1739
444 1916
444 1789
434 1759
434 1947
434 1929
400 1771
400 1639
400 1531
470 1788
470 1824
470 1876
462 2027
462 2014
462 1862
412 1641
412 1673
412 1527
485 2060
485 2002
485 2038
438 1999
438 1825
438 1736
487 1954
487 1938
487 1970
424 1795
424 1715
424 1668
420 1789
420 1707
420 1638
368 1527
368 1453
368 1543
415 1822
415 1722
415 1856
203 794
203 908
203 855
344 1518
344 1368
344 1377
663 2652
663 2693
663 2648
536 2295
536 2171
536 2057
610 2344
610 2412
610 2488
450 1870
450 1941
450 2005
558 2291
558 2234
558 2165
82 327
82 351
82 308
149 727
149 559
149 610
104 516
104 408
104 478
115 459
115 469
115 505
106 425
106 371
106 374
438 1899
438 1809
438 1815
308 1177
308 1372
308 1260
381 1621
381 1491
381 1537
264 1133
264 1062
264 1139
367 1547
367 1516
367 1461
510 2063
510 1996
510 2210
460 1904
460 1925
460 1992
534 2194
534 2090
534 2430
308 1240
308 1269
308 1228
437 1785
437 1848
437 1782
542 2143
542 2137
542 2131
449 1936
449 1760
449 1764
493 1986
493 1916
493 1970
345 1509
345 1421
345 1418
438 1866
438 1776
438 1722
226 966
226 983
226 903
355 1316
355 1419
355 1450
542 2272
542 2414
542 2182
492 2045
492 2039
492 1989
538 2243
538 2199
538 2323
492 2058
492 2265
492 1965
599 2529
599 2264
599 2441
478 2030
478 2027
478 2107
540 2104
540 2405
540 2194
182 675
182 740
182 703
466 1906
466 1927
466 1876
576 2227
576 2519
576 2358
459 2002
459 2017
459 2142
570 2275
570 2233
570 2463
194 795
194 764
194 852
473 1892
473 1955
473 2032
192 806
192 747
192 722
181 699
181 744
181 705
162 723
162 578
162 634
154 600
154 677
154 606
294 1320
294 1140
294 1230
232 1104
232 857
232 910
274 1010
274 1168
274 1134
233 887
233 948
233 968
58 266
58 255
58 245
166 653
166 668
166 701
158 611
158 673
158 657
170 774
170 670
170 692
152 692
152 584
152 624
103 438
103 410
103 443
391 1526
391 1560
391 1605
299 1192
299 1149
299 1347
329 1345
329 1285
329 1371
302 1148
302 1344
302 1111
547 2338
547 2369
547 2314
473 1923
473 2060
473 1957
560 2410
560 2276
560 2167
483 1886
483 1963
483 2111
159 662
159 620
159 544
145 630
145 549
145 627
174 756
174 647
174 681
152 601
152 584
152 585
606 2653
606 2608
606 2403
558 2401
558 2185
558 2206
577 2306
577 2271
577 2482
540 2247
540 2173
540 2206
233 983
233 915
233 960
222 948
222 881
222 1013
265 1149
265 1051
265 982
211 774
211 946
211 814
626 2673
626 2575
626 2834
520 2288
520 2210
520 2211
596 2383
596 2451
596 2527
539 2122
539 2167
539 2140
250 972
250 985
250 971
206 839
206 871
206 731
235 898
235 955
235 945
204 835
204 905
204 799
615 2601
615 2623
615 2718
578 2529
578 2462
578 2383
619 2534
619 2518
619 2673
576 2322
576 2418
576 2416
425 1740
425 1804
425 1769
361 1461
361 1622
361 1471
389 1612
389 1802
389 1542
341 1259
341 1312
341 1458
496 2187
496 2000
496 2055
457 1887
457 1887
457 1792
504 2155
504 2094
504 2073
426 1621
426 1585
426 1841
606 2376
606 2615
606 2255
556 2047
556 2270
556 2274
623 2537
623 2632
623 2634
565 2211
565 2332
565 2368
536 2221
536 2138
536 2084
494 1978
494 2022
494 2031
551 2348
551 2406
551 2353
434 1738
434 1822
434 1730
390 1543
390 1544
390 1744
351 1444
351 1415
351 1442
423 1789
423 1717
423 1723
345 1452
345 1321
345 1325
647 2525
647 2630
647 2683
567 2502
567 2176
567 2311
625 2641
625 2539
625 2532
565 2266
565 2266
565 2384
653 2695
653 2664
653 2671
573 2651
573 2249
573 2283
607 2271
607 2527
607 2420
591 2363
591 2536
591 2345
750 3215
750 3190
750 3087
677 2732
677 2789
677 2664
731 3149
731 3130
731 2887
615 2687
615 2606
615 2435
375 1640
375 1513
375 1444
707 2967
707 2716
707 2779
569 2142
569 2177
569 2343
739 3192
739 3128
739 3182
564 2222
564 2299
564 2323
734 3135
734 2877
734 3016
612 2364
612 2488
612 2637
750 3011
750 2973
750 3115
603 2620
603 2352
603 2327
607 2477
607 2467
607 2513
503 1946
503 2394
503 2037
624 2578
624 2514
624 2709
494 2206
494 2123
494 1937
657 2834
657 2744
657 2851
501 2295
501 2095
501 1969
605 2558
605 2594
605 2386
479 1954
479 2061
479 1988
638 2722
638 2592
638 2666
536 2200
536 2212
536 2090
611 2393
611 2760
611 2693
492 2003
492 2072
492 1991
613 2699
613 2542
613 2602
552 2232
552 2404
552 2412
579 2491
579 2264
579 2487
532 2369
532 2046
532 2266
177 775
177 716
177 802
158 690
158 656
158 649
142 684
142 606
142 557
133 546
133 556
133 539
594 2481
594 2343
594 2549
541 2430
541 2317
541 2217
582 2329
582 2287
582 2433
500 2135
500 1992
500 2147
624 2575
624 2537
624 2595
502 1976
502 2013
502 2162
611 2515
611 2697
611 2481
521 2208
521 2170
521 2044
631 2596
631 2685
631 2534
517 2144
517 2225
517 1985
569 2475
569 2282
569 2397
531 2254
531 2200
531 2246
558 2459
558 2412
558 2366
453 1903
453 1778
453 1747
535 2186
535 2130
535 2281
459 2039
459 1954
459 1922
623 2473
623 2535
623 2568
545 2292
545 2262
545 2138
597 2593
597 2521
597 2461
518 2151
518 2155
518 2344
521 2120
521 2093
521 2096
484 2090
484 2006
484 2111
537 2208
537 2081
537 2223
466 1844
466 2081
466 1919
618 2628
618 2520
618 2721
513 2077
513 2276
513 2070
563 2316
563 2479
563 2305
524 2116
524 2219
524 2135
607 2291
607 2572
607 2537
543 2239
543 2430
543 2444
604 2372
604 2494
604 2476
541 2294
541 2348
541 2234
364 1566
364 1566
364 1372
283 1098
283 1181
283 1162
333 1278
333 1484
333 1302
279 1055
279 1187
279 1209
590 2289
590 2504
590 2416
545 2244
545 2225
545 2288
602 2541
602 2601
602 2288
533 2102
533 2210
533 2195
367 1542
367 1520
367 1559
306 1206
306 1188
306 1333
352 1523
352 1501
352 1397
290 1105
290 1245
290 1305
541 2292
541 2299
541 2135
421 1699
421 1671
421 1643
577 2496
577 2269
577 2305
421 1684
421 1763
421 1809
606 2415
606 2353
606 2552
452 1733
452 1907
452 1816
567 2163
567 2563
567 2223
484 1999
484 2103
484 2038
423 1673
423 1732
423 1679
344 1503
344 1470
344 1391
467 2053
467 2096
467 1976
349 1403
349 1278
349 1374
552 2202
552 2271
552 2227
497 1881
497 2016
497 2119
585 2444
585 2544
585 2562
515 2093
515 2114
515 1826
586 2720
586 2450
586 2331
505 2070
505 2018
505 2225
542 2089
542 2247
542 2287
509 2062
509 1888
509 2026
517 2165
517 2220
517 2194
528 2191
528 2173
528 2244
595 2542
595 2529
595 2390
519 2024
519 2324
519 2021
652 2866
652 2667
652 2899
567 2189
567 2506
567 2403
657 2553
657 2675
657 2678
613 2539
613 2557
613 2391
40 123
40 198
40 148
187 780
187 694
187 785
162 660
162 587
162 610
199 847
199 733
199 793
181 763
181 838
181 673
565 2296
565 2311
565 2474
515 2030
515 2383
515 2026
547 2353
547 2282
547 2314
513 2138
513 2014
513 2243
630 2502
630 2566
630 2601
493 2035
493 2072
493 2184
552 2346
552 2348
552 2222
546 2365
546 2143
546 2119
626 2756
626 2686
626 2534
511 2188
511 2139
511 2248
578 2374
578 2361
578 2290
527 2168
527 2073
527 2280
537 2236
537 2122
537 2090
451 1751
451 1830
451 1943
453 1918
453 1953
453 2038
423 1688
423 1650
423 1571
401 1564
401 1530
401 1581
329 1327
329 1302
329 1391
394 1622
394 1691
394 1598
349 1476
349 1428
349 1462
592 2333
592 2488
592 2328
551 2224
551 2226
551 2377
632 2606
632 2592
632 2734
494 1963
494 2131
494 2218
628 2623
628 2578
628 2519
509 2218
509 2102
509 2135
634 2435
634 2625
634 2695
554 2289
554 2429
554 2395
271 1214
271 1091
271 1122
578 2348
578 2184
578 2338
493 1862
493 2090
493 2033
604 2610
604 2548
604 2529
518 2157
518 2299
518 2072
603 2472
603 2434
603 2591
462 1909
462 1903
462 1923
606 2459
606 2446
606 2285
520 2056
520 2119
520 2256
553 2244
553 2238
553 2279
493 2149
493 2014
493 1889
623 2698
623 2510
623 2623
523 2245
523 2124
523 2280
600 2389
600 2378
600 2746
503 2205
503 2104
503 2106
577 2455
577 2399
577 2353
494 2046
494 2023
494 2016
454 1889
454 1759
454 1840
425 1667
425 1805
425 1753
456 1771
456 1713
456 1865
386 1562
386 1683
386 1703
454 1888
454 1845
454 2182
638 2540
638 2759
638 2619
527 2184
527 2285
527 2054
531 2155
531 2198
531 2127
487 2066
487 1926
487 2109
533 2273
533 2106
533 2239
539 2431
539 2403
539 2137
579 2325
579 2496
579 2315
510 2098
510 2114
510 2226
591 2514
591 2446
591 2354
505 2022
505 2265
505 2128
533 2114
533 2282
533 2324
534 2187
534 2167
534 2033
605 2560
605 2607
605 2683
487 2076
487 1903
487 2014
611 2596
611 2583
611 2646
464 2041
464 1970
464 2056
595 2571
595 2422
595 2519
482 2030
482 2049
482 1906
573 2321
573 2319
573 2502
482 2062
482 1941
482 1991
440 1887
440 1803
440 1689
484 2025
484 2044
484 1985
413 1705
413 1543
413 1689
488 2239
488 2069
488 2129
360 1566
360 1398
360 1360
622 2542
622 2615
622 2711
521 1938
521 2119
521 1984
554 2215
554 2314
554 2484
497 2060
497 2116
497 2114
609 2762
609 2402
609 2518
507 2007
507 1935
507 2051
609 2260
609 2406
609 2696
509 2191
509 2159
509 2258
528 2158
528 2241
528 2217
431 1766
431 1743
431 1899
518 2149
518 2278
518 2268
450 1918
450 1772
450 1743
705 2938
705 2957
705 3106
546 2249
546 2404
546 2096
667 2882
667 2683
667 2782
589 2528
589 2467
589 2421
855 3642
855 3717
855 3700
755 3310
755 3076
755 3302
800 3264
800 3387
800 3032
694 2814
694 2943
694 2760
258 1026
258 1021
258 1102
235 957
235 958
235 876
198 727
198 853
198 896
241 1021
241 965
241 982
182 749
182 702
182 761
611 2654
611 2389
611 2450
480 1974
480 1892
480 1997
615 2435
615 2486
615 2559
508 2035
508 1866
508 2211
615 2481
615 2738
615 2685
499 1936
499 2112
499 2190
614 2553
614 2458
614 2418
520 2162
520 2138
520 2160
628 2732
628 2613
628 2880
486 2014
486 1978
486 2072
535 2404
535 2152
535 2220
482 2079
482 2014
482 1995
478 2013
478 2004
478 1921
354 1467
354 1431
354 1508
459 1898
459 1830
459 1942
471 2033
471 1981
471 2022
398 1540
398 1683
398 1700
406 1573
406 1776
406 1822
419 1809
419 1727
419 1638
426 1857
426 1819
426 1744
479 2008
479 2183
479 2007
410 1706
410 1784
410 1759
451 2072
451 1900
451 1911
409 1718
409 1728
409 1746
476 1948
476 1833
476 2037
422 1957
422 1794
422 1619
365 1538
365 1406
365 1412
470 1854
470 1902
470 1989
391 1531
391 1598
391 1659
442 1728
442 1939
442 1687
444 1919
444 1735
444 1859
365 1620
365 1512
365 1554
448 1769
448 1755
448 1879
414 1637
414 1730
414 1577
373 1531
373 1526
373 1694
479 2002
479 2052
479 2007
441 1783
441 1673
441 1887
459 1716
459 1941
459 1983
415 1680
415 1661
415 1667
472 1815
472 1825
472 2023
428 1887
428 1731
428 1730
379 1555
379 1607
379 1555
376 1366
376 1481
376 1562
368 1545
368 1571
368 1421
387 1545
387 1554
387 1424
398 1595
398 1604
398 1759
402 1661
402 1550
402 1698
164 663
164 646
164 598
236 935
236 1006
236 1037
134 551
134 541
134 475
145 547
145 635
145 708
143 598
143 559
143 538
205 811
205 753
205 829
198 851
198 932
198 741
205 812
205 860
205 893
190 745
190 721
190 782
170 569
170 671
170 777
496 2100
496 2103
496 1951
423 1755
423 1814
423 1667
430 1826
430 1791
430 1819
439 1635
439 1800
439 1821
380 1569
380 1621
380 1633
417 1706
417 1807
417 1723
398 1559
398 1668
398 1543
464 2092
464 1937
464 1777
483 2011
483 2021
483 2032
407 1759
407 1806
407 1415
445 1839
445 1822
445 1707
385 1514
385 1658
385 1720
462 1951
462 1834
462 2002
446 1730
446 1751
446 1763
376 1557
376 1508
376 1514
447 1834
447 1785
447 1809
382 1628
382 1637
382 1475
449 1860
449 1887
449 1864
440 1895
440 1795
440 1712
424 1664
424 1768
424 1664
497 2095
497 2001
497 2050
376 1599
376 1544
376 1524
445 1899
445 1784
445 1979
469 1900
469 1905
469 1981
354 1504
354 1466
354 1377
460 1933
460 1824
460 1901
430 1865
430 1800
430 1739
442 1770
442 1748
442 1791
506 2194
506 2186
506 2032
337 1460
337 1447
337 1453
354 1482
354 1453
354 1449
284 1133
284 1186
284 1213
332 1499
332 1372
332 1287
339 1351
339 1358
339 1375
283 1171
283 1164
283 1134
451 1853
451 1854
451 1860
399 1636
399 1691
399 1479
445 1804
445 2020
445 1819
454 1954
454 1891
454 1777
391 1599
391 1754
391 1520
451 1736
451 1969
451 2088
425 1944
425 1715
425 1749
473 1875
473 1977
473 1874
408 1651
408 1591
408 1680
372 1606
372 1581
372 1496
424 1768
424 1665
424 1791
399 1708
399 1596
399 1548
475 1918
475 1977
475 1896
469 2156
469 1874
469 1843
385 1477
385 1620
385 1665
128 450
128 504
128 504
520 2063
520 2128
520 2227
457 1814
457 1795
457 1948
361 1611
361 1463
361 1503
458 1949
458 1938
458 1965
466 1944
466 1894
466 1962
412 1548
412 1708
412 1651
171 757
171 690
171 748
427 1841
427 1698
427 1765
361 1557
361 1433
361 1366
394 1645
394 1548
394 1636
423 1932
423 1649
423 1750
362 1431
362 1340
362 1501
426 1591
426 1769
426 1916
376 1554
376 1539
376 1516
407 1614
407 1725
407 1782
409 1700
409 1589
409 1619
345 1437
345 1385
345 1399
420 1845
420 1697
420 1798
376 1430
376 1466
376 1690
428 1747
428 1633
428 1668
410 1765
410 1703
410 1663
371 1562
371 1576
371 1541
474 1904
474 2000
474 1925
430 1773
430 1830
430 1783
497 2091
497 1932
497 2131
511 2173
511 2185
511 2180
435 1791
435 1889
435 1806
497 2114
497 2033
497 2209
447 1836
447 1846
447 1978
463 1875
463 1986
463 1995
513 2150
513 2216
513 2032
412 1761
412 1757
412 1715
506 2141
506 2096
506 2212
430 1590
430 1805
430 1865
502 2095
502 2044
502 2106
439 1810
439 1854
439 1790
438 1887
438 1827
438 1791
240 951
240 956
240 942
189 714
189 776
189 754
231 853
231 907
231 1052
210 829
210 810
210 792
175 722
175 698
175 759
512 2187
512 2216
512 2071
436 1775
436 1807
436 1802
483 2009
483 1936
483 1974
498 2228
498 2032
498 2017
447 2042
447 1990
447 1905
516 2258
516 2060
516 2134
428 1887
428 1653
428 1761
486 1974
486 2137
486 1901
484 2012
484 1966
484 1939
476 1810
476 1962
476 1997
472 1913
472 1884
472 1896
438 1762
438 1920
438 1781
461 1998
461 1893
461 2036
522 2123
522 2213
522 2138
466 2251
466 2043
466 1838
457 1821
457 1806
457 1937
377 1576
377 1512
377 1712
488 2028
488 1982
488 1977
485 1847
485 2026
485 1937
381 1526
381 1557
381 1454
481 1929
481 1946
481 1927
408 1573
408 1617
408 1534
470 1838
470 2028
470 1920
459 1965
459 1752
459 1949
408 1768
408 1611
408 1769
523 2397
523 2216
523 2179
408 1783
408 1585
408 1845
545 2221
545 2340
545 2231
499 2154
499 1984
499 2209
437 1702
437 1885
437 1823
251 1105
251 1031
251 965
215 928
215 943
215 845
253 911
253 906
253 935
260 1044
260 1048
260 1160
208 802
208 817
208 868
410 1591
410 1715
410 1555
330 1290
330 1350
330 1312
364 1627
364 1522
364 1502
398 1633
398 1617
398 1680
345 1335
345 1392
345 1373
380 1597
380 1639
380 1595
364 1578
364 1572
364 1539
406 1699
406 1655
406 1585
379 1531
379 1659
379 1729
316 1260
316 1421
316 1224
384 1603
384 1645
384 1537
334 1430
334 1432
334 1360
395 1704
395 1519
395 1668
405 1618
405 1731
405 1660
351 1386
351 1469
351 1428
405 1632
405 1643
405 1749
338 1368
338 1433
338 1436
387 1486
387 1646
387 1547
419 1835
419 1688
419 1691
365 1521
365 1511
365 1598
398 1604
398 1641
398 1557
341 1363
341 1444
341 1446
436 1835
436 1764
436 1748
383 1572
383 1635
383 1466
369 1352
369 1440
369 1519
424 1755
424 1750
424 1597
349 1417
349 1422
349 1311
420 1844
420 1665
420 1805
399 1875
399 1618
399 1612
333 1423
333 1325
333 1466
290 1189
290 1336
290 1251
329 1390
329 1422
329 1297
265 1041
265 1095
265 1066
360 1519
360 1548
360 1518
354 1416
354 1479
354 1422
287 1145
287 1114
287 1272
383 1455
383 1435
383 1523
336 1386
336 1265
336 1289
382 1594
382 1495
382 1657
441 1850
441 1817
441 1755
370 1496
370 1524
370 1507
427 1800
427 1790
427 1751
334 1494
334 1387
334 1383
414 1809
414 1666
414 1593
398 1677
398 1620
398 1643
349 1396
349 1347
349 1315
395 1555
395 1562
395 1491
338 1490
338 1334
338 1371
419 1886
419 1562
419 1600
423 1712
423 1685
423 1769
335 1321
335 1456
335 1290
433 1802
433 1953
433 1783
338 1324
338 1313
338 1440
428 1723
428 1739
428 1630
372 1490
372 1493
372 1472
355 1385
355 1379
355 1416
400 1564
400 1737
400 1692
337 1400
337 1386
337 1314
400 1572
400 1564
400 1634
413 1575
413 1762
413 1621
376 1565
376 1481
376 1578
447 1721
447 1843
447 1871
347 1286
347 1386
347 1325
414 1818
414 1882
414 1681
384 1550
384 1591
384 1581
358 1387
358 1421
358 1412
397 1689
397 1579
397 1593
374 1396
374 1542
374 1672
428 1949
428 1802
428 1868
415 1659
415 1772
415 1665
341 1378
341 1417
341 1475
343 1291
343 1384
343 1374
326 1289
326 1287
326 1345
462 1902
462 1817
462 2001
404 1542
404 1688
404 1660
475 1934
475 2016
475 2020
486 2039
486 2154
486 2110
411 1621
411 1652
411 1641
473 1924
473 1883
473 2015
348 1495
348 1411
348 1341
493 2100
493 1908
493 1960
469 1918
469 2026
469 2051
415 1838
415 1662
415 1721
464 1888
464 1955
464 1860
394 1563
394 1586
394 1553
449 1775
449 1923
449 1947
468 1837
468 1722
468 2173
424 1598
424 1796
424 1701
464 1869
464 1755
464 1947
421 1669
421 1653
421 1629
455 1970
455 1834
455 1828
488 1965
488 1979
488 2074
368 1563
368 1699
368 1485
144 697
144 571
144 547
142 468
142 570
142 590
177 754
177 637
177 705
171 649
171 668
171 667
145 605
145 710
145 611
465 1959
465 1891
465 1897
379 1448
379 1442
379 1523
459 1816
459 1920
459 1678
458 1867
458 1914
458 1878
388 1674
388 1600
388 1571
421 1753
421 1665
421 1794
129 492
129 538
129 475
455 1909
455 1849
455 1807
422 1670
422 1655
422 1826
480 2081
480 1948
480 2072
467 1864
467 1799
467 1802
389 1597
389 1533
389 1610
430 1720
430 1761
430 1761
388 1565
388 1568
388 1568
497 2120
497 2117
497 1936
457 1938
457 1929
457 1824
420 1664
420 1684
420 1777
327 1494
327 1311
327 1419
269 1165
269 1214
269 1116
337 1442
337 1418
337 1378
330 1374
330 1432
330 1289
275 1223
275 1143
275 1106
483 1990
483 1994
483 2011
378 1647
378 1676
378 1657
471 1851
471 1895
471 1929
498 2154
498 2075
498 1941
396 1666
396 1740
396 1645
455 1972
455 1839
455 1850
408 1709
408 1547
408 1563
465 1954
465 1989
465 2175
475 1941
475 2017
475 1955
394 1503
394 1680
394 1592
215 850
215 962
215 928
174 673
174 639
174 703
197 743
197 824
197 863
203 848
203 849
203 744
163 628
163 643
163 673
301 1249
301 1227
301 1344
500 2064
500 2180
500 2045
387 1691
387 1517
387 1481
521 1945
521 2139
521 2127
462 2018
462 1938
462 1986
426 1831
426 1817
426 1846
376 1536
376 1452
376 1661
355 1459
355 1375
355 1468
355 1370
355 1491
355 1414
381 1543
381 1629
381 1517
303 1125
303 1204
303 1302
215 908
215 768
215 977
163 702
163 594
163 639
225 936
225 924
225 939
225 912
225 948
225 962
191 740
191 781
191 840
321 1264
321 1213
321 1344
277 1175
277 1154
277 1102
291 1223
291 1243
291 1217
311 1314
311 1227
311 1347
267 1158
267 1260
267 1004
470 1880
470 1959
470 2093
394 1548
394 1635
394 1759
456 1843
456 1934
456 1811
470 2049
470 1969
470 2051
394 1740
394 1581
394 1739
464 1892
464 1845
464 1871
353 1618
353 1485
353 1573
450 1852
450 2028
450 1899
445 1853
445 2004
445 1910
408 1681
408 1780
408 1508
467 1979
467 2019
467 2029
379 1444
379 1578
379 1457
443 1793
443 1749
443 1784
452 1911
452 1996
452 1820
382 1599
382 1581
382 1616
441 1727
441 1834
441 1864
383 1512
383 1620
383 1511
455 2001
455 1975
455 1899
473 2078
473 2047
473 1848
378 1736
378 1593
378 1584
415 1550
415 1711
415 1683
365 1361
365 1505
365 1373
471 1927
471 2068
471 1982
443 1739
443 1807
443 1795
447 1763
447 1954
447 1662
421 1692
421 1783
421 1864
595 2470
595 2531
595 2511
508 2050
508 2105
508 2006
412 1694
412 1744
412 1745
462 1837
462 1831
462 1948
467 2007
467 1735
467 2089
366 1462
366 1611
366 1484
434 1782
434 1777
434 1816
359 1525
359 1607
359 1386
482 2012
482 2127
482 1874
483 1975
483 2047
483 2037
388 1632
388 1594
388 1495
462 1955
462 1796
462 2000
406 1724
406 1729
406 1740
480 1910
480 1947
480 2104
475 2030
475 1872
475 1920
377 1542
377 1632
377 1619
469 1917
469 1992
469 1873
428 1824
428 1721
428 1885
471 1864
471 1944
471 2035
450 1834
450 1879
450 1894
405 1619
405 1586
405 1814
463 1960
463 1829
463 1983
396 1518
396 1589
396 1616
510 2034
510 2036
510 2186
484 2034
484 1939
484 1988
409 1581
409 1606
409 1743
493 1940
493 1941
493 2087
404 1577
404 1587
404 1761
482 2020
482 2010
482 1968
478 1891
478 2130
478 2052
459 1909
459 1851
459 1929
166 644
166 668
166 741
501 2120
501 2020
501 2105
432 1791
432 1740
432 1754
497 1970
497 2026
497 2154
490 1870
490 2083
490 1975
445 1785
445 1910
445 1782
500 2119
500 1949
500 2022
415 1823
415 1713
415 1725
522 2143
522 2408
522 2037
494 2001
494 2042
494 2076
449 1821
449 1950
449 1790
572 2258
572 2405
572 2548
452 2070
452 1871
452 1836
487 2075
487 2121
487 1991
495 2002
495 1944
495 2071
448 1837
448 1831
448 1932
448 1740
448 1870
448 1871
345 1299
345 1496
345 1226
440 1803
440 1778
440 1775
403 1666
403 1680
403 1621
375 1564
375 1581
375 1616
476 1972
476 2070
476 1992
354 1488
354 1348
354 1581
475 2053
475 2079
475 1953
422 1820
422 1790
422 1813
382 1466
382 1774
382 1678
336 1483
336 1200
336 1383
295 1231
295 1232
295 1295
366 1555
366 1489
366 1487
369 1523
369 1461
369 1477
282 1159
282 1139
282 1091
479 2027
479 1887
479 2038
428 1770
428 1746
428 1665
474 1977
474 2041
474 2015
513 2078
513 2020
513 2184
385 1465
385 1572
385 1526
466 1894
466 1962
466 1782
436 1888
436 1671
436 1850
460 2127
460 1951
460 1782
526 2277
526 2108
526 2010
434 1725
434 1766
434 1630
486 2032
486 2041
486 2063
434 1838
434 1872
434 1669
486 2014
486 2026
486 1927
506 2305
506 2195
506 2208
398 1546
398 1623
398 1812
499 1986
499 2108
499 2007
429 1750
429 1794
429 1609
471 2030
471 2097
471 1946
467 1916
467 1882
467 1773
437 1791
437 1707
437 1896
473 1957
473 1868
473 1934
467 1973
467 1935
467 1974
448 1807
448 1629
448 1923
519 2211
519 2078
519 2046
504 2025
504 2103
504 2009
421 1741
421 1661
421 1845
478 1832
478 1830
478 1974
440 1859
440 1729
440 1774
524 2206
524 2066
524 2155
483 1954
483 2039
483 2005
448 2030
448 1775
448 1713
515 2209
515 2025
515 2177
469 1897
469 1990
469 2008
523 2103
523 2125
523 2297
486 1930
486 2127
486 2076
407 1702
407 1550
407 1688
522 2366
522 2190
522 2157
445 1810
445 1661
445 1890
525 2042
525 2144
525 2100
506 2287
506 2032
506 2117
451 1689
451 1706
451 1823
575 2462
575 2312
575 2443
459 2050
459 1888
459 2045
546 2270
546 2219
546 2320
505 1962
505 2167
505 2108
463 2046
463 1858
463 1947
285 1251
285 1091
285 1196
270 1040
270 1067
270 1043
277 1123
277 1257
277 1122
277 1056
277 1052
277 1131
236 1003
236 930
236 902
588 2478
588 2352
588 2452
529 2178
529 2067
529 2167
558 2239
558 2139
558 2250
613 2581
613 2405
613 2652
484 2060
484 2027
484 2049
618 2569
618 2536
618 2559
545 2249
545 2175
545 2105
603 2424
603 2399
603 2582
591 2497
591 2507
591 2554
499 2023
499 2078
499 2239
626 2506
626 2679
626 2500
524 2312
524 2219
524 2229
640 2578
640 2456
640 2893
604 2609
604 2618
604 2414
554 2202
554 2368
554 2293
630 2591
630 2717
630 2709
562 2269
562 2311
562 2484
651 2629
651 2745
651 2690
640 2568
640 2692
640 2754
553 2163
553 2296
553 2356
666 2860
666 2730
666 2846
616 2632
616 2374
616 2646
630 2659
630 2669
630 2414
669 2679
669 2749
669 2674
588 2617
588 2506
588 2271
685 2813
685 2866
685 2995
603 2483
603 2499
603 2530
681 2748
681 2904
681 2797
685 2842
685 2757
685 2776
650 2567
650 2731
650 2901
197 920
197 735
197 781
161 646
161 686
161 650
195 758
195 830
195 733
189 725
189 758
189 823
152 583
152 553
152 567
491 1964
491 2015
491 2048
420 1737
420 1808
420 1784
467 2066
467 2006
467 2019
482 2119
482 2164
482 2075
383 1675
383 1603
383 1439
499 1932
499 2027
499 2024
386 1530
386 1763
386 1555
517 2161
517 2173
517 2127
484 2020
484 1894
484 2117
382 1456
382 1472
382 1583
445 1939
445 1770
445 1715
424 1839
424 1634
424 1723
476 1971
476 2020
476 1949
514 2090
514 2248
514 2231
402 1452
402 1644
402 1769
369 1639
369 1552
369 1478
304 1256
304 1292
304 1231
350 1343
350 1408
350 1340
350 1446
350 1324
350 1452
311 1209
311 1162
311 1375
377 1666
377 1665
377 1738
325 1319
325 1459
325 1220
368 1445
368 1606
368 1514
375 1487
375 1542
375 1504
312 1213
312 1311
312 1244
497 2099
497 1986
497 2171
427 1839
427 1714
427 1655
479 2108
479 1903
479 1907
491 1988
491 2086
491 2009
416 1741
416 1733
416 1635
467 1868
467 1934
467 1964
389 1652
389 1585
389 1571
504 2170
504 1984
504 2048
494 2067
494 1866
494 2059
440 1789
440 1736
440 1792
492 2074
492 2041
492 2015
411 1684
411 1598
411 1632
482 2029
482 1971
482 1993
473 1913
473 2008
473 2076
455 1906
455 1805
455 1843
483 1981
483 2018
483 1961
453 1811
453 1870
453 1864
492 2133
492 1971
492 2056
503 2175
503 1918
503 2163
399 1646
399 1750
399 1642
519 2054
519 2107
519 2102
457 1869
457 1958
457 1939
603 2507
603 2462
603 2510
530 2176
530 2261
530 2109
474 1873
474 1930
474 1804
509 2151
509 2074
509 2009
412 1734
412 1789
412 1668
483 1865
483 1925
483 1975
535 2341
535 2338
535 2040
375 1412
375 1593
375 1493
498 1985
498 2091
498 2037
412 1588
412 1568
412 1675
492 2218
492 2111
492 2085
489 2079
489 2002
489 2050
417 1690
417 1985
417 1685
502 2051
502 2096
502 2086
427 1787
427 1831
427 1713
478 1972
478 1983
478 1796
494 2116
494 1978
494 2214
432 1725
432 1791
432 1742
248 978
248 970
248 1051
191 781
191 833
191 785
235 1110
235 1003
235 875
255 1152
255 1111
255 1098
217 880
217 837
217 883
490 1936
490 1970
490 1894
429 1794
429 1871
429 1948
478 2055
478 2091
478 1884
494 2006
494 2118
494 2110
447 1811
447 1897
447 1796
548 2250
548 2173
548 2179
410 1744
410 1621
410 1667
491 2158
491 2092
491 2029
469 1887
469 1876
469 1747
393 1629
393 1669
393 1599
225 869
225 917
225 936
217 805
217 931
217 855
221 916
221 851
221 934
242 994
242 923
242 971
200 817
200 812
200 789
524 2215
524 2230
524 2137
469 1963
469 2102
469 1922
540 2166
540 2246
540 2075
494 1950
494 1990
494 2032
470 1995
470 1886
470 1881
585 2347
585 2659
585 2421
448 1847
448 1935
448 1816
515 2147
515 2091
515 2064
521 2069
521 2136
521 2254
450 1739
450 1802
450 1875
528 2096
528 2373
528 2200
478 2043
478 2008
478 2017
504 2198
504 1943
504 2232
526 1992
526 2069
526 2223
492 2275
492 1824
492 2014
517 2028
517 2044
517 2142
478 1899
478 2078
478 2042
522 2282
522 2146
522 2097
541 2336
541 2075
541 2405
460 1855
460 1872
460 1830
527 2021
527 2157
527 2167
427 1675
427 1603
427 1685
499 2076
499 2189
499 2026
547 2277
547 2197
547 2263
467 2018
467 1969
467 1998
514 2157
514 2248
514 2229
481 2145
481 1875
481 2148
517 2058
517 2090
517 2151
508 2035
508 2269
508 2134
473 1911
473 2147
473 1988
578 2477
578 2508
578 2512
420 1735
420 1759
420 1675
536 2281
536 2151
536 2168
516 2184
516 2168
516 2338
455 1808
455 1889
455 1913
80 276
80 355
80 281
526 2190
526 2236
526 2172
451 1796
451 1862
451 1885
560 2280
560 2284
560 2423
535 2248
535 2279
535 2184
470 2058
470 1943
470 1809
261 1037
261 1124
261 1083
232 927
232 869
232 892
247 1004
247 973
247 984
255 1131
255 1148
255 1033
225 969
225 964
225 1010
419 1756
419 1643
419 1738
333 1308
333 1441
333 1232
435 1956
435 1858
435 1773
468 1883
468 1906
468 1948
304 1205
304 1281
304 1193
455 1958
455 2049
455 1940
352 1392
352 1369
352 1335
441 1848
441 1726
441 1737
415 1800
415 1607
415 1765
367 1412
367 1668
367 1499
418 1738
418 1738
418 1729
355 1384
355 1319
355 1727
446 1685
446 1762
446 1818
471 1982
471 1921
471 1974
363 1465
363 1571
363 1586
341 1347
341 1347
341 1327
289 1054
289 1189
289 1098
375 1606
375 1514
375 1486
333 1354
333 1362
333 1349
292 1248
292 1298
292 1157
467 1878
467 1909
467 1923
355 1540
355 1393
355 1468
451 1754
451 1866
451 1856
442 1754
442 1809
442 1860
401 1692
401 1568
401 1771
477 1875
477 2012
477 1976
365 1486
365 1566
365 1423
451 1783
451 1838
451 1821
465 1882
465 2002
465 2053
412 1624
412 1500
412 1640
470 1842
470 1942
470 2119
429 1823
429 1811
429 1868
454 1837
454 1851
454 1749
466 1896
466 1887
466 2067
408 1581
408 1803
408 1598
473 1950
473 1927
473 1665
420 1848
420 1732
420 1855
476 1836
476 1916
476 1977
482 1932
482 2207
482 1935
390 1515
390 1474
390 1543
494 2074
494 2070
494 2096
422 1720
422 1668
422 1807
488 2078
488 1965
488 1954
467 2006
467 1942
467 2043
436 1999
436 1770
436 1915
485 2032
485 2101
485 2028
426 1852
426 1825
426 1781
509 2136
509 2127
509 2167
463 1934
463 1975
463 1902
411 1670
411 1618
411 1798
217 879
217 863
217 881
204 765
204 769
204 796
237 920
237 955
237 1003
281 1095
281 1156
281 1149
198 1016
198 847
198 823
491 1941
491 2111
491 2204
406 1650
406 1529
406 1675
504 1962
504 1974
504 2108
490 2117
490 2073
490 1933
418 1596
418 1657
418 1640
490 2091
490 1935
490 1988
425 1797
425 1598
425 1692
519 2269
519 2231
519 2083
456 1825
456 1956
456 1751
414 1763
414 1748
414 1718
471 1953
471 1990
471 1906
388 1573
388 1551
388 1621
506 2173
506 1930
506 2000
502 2116
502 2051
502 2134
436 1809
436 1803
436 1759
142 591
142 599
142 657
503 2209
503 2114
503 2212
456 1891
456 1955
456 1802
486 2117
486 1996
486 1975
495 2091
495 2063
495 2173
407 1635
407 1661
407 1714
476 1711
476 1940
476 1955
431 1780
431 1778
431 1852
496 2213
496 2089
496 1971
504 2062
504 2059
504 1983
470 1959
470 1979
470 1978
500 1963
500 2098
500 2029
457 1929
457 1715
457 1946
490 2131
490 2093
490 2353
481 2020
481 2093
481 2061
437 1633
437 1829
437 1897
332 1386
332 1569
332 1435
509 1980
509 2215
509 2128
428 1776
428 1763
428 1807
499 2071
499 2173
499 2020
530 2436
530 2240
530 2178
404 1598
404 1708
404 1597
488 2101
488 1923
488 2111
420 1863
420 1617
420 1836
479 2022
479 1891
479 1934
532 2194
532 2285
532 2312
457 1742
457 2102
457 1880
155 571
155 620
155 586
171 664
171 732
171 722
185 770
185 726
185 805
205 815
205 784
205 834
170 671
170 648
170 627
435 1724
435 1687
435 1756
419 1819
419 1779
419 1735
452 1899
452 2084
452 1997
490 2129
490 2236
490 2013
432 1830
432 1810
432 1790
656 2775
656 2573
656 2894
569 2515
569 2374
569 2179
613 2682
613 2600
613 2460
682 2715
682 2775
682 2842
572 2266
572 2430
572 2497
668 2881
668 2803
668 2764
576 2434
576 2469
576 2564
685 2810
685 2961
685 2684
690 2777
690 2899
690 2868
588 2486
588 2423
588 2561
507 2162
507 2146
507 2048
449 1892
449 2124
449 1853
496 1922
496 1942
496 2014
507 2160
507 2157
507 2123
444 1803
444 1863
444 1701
334 1326
334 1355
334 1399
333 1382
333 1319
333 1294
386 1597
386 1587
386 1579
368 1569
368 1467
368 1472
340 1490
340 1511
340 1281
663 2833
663 2871
663 2648
611 2628
611 2486
611 2653
644 2645
644 2481
644 2704
712 2911
712 2874
712 3062
550 2237
550 2238
550 2362
669 2957
669 2693
669 2786
583 2451
583 2340
583 2383
688 2949
688 2800
688 2810
633 2648
633 2609
633 2557
623 2652
623 2619
623 2497
358 1388
358 1372
358 1558
653 2704
653 2599
653 2746
569 2452
569 2370
569 2458
700 3008
700 2733
700 2744
686 3142
686 2870
686 2834
606 2546
606 2594
606 2510
608 2359
608 2329
608 2687
529 2254
529 2214
529 2207
630 2545
630 2552
630 2627
622 2569
622 2473
622 2467
559 2245
559 2311
559 2161
344 1304
344 1509
344 1413
291 1224
291 1278
291 1253
306 1295
306 1231
306 1134
325 1351
325 1291
325 1384
309 1354
309 1280
309 1204
668 2858
668 2670
668 2622
578 2396
578 2433
578 2524
691 2898
691 2901
691 2813
679 2658
679 2862
679 2902
585 2444
585 2312
585 2344
646 2678
646 2659
646 2685
606 2665
606 2673
606 2571
670 2772
670 2818
670 2754
683 2797
683 2856
683 2707
577 2303
577 2238
577 2305
292 1172
292 1155
292 1118
251 1094
251 1024
251 961
308 1313
308 1262
308 1346
308 1320
308 1217
308 1410
256 995
256 1014
256 947
429 1807
429 1760
429 1765
412 1517
412 1620
412 1624
455 1974
455 1866
455 1835
468 1943
468 2118
468 1985
407 1661
407 1611
407 1620
464 1928
464 2008
464 2017
401 1695
401 1605
401 1596
465 1904
465 2061
465 1945
508 2112
508 2277
508 2012
413 1668
413 1786
413 1573
135 643
135 466
135 595
489 2054
489 1868
489 2102
431 1920
431 1650
431 1763
511 2073
511 2231
511 1981
540 2158
540 2232
540 2247
429 1806
429 1642
429 1779
404 1651
404 1501
404 1661
359 1396
359 1527
359 1528
406 1561
406 1689
406 1676
420 1714
420 1768
420 1771
353 1431
353 1522
353 1390
486 1990
486 1951
486 2127
465 1851
465 2056
465 1845
500 2022
500 2152
500 2065
484 1965
484 2170
484 2124
458 1981
458 1859
458 1886
414 1734
414 1738
414 1745
356 1507
356 1526
356 1424
399 1557
399 1628
399 1741
446 1847
446 1779
446 1768
319 1234
319 1458
319 1475
100 451
100 427
100 477
526 2114
526 2260
526 2224
446 1882
446 1887
446 1744
492 2041
492 1956
492 1947
509 2278
509 2307
509 2087
437 1715
437 1688
437 1776
499 2047
499 1980
499 2238
445 1780
445 1845
445 1837
489 1961
489 1953
489 2019
477 2206
477 1928
477 1974
444 1679
444 1772
444 1792
506 1994
506 2118
506 2131
426 1788
426 1794
426 1893
486 2028
486 1936
486 2080
498 2227
498 2209
498 2032
453 1911
453 1795
453 1840
283 1271
283 1114
283 1151
259 1202
259 1150
259 989
318 1277
318 1263
318 1420
309 1333
309 1312
309 1235
288 1207
288 1196
288 1214
702 2743
702 3034
702 2804
585 2504
585 2466
585 2397
705 2901
705 2944
705 2873
686 3007
686 2800
686 3002
589 2489
589 2336
589 2603
681 2763
681 3015
681 2919
608 2465
608 2322
608 2452
705 2999
705 2644
705 3038
691 2930
691 2861
691 2899
597 2389
597 2514
597 2402
569 2234
569 2591
569 2250
510 2095
510 2043
510 2007
583 2397
583 2407
583 2633
555 2340
555 2465
555 2210
498 2036
498 2024
498 2047
701 3054
701 2855
701 2869
634 2637
634 2656
634 2663
753 3161
753 3161
753 3233
713 2726
713 2990
713 2936
699 2787
699 2851
699 3010
678 2913
678 2819
678 2839
543 2039
543 2294
543 2242
662 2607
662 2675
662 2594
696 3203
696 2928
696 2996
618 2320
618 2592
618 2579
536 2285
536 2337
536 2380
433 1734
433 1986
433 1682
491 2036
491 2142
491 1904
536 2206
536 2153
536 2400
423 1689
423 1845
423 1752
279 1151
279 1252
279 1244
193 752
193 781
193 857
247 1049
247 944
247 1012
240 1047
240 1009
240 1125
190 741
190 746
190 747
503 1912
503 2117
503 2023
444 1876
444 2033
444 1992
532 2153
532 2310
532 2137
509 1962
509 2184
509 2171
434 1789
434 1691
434 1843
535 2195
535 2375
535 2188
444 1963
444 1842
444 1814
528 2279
528 2204
528 2325
532 2071
532 2069
532 2030
416 1752
416 1688
416 1815
509 2061
509 2218
509 2161
444 1773
444 1859
444 1833
528 2282
528 2278
528 2131
495 1991
495 2173
495 1955
452 1852
452 1911
452 1737
499 2016
499 2109
499 2055
435 1909
435 1749
435 1810
501 1924
501 2032
501 2239
550 2263
550 2280
550 2393
451 1871
451 1932
451 1797
507 2030
507 2116
507 2147
394 1621
394 1580
394 1484
520 2133
520 2180
520 2224
484 2013
484 2065
484 1971
509 2224
509 2143
509 2011
474 2006
474 2010
474 1926
538 2028
538 2216
538 2299
557 2249
557 2305
557 2286
477 1916
477 2041
477 1958
573 2315
573 2409
573 2391
528 2159
528 2360
528 2079
562 2360
562 2189
562 2408
548 2524
548 2254
548 2260
526 2200
526 2107
526 2230
441 1827
441 1850
441 1761
520 2069
520 2066
520 1967
480 2059
480 1791
480 1918
570 2145
570 2415
570 2479
462 1814
462 1874
462 1896
548 2172
548 2174
548 2160
522 2347
522 2215
522 2322
493 1988
493 1966
493 1933
612 2415
612 2448
612 2604
528 2005
528 2112
528 2112
631 2549
631 2662
631 2702
563 2267
563 2263
563 2372
631 2908
631 2383
631 2650
544 2221
544 2394
544 2283
634 2522
634 2577
634 2647
538 2186
538 2159
538 2045
233 953
233 1026
233 922
137 601
137 546
137 485
130 501
130 463
130 505
862 3523
862 3764
862 3540
1068 4476
1068 4284
1068 4530
924 3866
924 3917
924 3887
149 623
149 630
149 566
214 844
214 884
214 810
169 646
169 710
169 673
481 1951
481 1863
481 2000
642 2687
642 2622
642 2582
518 2096
518 2086
518 2067
951 3849
951 4077
951 4009
1174 4880
1174 4988
1174 4908
949 3921
949 4079
949 3939
607 2676
607 2459
607 2246
480 1948
480 2047
480 2152
611 2570
611 2295
611 2349
597 2525
597 2502
597 2477
522 2170
522 2157
522 2213
463 1954
463 1917
463 2040
438 1698
438 1804
438 1791
458 1864
458 1753
458 1800
499 1935
499 2025
499 2050
397 1698
397 1559
397 1603
524 2301
524 2116
524 2157
392 1624
392 1686
392 1629
465 1827
465 1807
465 2078
453 1762
453 2021
453 1670
421 1718
421 1608
421 1742
505 2090
505 2097
505 2035
396 1547
396 1699
396 1596
490 2166
490 2081
490 2024
485 2002
485 1962
485 2003
411 1620
411 1776
411 1748
302 1166
302 1233
302 1213
521 2126
521 2115
521 2011
404 1619
404 1616
404 1708
469 1829
469 1953
469 1930
476 2010
476 1811
476 1982
425 1654
425 1612
425 1676
519 2342
519 2285
519 2155
407 1548
407 1703
407 1661
473 1960
473 2027
473 1979
477 1958
477 1836
477 1843
434 1816
434 1592
434 1702
456 1933
456 2037
456 1865
448 1716
448 1935
448 1879
513 1978
513 2011
513 2121
496 2180
496 2054
496 2171
425 1773
425 1710
425 1871
466 2003
466 1930
466 1962
438 1841
438 1745
438 1739
504 2076
504 2136
504 2182
490 2229
490 1942
490 2021
432 1813
432 1759
432 1768
418 1651
418 1670
418 1740
421 1760
421 1558
421 1546
493 2125
493 1868
493 1965
515 2288
515 2208
515 2269
450 1942
450 1763
450 2031
58 238
58 230
58 200
653 2827
653 2682
653 2979
574 2450
574 2379
574 2330
665 2708
665 2668
665 2751
646 2749
646 2931
646 2642
562 2424
562 2378
562 2302
640 2729
640 2481
640 2808
559 2382
559 2258
559 2322
671 2710
671 2963
671 2810
682 2798
682 2881
682 2825
525 2526
525 2374
525 2123
743 3013
743 3142
743 3112
695 2865
695 2990
695 2930
823 3565
823 3488
823 3499
789 3231
789 3255
789 3277
717 3022
717 2909
717 3123
640 2554
640 2340
640 2544
538 2359
538 2284
538 2212
687 3052
687 2937
687 2900
645 2705
645 2610
645 2541
568 2363
568 2374
568 2295
640 2583
640 2715
640 2926
545 2178
545 2361
545 2269
627 2613
627 2634
627 2515
660 2973
660 2646
660 2892
500 2024
500 2098
500 2003
726 2929
726 3073
726 2992
585 2391
585 2486
585 2370
713 2836
713 2969
713 2897
669 2596
669 2772
669 2758
618 2533
618 2641
618 2504
150 598
150 598
150 681
138 599
138 521
138 597
157 657
157 634
157 646
130 568
130 538
130 537
125 537
125 461
125 571
317 1367
317 1270
317 1331
304 1290
304 1311
304 1340
369 1632
369 1503
369 1501
378 1417
378 1445
378 1492
311 1172
311 1302
311 1296
353 1411
353 1356
353 1448
301 1159
301 1298
301 1226
330 1339
330 1361
330 1330
381 1443
381 1652
381 1501
315 1360
315 1353
315 1245
694 2903
694 2657
694 2937
565 2139
565 2269
565 2248
655 2648
655 2903
655 2842
696 2837
696 2863
696 2937
575 2369
575 2449
575 2361
202 898
202 792
202 846
155 664
155 603
155 744
194 877
194 713
194 806
212 823
212 889
212 867
160 641
160 706
160 583
123 468
123 471
123 579
359 1447
359 1446
359 1540
384 1560
384 1508
384 1538
421 1743
421 1785
421 1725
428 1721
428 1708
428 1880
379 1590
379 1651
379 1660
689 2943
689 2735
689 3020
621 2462
621 2588
621 2392
676 2828
676 2877
676 2773
667 2899
667 2759
667 2716
597 2511
597 2500
597 2462
565 2176
565 2249
565 2240
484 2094
484 2148
484 1991
564 2439
564 2287
564 2335
555 2396
555 2315
555 2095
468 1917
468 2063
468 1872
791 3448
791 3069
791 3263
670 2824
670 2796
670 2958
746 2989
746 3129
746 3037
757 3205
757 3297
757 3155
662 2719
662 2651
662 2923
540 2327
540 2396
540 2217
490 2069
490 1896
490 1987
554 2470
554 2305
554 2254
563 2534
563 2419
563 2410
464 1918
464 2092
464 1902
809 3533
809 3491
809 3314
767 3275
767 3135
767 3347
837 3460
837 3543
837 3458
860 3567
860 3774
860 3650
755 3033
755 2972
755 3259
513 2083
513 2180
513 2254
436 1830
436 1877
436 1826
504 1983
504 2098
504 2103
518 2276
518 2069
518 2168
428 1800
428 1787
428 1738
447 1868
447 1926
447 1759
461 1816
461 1708
461 1954
515 1967
515 2151
515 2115
517 2122
517 2129
517 2177
453 1833
453 1876
453 1751
210 897
210 834
210 930
157 685
157 687
157 709
204 911
204 752
204 867
212 823
212 901
212 910
164 686
164 717
164 700
366 1551
366 1616
366 1516
237 946
237 959
237 1052
210 961
210 940
210 880
244 987
244 1080
244 1013
220 745
220 859
220 864
217 882
217 889
217 958
517 1996
517 2177
517 2116
470 1870
470 1858
470 1814
472 1993
472 1947
472 1687
523 2058
523 2141
523 2264
437 1755
437 1782
437 1785
471 1935
471 1832
471 1983
433 1691
433 1834
433 1660
510 2217
510 2127
510 2274
477 2042
477 1955
477 2076
465 2023
465 1805
465 1932
488 1913
488 1814
488 1952
418 1745
418 1745
418 1718
530 2250
530 2244
530 2377
519 2192
519 2222
519 2047
431 1716
431 1718
431 1677
465 1875
465 1797
465 1845
408 1560
408 1700
408 1636
446 1833
446 1719
446 1894
458 1819
458 1658
458 1973
407 1773
407 1784
407 1770
486 2062
486 1999
486 2060
435 1809
435 1743
435 1755
500 1951
500 2235
500 2165
524 2144
524 2332
524 2055
404 1551
404 1650
404 1623
752 3075
752 3174
752 2968
645 2717
645 2733
645 2536
819 3412
819 3540
819 3250
775 3138
775 3137
775 3226
631 2469
631 2641
631 2700
669 2927
669 2696
669 2799
635 2491
635 2503
635 2722
654 2839
654 2586
654 2661
680 2843
680 2689
680 2693
550 2267
550 2302
550 2244
420 1835
420 1844
420 1722
398 1609
398 1560
398 1708
462 1876
462 1810
462 2033
463 1882
463 1971
463 1855
372 1575
372 1508
372 1575
506 2068
506 2192
506 2075
448 1812
448 1831
448 1915
496 2153
496 2037
496 2036
511 2182
511 2010
511 2268
473 1878
473 1934
473 1952
798 3338
798 3046
798 3311
727 2798
727 3094
727 3208
802 3502
802 3430
802 3257
767 3115
767 3182
767 3043
674 2778
674 2866
674 2848
24 103
24 115
24 119
718 2917
718 2923
718 3099
635 2641
635 2663
635 2793
689 2973
689 2854
689 3075
738 3057
738 3246
738 2993
621 2551
621 2640
621 2398
461 1978
461 2054
461 1915
422 1688
422 1729
422 1616
487 2028
487 1979
487 2135
425 1699
425 1763
425 1650
410 1707
410 1806
410 1679
271 1071
271 1198
271 1086
804 3244
804 3457
804 3169
705 2992
705 2897
705 2744
861 3660
861 3454
861 3623
809 3462
809 3389
809 3534
757 2995
757 3143
757 3145
579 2297
579 2563
579 2347
512 2119
512 2010
512 2155
606 2251
606 2390
606 2497
601 2517
601 2485
601 2497
550 2342
550 2274
550 2315
610 2550
610 2584
610 2802
550 2326
550 2260
550 2268
599 2539
599 2617
599 2395
563 2307
563 2210
563 2337
480 2028
480 2044
480 2180
464 1909
464 2101
464 1788
130 513
130 536
130 458
303 1208
303 1252
303 1128
290 1094
290 1237
290 1385
331 1435
331 1330
331 1361
358 1513
358 1590
358 1485
269 1110
269 1111
269 1077
701 3009
701 3061
701 2797
699 2932
699 2970
699 2772
829 3584
829 3570
829 3560
821 3361
821 3585
821 3258
654 2745
654 2774
654 2742
936 3810
936 3825
936 3966
796 3260
796 3443
796 3571
928 3899
928 3709
928 4039
904 3791
904 3759
904 4011
775 3255
775 3243
775 3137
570 2512
570 2447
570 2262
526 2124
526 2166
526 2182
583 2587
583 2352
583 2544
603 2449
603 2529
603 2514
534 2279
534 2147
534 2234
441 1856
441 1767
441 1814
400 1628
400 1646
400 1667
409 1686
409 1636
409 1673
461 1964
461 1888
461 1938
359 1553
359 1482
359 1479
819 3649
819 3387
819 3313
665 2935
665 2799
665 2844
746 3073
746 3153
746 3166
796 3322
796 3394
796 3282
666 2783
666 2814
666 3006
752 3248
752 3239
752 3164
581 2400
581 2360
581 2490
729 3191
729 3254
729 3051
726 2827
726 3054
726 3163
620 2502
620 2378
620 2498
959 4027
959 4013
959 4072
755 3135
755 3191
755 3035
942 3791
942 4048
942 3761
890 3728
890 3951
890 3716
842 3334
842 3641
842 3598
565 2346
565 2312
565 2380
466 1787
466 1860
466 2024
567 2299
567 2474
567 2421
550 2328
550 2436
550 2487
494 2094
494 2335
494 1859
517 2095
517 2157
517 1937
452 1796
452 1775
452 1853
538 2259
538 2030
538 2135
541 2129
541 2201
541 2383
486 2050
486 2097
486 2007
533 2322
533 2107
533 2241
448 2019
448 1916
448 1844
534 2094
534 2182
534 2328
493 1949
493 1983
493 1870
459 2018
459 1933
459 1799
530 2353
530 2249
530 2155
437 1927
437 1903
437 1673
516 2132
516 2117
516 1988
518 2049
518 2028
518 2155
449 1819
449 1778
449 1780
509 2209
509 2217
509 2201
453 1857
453 1881
453 1997
530 2145
530 2065
530 2111
502 2046
502 2099
502 2130
459 1956
459 1876
459 1846
273 1052
273 1166
273 1001
514 2262
514 1998
514 2225
431 1728
431 1839
431 1695
507 2129
507 1916
507 1993
532 2110
532 2333
532 2255
441 1824
441 1659
441 1892
472 1928
472 1870
472 2077
436 1852
436 1800
436 1791
542 2206
542 2129
542 2161
511 2051
511 2153
511 2093
457 1912
457 1883
457 1785
530 2103
530 2158
530 2211
426 1820
426 1886
426 1747
508 2100
508 2095
508 1973
506 2116
506 1974
506 2085
502 2012
502 2098
502 2126
536 2280
536 2302
536 2054
477 1926
477 1903
477 1861
469 2079
469 1957
469 1831
543 2312
543 2292
543 2280
412 1825
412 1631
412 1660
473 2012
473 2077
473 1850
444 1896
444 1800
444 1847
539 2120
539 2252
539 2069
567 2300
567 2372
567 2420
415 1585
415 1915
415 1594
661 2856
661 2669
661 2512
550 2257
550 2278
550 2153
642 2793
642 2480
642 2624
616 2551
616 2499
616 2627
556 2290
556 2287
556 2280
593 2309
593 2349
593 2461
549 2229
549 2245
549 2340
614 2526
614 2699
614 2467
646 2759
646 2572
646 2667
514 2161
514 2053
514 2293
613 2551
613 2716
613 2521
533 2109
533 2180
533 2313
613 2687
613 2404
613 2360
624 2546
624 2696
624 2692
501 2193
501 2126
501 1890
334 1403
334 1321
334 1280
305 1273
305 1225
305 1334
342 1436
342 1441
342 1510
361 1441
361 1527
361 1296
331 1351
331 1353
331 1290
847 3387
847 3616
847 3532
767 3226
767 3292
767 2857
819 3315
819 3396
819 3329
830 3438
830 3320
830 3379
682 2856
682 2817
682 2678
524 2000
524 2081
524 2172
463 1963
463 1865
463 2087
574 2270
574 2275
574 2523
524 2305
524 2305
524 2300
440 1722
440 1884
440 1939
712 2820
712 2927
712 2993
608 2367
608 2624
608 2464
720 2961
720 2884
720 3062
630 2575
630 2714
630 2645
608 2594
608 2689
608 2530
732 3201
732 3208
732 3154
582 2414
582 2497
582 2476
705 2695
705 2908
705 2917
686 2827
686 3027
686 2756
603 2530
603 2389
603 2560
693 2884
693 2885
693 2698
611 2508
611 2574
611 2586
718 3090
718 3037
718 2883
754 3220
754 3257
754 3307
575 2376
575 2313
575 2365
535 2345
535 2104
535 2325
484 1957
484 2018
484 1960
512 2131
512 2058
512 2170
512 2136
512 2156
512 2102
458 1898
458 1946
458 1746
656 2795
656 2915
656 2635
571 2413
571 2353
571 2294
674 2615
674 2850
674 2931
654 2738
654 2818
654 2898
556 2265
556 2366
556 2176
562 2152
562 2406
562 2341
505 2208
505 1885
505 2131
553 2353
553 2193
553 2305
534 2037
534 2129
534 2185
490 2159
490 1934
490 1965
689 2822
689 2950
689 3037
606 2480
606 2659
606 2485
743 3057
743 3283
743 3295
688 2870
688 2910
688 2691
630 2661
630 2467
630 2577
489 1948
489 1890
489 1981
438 1783
438 1791
438 1933
523 2310
523 2119
523 2265
509 2198
509 2135
509 2006
455 1997
455 1865
455 2038
600 2614
600 2523
600 2712
461 1832
461 1866
461 2000
505 2271
505 2163
505 2121
535 2131
535 2169
535 2124
462 1897
462 1939
462 1822
816 3388
816 3400
816 3423
723 3039
723 3078
723 3005
837 3489
837 3342
837 3418
801 3311
801 3411
801 3363
752 3075
752 3140
752 2963
491 1827
491 2219
491 2077
394 1682
394 1507
394 1577
479 2023
479 1872
479 2031
498 1992
498 2136
498 2032
393 1652
393 1567
393 1686
479 2147
479 2113
479 1823
398 1502
398 1678
398 1675
496 1949
496 2246
496 2008
454 1849
454 1895
454 1742
434 1813
434 1815
434 1739
461 1935
461 1879
461 1904
386 1611
386 1513
386 1669
459 1998
459 1818
459 1831
507 2175
507 2066
507 2044
438 1896
438 1767
438 1783
431 1862
431 1768
431 1658
415 1834
415 1760
415 1576
518 2113
518 2230
518 2146
456 2138
456 1857
456 2029
400 1735
400 1721
400 1526
467 2045
467 1829
467 1816
416 1854
416 1871
416 1672
506 2091
506 2162
506 1981
469 1915
469 1992
469 1927
406 1631
406 1694
406 1718
455 1862
455 1797
455 1813
430 1674
430 1699
430 1681
469 2084
469 1916
469 2014
512 2172
512 2094
512 2107
407 1787
407 1648
407 1764
508 2200
508 2147
508 2185
407 1615
407 1710
407 1601
491 2034
491 1984
491 1964
473 2044
473 2141
473 1928
427 1757
427 1659
427 1814
503 2066
503 2046
503 2143
395 1600
395 1585
395 1629
536 2402
536 2182
536 2200
470 1960
470 2024
470 1907
413 1626
413 1665
413 1579
499 2018
499 2146
499 2096
412 1656
412 1783
412 1707
464 1806
464 2029
464 1898
539 2240
539 2406
539 2078
417 1688
417 1630
417 1588
517 2028
517 2175
517 2135
435 1905
435 1653
435 1795
518 2228
518 2143
518 2111
485 2196
485 2081
485 1919
412 1597
412 1844
412 1789
485 1942
485 1872
485 1714
426 1835
426 1759
426 1871
503 2191
503 1981
503 1948
522 2160
522 2251
522 2116
446 1850
446 1885
446 1952
563 2159
563 2266
563 2347
431 1860
431 1733
431 1697
488 2016
488 2037
488 1849
487 1944
487 1985
487 2036
486 1964
486 1919
486 2088
538 2188
538 2241
538 2192
486 1932
486 1999
486 2181
594 2360
594 2462
594 2375
552 2361
552 2195
552 2250
446 1833
446 1789
446 1840
581 2452
581 2531
581 2364
489 2044
489 2115
489 2023
558 2363
558 2264
558 2320
623 2595
623 2597
623 2676
507 2143
507 2150
507 2067
161 708
161 687
161 637
189 772
189 804
189 787
169 654
169 722
169 729
235 960
235 923
235 982
193 717
193 714
193 746
266 1031
266 1085
266 1156
221 898
221 854
221 944
304 1258
304 1277
304 1277
266 1139
266 1153
266 1107
198 833
198 860
198 733
306 1226
306 1356
306 1203
282 1225
282 1256
282 1130
333 1250
333 1321
333 1240
318 1300
318 1337
318 1242
250 1127
250 1005
250 1022
353 1543
353 1483
353 1485
321 1271
321 1321
321 1318
455 1959
455 1906
455 1854
378 1504
378 1521
378 1400
368 1406
368 1557
368 1472
964 4077
964 3864
964 4101
846 3516
846 3576
846 3748
1022 4249
1022 4145
1022 4501
973 4108
973 3929
973 3960
910 3795
910 4009
910 3512
1157 5039
1157 4812
1157 4836
978 4237
978 4305
978 4295
1138 4659
1138 5019
1138 4616
1183 4906
1183 4885
1183 5083
1022 4598
1022 4429
1022 4177
524 2347
524 2268
524 2051
453 1947
453 1962
453 1944
533 1968
533 2321
533 2175
541 2058
541 2202
541 2128
461 1962
461 1870
461 1934
616 2636
616 2515
616 2604
538 2452
538 2115
538 2200
661 2776
661 2811
661 2801
652 2565
652 2916
652 2591
555 2334
555 2500
555 2189
626 2548
626 2742
626 2709
530 2076
530 2202
530 2236
619 2552
619 2537
619 2542
577 2283
577 2285
577 2352
553 2297
553 2260
553 2173
573 2469
573 2433
573 2218
476 2000
476 1989
476 1881
579 2273
579 2410
579 2318
580 2376
580 2525
580 2336
497 1984
497 2063
497 1974
551 2460
551 2250
551 2357
538 2292
538 2259
538 2102
552 2494
552 2267
552 2193
567 2400
567 2281
567 2207
500 2026
500 2059
500 2036
403 1567
403 1676
403 1774
313 1252
313 1325
313 1201
433 1795
433 1690
433 1617
390 1544
390 1542
390 1546
366 1408
366 1471
366 1495
559 2186
559 2310
559 2471
476 2046
476 1877
476 1858
516 2188
516 2060
516 2196
565 2283
565 2316
565 2429
488 2026
488 2042
488 1973
536 2183
536 2161
536 2343
442 1900
442 1741
442 1941
466 2041
466 1917
466 1940
482 1915
482 1959
482 1982
446 1869
446 1930
446 1959
505 2090
505 2130
505 2041
478 1892
478 1949
478 2138
490 2056
490 1935
490 1889
454 1898
454 1849
454 1918
452 1902
452 1806
452 1770
264 932
264 1034
264 1065
220 911
220 807
220 870
247 979
247 1024
247 973
248 1111
248 1036
248 940
207 844
207 824
207 959
550 2273
550 2557
550 2371
505 2317
505 2200
505 2263
547 2297
547 2307
547 2205
557 2234
557 2257
557 2273
470 2112
470 2006
470 1894
384 1591
384 1592
384 1491
323 1295
323 1292
323 1305
399 1608
399 1750
399 1641
403 1665
403 1594
403 1827
333 1485
333 1401
333 1249
700 2965
700 3004
700 3218
597 2591
597 2456
597 2532
697 2867
697 2748
697 2899
685 2769
685 2645
685 2712
584 2278
584 2445
584 2539
551 2260
551 2240
551 2295
472 1854
472 2015
472 1829
574 2340
574 2280
574 2317
566 2457
566 2322
566 2456
478 1967
478 1949
478 1908
585 2516
585 2286
585 2500
540 2363
540 2158
540 2293
533 2459
533 2248
533 2207
541 2287
541 2124
541 2268
465 1862
465 1958
465 1906
780 3219
780 3355
780 3177
704 2729
704 2857
704 2981
777 3092
777 3204
777 3320
808 3363
808 3185
808 3485
702 2790
702 2925
702 3037
775 3098
775 3262
775 3103
655 2726
655 2697
655 2724
658 2867
658 2777
658 2606
687 2879
687 2854
687 2779
678 2812
678 2890
678 2562
318 1317
318 1343
318 1355
509 2137
509 2079
509 2078
471 1797
471 2137
471 1910
484 1898
484 1943
484 1968
502 2034
502 2149
502 2049
435 1827
435 1778
435 1755
513 2098
513 2152
513 2160
456 1955
456 2015
456 1980
521 2229
521 2172
521 2199
470 1919
470 1991
470 2072
467 1861
467 1873
467 1863
604 2516
604 2509
604 2395
573 2482
573 2318
573 2406
627 2589
627 2539
627 2560
666 2818
666 2721
666 2692
552 2229
552 2318
552 2149
682 2774
682 2854
682 2843
642 2847
642 2708
642 2639
700 2920
700 2739
700 2833
704 2873
704 2970
704 2909
630 2480
630 2483
630 2855
781 3340
781 3380
781 3082
758 3189
758 3106
758 3354
847 3447
847 3507
847 3671
867 3531
867 3745
867 3813
761 2966
761 3159
761 3325
1238 4982
1238 5264
1238 5151
1149 4667
1149 4629
1149 4676
1270 5113
1270 5087
1270 5522
1233 5278
1233 5251
1233 5280
1118 4744
1118 4475
1118 4729
594 2360
594 2485
594 2510
509 2202
509 2099
509 2019
576 2298
576 2440
576 2501
529 2123
529 2255
529 2123
463 2034
463 2110
463 1751
333 1259
333 1449
333 1391
293 1183
293 1202
293 1212
337 1364
337 1371
337 1356
330 1320
330 1311
330 1479
283 1188
283 1212
283 1208
581 2398
581 2464
581 2330
534 2259
534 2285
534 2264
612 2563
612 2559
612 2348
653 2614
653 2961
653 2871
583 2386
583 2402
583 2339
540 2068
540 2273
540 2350
453 1785
453 2096
453 1858
472 1952
472 2060
472 1808
495 2138
495 2095
495 2120
432 1670
432 1789
432 1779
523 2222
523 2337
523 2300
482 1967
482 1935
482 2034
516 2261
516 2197
516 2139
506 1997
506 2107
506 2103
466 1788
466 1988
466 1865
548 2336
548 2245
548 2154
469 1871
469 1951
469 1825
595 2625
595 2421
595 2416
547 2106
547 2468
547 2309
452 1977
452 1988
452 1795
539 2175
539 2273
539 2228
431 1801
431 1827
431 1677
496 2082
496 2022
496 1992
498 2040
498 2004
498 2188
471 1935
471 2028
471 1827
567 2285
567 2243
567 2294
488 1995
488 1948
488 2203
580 2371
580 2402
580 2398
531 2229
531 2143
531 2240
447 1829
447 1699
447 1772
641 2727
641 2804
641 2681
532 2060
532 2147
532 2206
601 2541
601 2296
601 2526
656 2585
656 2634
656 2664
546 2343
546 2208
546 2389
544 2316
544 2360
544 2348
483 1906
483 2011
483 2038
540 2357
540 2146
540 2340
571 2316
571 2468
571 2199
482 1889
482 1973
482 1959
556 2221
556 2236
556 2240
532 2239
532 2140
532 2150
568 2477
568 2333
568 2401
589 2433
589 2473
589 2358
501 2128
501 2145
501 1972
531 2263
531 2149
531 2221
473 1934
473 1997
473 2077
563 2364
563 2366
563 2290
585 2491
585 2323
585 2461
506 2079
506 2105
506 2059
291 1221
291 1145
291 1259
129 567
129 516
129 526
129 515
129 495
129 573
588 2438
588 2409
588 2366
566 2182
566 2378
566 2292
588 2425
588 2547
588 2394
660 2730
660 2736
660 2697
540 2332
540 2277
540 2246
692 2792
692 2752
692 2967
555 2454
555 2230
555 2207
619 2615
619 2513
619 2474
636 2692
636 2756
636 2647
524 2357
524 2146
524 2270
653 2806
653 2631
653 2677
563 2482
563 2468
563 2245
595 2547
595 2469
595 2534
628 2524
628 2711
628 2886
520 2020
520 2168
520 2232
235 989
235 981
235 1039
218 1061
218 840
218 904
232 910
232 857
232 937
204 730
204 715
204 774
214 912
214 790
214 867
528 2430
528 2408
528 2121
470 2050
470 1938
470 2012
528 2188
528 2184
528 2293
505 2096
505 2080
505 2039
473 2067
473 1878
473 1847
360 1500
360 1590
360 1523
312 1161
312 1252
312 1215
325 1410
325 1264
325 1230
345 1303
345 1397
345 1276
311 1221
311 1297
311 1317
178 740
178 745
178 734
645 2886
645 2653
645 2705
552 2433
552 2428
552 2262
658 2707
658 2894
658 2615
613 2434
613 2500
613 2411
522 2078
522 2076
522 2137
462 1924
462 1871
462 1897
605 2533
605 2532
605 2522
487 2185
487 1905
487 1945
599 2443
599 2532
599 2570
635 2702
635 2716
635 2562
519 2003
519 2283
519 2181
330 1387
330 1482
330 1357
273 1117
273 1106
273 1123
284 1128
284 1105
284 1230
293 1247
293 1220
293 1178
296 1234
296 1251
296 1106
699 2855
699 2866
699 2972
643 2518
643 2830
643 2583
678 2789
678 2919
678 2866
673 2839
673 2823
673 2735
593 2333
593 2416
593 2420
733 2840
733 2958
733 3095
706 2863
706 2801
706 2767
769 3201
769 3285
769 3056
800 3352
800 3270
800 3505
655 2905
655 2684
655 2565
661 2828
661 2823
661 2819
569 2432
569 2149
569 2526
710 2920
710 2985
710 2760
628 2731
628 2625
628 2442
622 2675
622 2644
622 2378
217 844
217 900
217 948
175 762
175 770
175 621
228 1009
228 825
228 892
190 822
190 772
190 811
161 752
161 613
161 647
790 3193
790 3191
790 3218
654 2677
654 2616
654 2856
758 2994
758 3423
758 3247
821 3404
821 3237
821 3319
690 3100
690 2734
690 2577
225 911
225 887
225 869
188 770
188 690
188 721
218 910
218 951
218 890
217 943
217 907
217 954
190 727
190 716
190 778
746 2987
746 2982
746 3094
604 2456
604 2566
604 2565
729 2962
729 3051
729 3103
747 2962
747 3183
747 3068
638 2620
638 2582
638 2732
814 3322
814 3555
814 3284
700 2915
700 3122
700 3025
787 3452
787 3520
787 3177
778 3353
778 3411
778 3126
751 3309
751 3187
751 3212
474 1848
474 2122
474 1911
416 1697
416 1682
416 1715
471 1821
471 1961
471 1804
467 1953
467 1925
467 1956
407 1532
407 1810
407 1707
759 3066
759 3212
759 3403
680 2998
680 2904
680 2794
751 3163
751 3099
751 3260
778 3288
778 3075
778 3348
684 3000
684 2994
684 2943
115 426
115 494
115 508
112 474
112 474
112 402
145 627
145 576
145 592
129 491
129 518
129 523
116 455
116 491
116 485
110 468
110 413
110 428
542 2071
542 2173
542 2295
519 2257
519 2202
519 2091
587 2565
587 2407
587 2475
567 2378
567 2395
567 2495
530 2189
530 2339
530 2148
573 2382
573 2250
573 2394
519 2263
519 2036
519 2120
643 2743
643 2619
643 2822
585 2298
585 2409
585 2501
484 1842
484 2005
484 2080
180 639
180 743
180 750
137 538
137 520
137 517
145 576
145 587
145 593
168 703
168 696
168 750
165 687
165 650
165 621
116 451
116 465
116 462
580 2210
580 2255
580 2349
501 2101
501 2075
501 2132
564 2414
564 2400
564 2294
562 2124
562 2179
562 2260
481 1955
481 1902
481 1805
505 1973
505 2004
505 2133
595 2331
595 2370
595 2503
546 2105
546 2213
546 2129
581 2418
581 2417
581 2313
603 2456
603 2678
603 2607
532 2262
532 2187
532 2076
474 1949
474 2129
474 1890
554 2381
554 2241
554 2211
523 2253
523 2242
523 2158
597 2539
597 2554
597 2405
570 2330
570 2335
570 2407
481 2226
481 1912
481 2068
558 2435
558 2492
558 2336
470 1909
470 1859
470 1949
495 2048
495 1961
495 2210
550 2195
550 2259
550 2193
477 1729
477 2000
477 2073
491 2013
491 1934
491 2019
427 1805
427 1791
427 1800
462 2126
462 1822
462 1826
478 1956
478 1751
478 1947
447 1926
447 1848
447 2045
667 2608
667 2613
667 2668
589 2315
589 2462
589 2370
641 2831
641 2945
641 2622
667 2616
667 2708
667 2837
559 2167
559 2378
559 2512
615 2580
615 2524
615 2599
551 2285
551 2285
551 2252
602 2465
602 2603
602 2495
606 2494
606 2668
606 2466
541 2396
541 2224
541 2065
654 2609
654 2773
654 2780
547 2254
547 2325
547 2354
650 2663
650 2538
650 2703
671 2643
671 2771
671 2845
573 2546
573 2237
573 2228
173 741
173 643
173 667
165 764
165 644
165 683
197 796
197 827
197 892
176 692
176 789
176 755
180 828
180 743
180 711
219 891
219 896
219 873
208 820
208 904
208 863
220 942
220 899
220 963
209 848
209 852
209 827
172 667
172 736
172 700
265 1038
265 980
265 1201
211 790
211 914
211 818
256 1167
256 981
256 1090
275 1120
275 1069
275 1077
239 1024
239 912
239 994
560 2321
560 2412
560 2363
505 2103
505 2160
505 2126
548 2294
548 2113
548 2198
542 2242
542 2354
542 2313
456 1786
456 2027
456 2031
499 1865
499 2053
499 2067
426 1773
426 1897
426 1590
492 2012
492 2027
492 2000
481 2073
481 2038
481 2024
448 1843
448 1777
448 1907
504 1950
504 2089
504 2071
420 1617
420 1689
420 1766
515 2145
515 2272
515 2107
490 2052
490 1940
490 2016
418 1664
418 1627
418 1733
233 929
233 1040
233 1063
134 542
134 564
134 558
134 557
134 534
134 545
136 560
136 546
136 549
202 917
202 837
202 871
178 777
178 778
178 616
201 767
201 859
201 774
196 730
196 801
196 871
190 836
190 703
190 796
187 744
187 677
187 722
156 626
156 600
156 621
186 862
186 833
186 705
187 853
187 858
187 710
146 581
146 664
146 505
547 2258
547 2203
547 2182
456 1861
456 1802
456 1886
528 2211
528 2240
528 2162
512 2029
512 2221
512 2209
483 2059
483 1911
483 2096
521 2117
521 2331
521 2241
463 1737
463 1755
463 1820
529 2112
529 2248
529 2031
543 2234
543 2208
543 2089
499 1956
499 2117
499 1978
609 2368
609 2505
609 2402
498 2130
498 1987
498 2202
606 2353
606 2459
606 2589
611 2256
611 2493
611 2582
528 2231
528 2095
528 2167
540 2413
540 2189
540 2076
485 1912
485 2094
485 1933
554 2299
554 2195
554 2289
536 2185
536 2201
536 2306
467 1925
467 1962
467 1918
528 2063
528 2028
528 2135
468 1970
468 1855
468 2031
504 1982
504 2112
504 2191
521 2163
521 2360
521 2255
447 1914
447 1921
447 1827
579 2511
579 2356
579 2475
494 1923
494 2023
494 2192
556 2236
556 2184
556 2305
530 2239
530 2018
530 2195
503 2058
503 2008
503 2019
597 2315
597 2417
597 2334
533 2161
533 2381
533 2267
586 2361
586 2394
586 2243
616 2670
616 2465
616 2713
547 2293
547 2354
547 2312
409 1591
409 1740
409 1548
335 1361
335 1501
335 1291
392 1716
392 1717
392 1607
372 1689
372 1498
372 1626
325 1443
325 1406
325 1276
573 2397
573 2411
573 2306
527 2080
527 2270
527 2329
608 2576
608 2439
608 2495
536 2281
536 2198
536 2088
527 2301
527 2132
527 2181
127 458
127 424
127 615
114 455
114 433
114 467
120 488
120 491
120 513
125 555
125 521
125 447
113 471
113 457
113 410
583 2380
583 2252
583 2203
480 1987
480 2023
480 1932
577 2225
577 2464
577 2584
542 2202
542 2245
542 2115
491 2125
491 1961
491 2140
689 2791
689 3039
689 2906
524 2165
524 2168
524 2189
673 2912
673 2851
673 2652
633 2578
633 2620
633 2621
564 2301
564 2469
564 2266
527 2132
527 2218
527 2133
465 1886
465 1829
465 1918
556 2147
556 2469
556 2394
571 2427
571 2421
571 2365
455 1819
455 1812
455 1871
478 1953
478 2009
478 2022
425 1702
425 1618
425 1765
504 2103
504 1918
504 2120
471 2012
471 2111
471 1950
464 1986
464 1818
464 1983
495 1882
495 2169
495 2152
447 1790
447 1832
447 1762
539 2234
539 2180
539 2292
551 2371
551 2113
551 2013
495 1978
495 2027
495 2170
296 1159
296 1165
296 1213
274 1108
274 1102
274 1131
297 1302
297 1298
297 1240
315 1280
315 1290
315 1345
259 1074
259 1018
259 1029
379 1592
379 1432
379 1617
314 1355
314 1275
314 1210
355 1414
355 1443
355 1435
317 1257
317 1400
317 1321
318 1356
318 1475
318 1325
791 3339
791 3091
791 3222
689 3198
689 2726
689 2946
715 2911
715 2902
715 2921
776 3309
776 3199
776 3335
666 2757
666 2644
666 2767
552 2349
552 2123
552 2118
497 2140
497 2186
497 2090
495 2026
495 1992
495 2029
568 2267
568 2277
568 2165
452 1797
452 1695
452 1903
480 1999
480 1870
480 2027
463 1772
463 2003
463 1914
568 2419
568 2450
568 2306
532 1966
532 2134
532 2191
472 2114
472 1895
472 1994
269 1050
269 1043
269 1090
240 869
240 952
240 1051
248 1077
248 1087
248 991
273 1138
273 1145
273 1077
223 1109
223 904
223 995
333 1447
333 1348
333 1313
282 1190
282 1070
282 1094
323 1292
323 1312
323 1532
339 1358
339 1436
339 1403
293 1116
293 1233
293 1220
