123 1220
178 1662
129 1414
140 1204
154 1723
183 2120
155 1475
149 1565
160 1663
147 1511
231 2099
492 5144
374 3617
463 4508
457 4631
376 3809
92 860
129 1073
115 915
132 1236
110 1016
344 3404
262 2699
318 3255
352 3731
244 2522
294 3068
249 2430
265 2972
239 2496
217 2162
249 2582
217 2252
227 2004
227 2209
189 1788
316 3183
271 2876
325 2996
263 2706
263 2818
316 3413
273 2795
309 2892
330 3309
246 2861
321 3031
305 3031
323 3266
358 3268
352 3652
332 3227
334 3058
383 3812
333 3260
316 3089
173 1697
321 3258
333 3438
354 3459
390 3944
298 3153
459 4842
372 3904
492 5275
451 4698
433 4453
353 3457
307 2954
362 3661
332 3365
283 2948
474 5129
403 4220
414 3765
419 3873
407 3987
472 4777
438 4586
447 4460
459 4426
452 4755
107 1161
203 2100
116 1199
42 384
347 3518
289 3081
345 3515
334 3517
270 2898
373 4052
295 2952
349 3828
389 4008
293 3013
218 2285
173 1763
209 1934
212 2124
161 1607
505 4956
372 3652
462 4738
488 5052
415 4395
605 5901
595 6305
586 6084
451 4548
265 2719
118 1141
566 5427
584 5915
585 6306
493 5001
603 5883
582 5930
613 6381
469 4821
587 5615
559 5686
586 5657
484 4651
574 5673
569 5849
578 5520
507 4723
614 6226
586 6096
529 5546
506 5338
558 5949
564 5970
579 5633
513 5413
135 1321
163 1648
145 1367
172 1681
589 5862
539 5919
585 5816
499 5347
282 3031
272 2889
338 3400
238 2465
344 3721
295 2893
328 3357
363 4040
308 3145
431 4244
306 3136
422 4183
396 4265
317 3092
321 3381
466 4450
396 4478
496 4992
443 4531
383 3931
280 2859
219 2172
291 2920
258 2804
226 2404
490 4831
393 4018
472 4874
431 4240
417 4032
293 2928
213 2225
263 2883
280 2863
239 2278
317 3339
497 5007
80 707
464 4801
432 4419
435 4497
427 4462
404 4215
467 4719
381 3983
434 4546
499 5171
387 3740
566 6044
422 4656
508 5449
524 5146
447 4429
463 4537
361 4048
449 4473
427 4214
437 4238
495 4790
349 3428
477 4742
472 4857
378 4219
376 3636
371 3789
464 4752
445 4311
396 3820
441 4719
392 3835
472 4525
412 4251
330 3644
473 5075
446 4371
529 4959
233 2266
430 4455
495 5122
441 4402
522 5240
262 2766
387 4058
516 5595
448 4890
466 4453
288 2934
412 4086
489 4762
419 4028
472 4812
249 2581
410 4055
162 1677
129 1084
132 1385
120 1275
167 1817
121 1298
148 1555
129 1173
278 2620
571 5839
492 5040
630 6023
322 3446
518 5357
88 1006
474 4851
400 4280
479 4634
311 3198
440 4601
198 2186
190 2108
222 2141
205 1891
495 5107
411 4072
431 4528
386 3644
475 4612
417 4352
377 3706
508 4756
499 5144
441 4433
492 5073
428 4464
382 3796
388 4040
307 3199
369 3654
419 4270
314 3019
414 4148
202 2053
344 3535
513 5254
417 4109
502 4976
322 3056
435 4315
530 5625
450 4462
481 4911
335 3414
447 4436
493 4912
473 4895
475 4759
311 3114
487 5113
472 4700
409 4176
422 4676
232 2153
363 4110
464 4823
352 3380
363 3614
379 3774
269 2810
514 5244
449 4543
502 5057
415 4278
529 5387
455 4323
501 5228
446 4765
525 5218
411 4427
518 4992
355 3645
428 4392
493 5035
434 4656
524 5321
317 2920
463 4762
579 6106
480 4959
564 5867
523 5647
418 4302
437 4592
396 3862
514 5052
460 4936
497 4779
436 4456
480 5144
257 2525
438 4252
532 5334
360 3594
548 6022
251 2481
389 3867
68 577
553 5573
421 4570
535 5610
292 3248
412 4139
532 5303
427 4284
507 5370
293 2915
463 4407
175 1635
168 1552
196 2170
178 1650
162 1579
520 5579
462 4702
521 5289
286 2775
444 4475
434 4528
400 4302
470 4932
462 4712
412 4580
485 5041
438 4272
487 5267
424 4143
420 4561
368 3519
415 3961
203 2256
344 3198
663 6662
536 5731
610 5721
450 4520
558 5792
82 814
149 1458
104 1009
115 1095
106 1132
438 4509
308 3273
381 3908
264 2832
367 3680
510 4960
460 4593
534 5122
308 3236
437 4638
542 5402
449 4816
493 5011
345 3623
438 4611
226 2361
355 3818
542 5509
492 4986
538 5588
492 4890
599 5955
478 4618
540 5212
182 1762
466 4526
576 5806
459 4693
570 5403
194 2098
473 4860
192 2213
181 1848
162 1633
154 1621
294 3048
232 2421
274 2505
233 2497
58 655
166 1729
158 1556
170 1677
152 1579
103 1096
391 3893
299 3093
329 3665
302 3078
547 5597
473 4600
560 5928
483 4803
159 1451
145 1465
174 1844
152 1561
606 6452
558 5998
577 5767
540 5499
233 2272
222 2212
265 2456
211 2151
626 6317
520 5270
596 6305
539 5534
250 2516
206 2307
235 2612
204 2153
615 6378
578 5859
619 6325
576 6218
425 4410
361 3879
389 3715
341 3681
496 4675
457 4588
504 4709
426 4108
606 5948
556 5775
623 6551
565 5503
536 5404
494 5077
551 5345
434 4496
390 3858
351 3579
423 4174
345 3620
647 6459
567 5642
625 6358
565 5533
653 6790
573 5915
607 5595
591 6329
750 7750
677 6886
731 7233
615 5905
375 3599
707 7543
569 5717
739 7649
564 5785
734 7289
612 6093
750 7692
603 5934
607 6091
503 4846
624 6427
494 4841
657 6513
501 4900
605 6503
479 4816
638 6565
536 5685
611 6551
492 5090
613 5989
552 5502
579 6234
532 5681
177 1678
158 1508
142 1548
133 1500
594 6447
541 5247
582 6025
500 5121
624 6483
502 5184
611 6112
521 4987
631 6533
517 5337
569 6144
531 5583
558 5566
453 4675
535 5464
459 4903
623 5850
545 5312
597 6034
518 4979
521 4972
484 4680
537 5273
466 4433
618 6339
513 5024
563 5566
524 5407
607 5778
543 5670
604 6105
541 5389
364 3384
283 3215
333 3516
279 2793
590 6037
545 5298
602 5792
533 5055
367 3857
306 2779
352 3857
290 2831
541 5460
421 4239
577 6261
421 4211
606 6202
452 4798
567 5682
484 4710
423 4265
344 3601
467 4537
349 3699
552 5895
497 5109
585 5817
515 5401
586 6117
505 4925
542 5584
509 5109
517 5514
528 4935
595 6172
519 5055
652 6610
567 6022
657 6614
613 6585
40 363
187 2061
162 1565
199 2130
181 2117
565 5636
515 5605
547 5815
513 5338
630 6478
493 5374
552 5702
546 5112
626 6430
511 5499
578 6031
527 5246
537 5550
451 4958
453 4398
423 4198
401 4101
329 3261
394 3823
349 3842
592 5959
551 5637
632 6547
494 5225
628 6609
509 4800
634 6784
554 5548
271 2787
578 5677
493 4788
604 6109
518 5809
603 5911
462 4708
606 6085
520 4581
553 5905
493 4766
623 6190
523 5147
600 6243
503 5036
577 5686
494 5109
454 4944
425 4262
456 4540
386 4034
454 4547
638 6532
527 5353
531 5269
487 4953
533 5774
539 5478
579 6348
510 4748
591 5635
505 4803
533 5596
534 5213
605 6316
487 5143
611 6770
464 5009
595 6146
482 4976
573 5683
482 4831
440 4294
484 4781
413 4219
488 5237
360 3754
622 6539
521 5430
554 5841
497 5131
609 6303
507 5353
609 6093
509 4979
528 5535
431 4405
518 5465
450 4720
705 7296
546 5229
667 6981
589 6173
855 8428
755 7315
800 8222
694 6984
258 2719
235 2204
198 1963
241 2765
182 2107
611 6208
480 5123
615 6700
508 4831
615 6265
499 4747
614 6296
520 5256
628 6310
486 5105
535 5467
482 5173
478 4720
354 3567
459 4644
471 5036
398 3808
406 4298
419 4413
426 4437
479 5252
410 4103
451 4496
409 4193
476 4777
422 4295
365 3385
470 4891
391 3964
442 4615
444 4340
365 4005
448 5090
414 4146
373 3622
479 5100
441 4213
459 4501
415 4351
472 4881
428 4445
379 3584
376 3880
368 3640
387 3882
398 4197
402 4316
164 1563
236 2544
134 1261
145 1418
143 1386
205 2030
198 1984
205 1919
190 1704
170 1749
496 5104
423 4556
430 4294
439 4500
380 3696
417 4176
398 3649
464 4866
483 4841
407 4294
445 4737
385 4309
462 4681
446 4450
376 3644
447 4959
382 4055
449 4554
440 4660
424 4260
497 4894
376 3820
445 4510
469 4970
354 3448
460 4835
430 4059
442 4337
506 5259
337 3396
354 3629
284 2648
332 3366
339 3357
283 2846
451 4522
399 4188
445 4613
454 4540
391 4090
451 4208
425 4584
473 4445
408 4357
372 3925
424 4372
399 4067
475 4586
469 4775
385 3863
128 1363
520 5161
457 4672
361 3491
458 5111
466 4542
412 3948
171 1553
427 4304
361 3448
394 4163
423 4173
362 3639
426 4441
376 3923
407 4120
409 4347
345 3086
420 4016
376 4008
428 4212
410 4224
371 3533
474 4405
430 4120
497 5192
511 4968
435 4548
497 5701
447 4681
463 4737
513 5659
412 4453
506 5271
430 4312
502 5300
439 4229
438 4334
240 2172
189 1935
231 2459
210 2348
175 1675
512 5423
436 4547
483 4657
498 5266
447 4471
516 5056
428 4516
486 5190
484 5096
476 5108
472 4711
438 4557
461 4855
522 5111
466 4497
457 4305
377 3955
488 4733
485 4910
381 3425
481 4903
408 4009
470 5290
459 4623
408 4350
523 5518
408 3832
545 5859
499 5164
437 4611
251 2509
215 2041
253 2386
260 2342
208 2020
410 4085
330 3307
364 3705
398 4207
345 3265
380 3486
364 3702
406 4185
379 4091
316 3395
384 4041
334 3429
395 3861
405 4348
351 3425
405 3930
338 3381
387 3989
419 4607
365 3585
398 3937
341 3336
436 4382
383 3733
369 3728
424 4132
349 3625
420 4263
399 4110
333 3442
290 2868
329 3156
265 2738
360 3989
354 3809
287 2787
383 3640
336 3565
382 4286
441 4546
370 4030
427 4452
334 3590
414 4314
398 3991
349 3937
395 3742
338 3541
419 4482
423 4242
335 3446
433 4706
338 3264
428 4398
372 3511
355 3552
400 3984
337 3547
400 4214
413 4247
376 3384
447 4540
347 3473
414 3958
384 3688
358 3127
397 3998
374 4022
428 4125
415 3882
341 3479
343 3411
326 3241
462 4681
404 4018
475 4546
486 5172
411 4250
473 4760
348 3130
493 5477
469 4514
415 4357
464 4832
394 3946
449 4464
468 5003
424 4716
464 4545
421 4362
455 4508
488 5105
368 3516
144 1684
142 1279
177 1628
171 1615
145 1416
465 5016
379 3920
459 4657
458 4776
388 3853
421 4089
129 1189
455 4559
422 4087
480 4990
467 4737
389 4162
430 4407
388 3810
497 5226
457 4773
420 4082
327 3379
269 2789
337 3158
330 3157
275 2703
483 4775
378 3641
471 4726
498 4563
396 4406
455 4523
408 4055
465 4807
475 4503
394 4121
215 2268
174 1797
197 1934
203 2057
163 1882
301 3318
500 5049
387 3712
521 5581
462 5007
426 4138
376 3680
355 3514
355 3688
381 3784
303 3213
215 2440
163 1664
225 2523
225 2465
191 2057
321 3190
277 2529
291 2803
311 3120
267 2515
470 4722
394 4165
456 4628
470 5100
394 3966
464 4665
353 3452
450 4567
445 4420
408 4210
467 4907
379 4094
443 4381
452 4459
382 4095
441 4698
383 3800
455 4443
473 5016
378 3954
415 4057
365 3643
471 4758
443 4445
447 4575
421 4067
595 6310
508 5077
412 3982
462 4785
467 4766
366 3725
434 4339
359 3720
482 5080
483 5270
388 4178
462 4305
406 3865
480 4540
475 4558
377 3818
469 5006
428 4497
471 4890
450 4482
405 4317
463 5174
396 4057
510 5297
484 5193
409 4102
493 5054
404 4253
482 4974
478 4477
459 4601
166 1816
501 5389
432 4462
497 5010
490 5074
445 4611
500 4809
415 4185
522 5586
494 5115
449 4384
572 5599
452 4482
487 4992
495 5158
448 4707
448 4552
345 3481
440 4559
403 4129
375 3828
476 4744
354 3541
475 5239
422 4280
382 4126
336 3373
295 2471
366 3702
369 3697
282 2776
479 4908
428 4432
474 5146
513 5148
385 3791
466 4893
436 4197
460 4715
526 5424
434 4113
486 5026
434 3963
486 5132
506 5172
398 3755
499 5231
429 4168
471 5081
467 4993
437 4088
473 4772
467 4969
448 4232
519 5291
504 5085
421 4250
478 5110
440 4551
524 5026
483 4876
448 4637
515 5203
469 4519
523 5296
486 5160
407 4210
522 5105
445 4487
525 5141
506 4960
451 4746
575 5852
459 5048
546 5281
505 5344
463 4726
285 2876
270 2677
277 2764
277 2930
236 2437
588 6037
529 5436
558 5886
613 6590
484 4633
618 6403
545 5714
603 6141
591 6331
499 5016
626 6566
524 4809
640 6814
604 6037
554 5570
630 6222
562 5864
651 6710
640 6568
553 5810
666 6556
616 6223
630 6454
669 6924
588 6338
685 7307
603 6555
681 6703
685 7286
650 6554
197 1907
161 1821
195 2169
189 2166
152 1614
491 5103
420 4295
467 4735
482 4975
383 3990
499 5316
386 4083
517 4979
484 4752
382 4058
445 4129
424 4203
476 4827
514 4694
402 4010
369 3975
304 3064
350 3534
350 3281
311 2841
377 4258
325 3347
368 3519
375 4057
312 3032
497 5072
427 4027
479 4627
491 4858
416 3618
467 4449
389 4105
504 5160
494 5322
440 4146
492 4983
411 4285
482 4897
473 4431
455 4916
483 5020
453 4732
492 5013
503 5631
399 4142
519 4831
457 4829
603 6364
530 4989
474 4891
509 5174
412 3825
483 4756
535 5421
375 3782
498 5089
412 4083
492 5042
489 4913
417 4832
502 5013
427 4546
478 5217
494 5075
432 4513
248 2459
191 1957
235 2302
255 2497
217 2412
490 4681
429 4573
478 5006
494 4565
447 4882
548 5990
410 4060
491 4423
469 4942
393 4145
225 2109
217 2357
221 2381
242 2578
200 1871
524 5193
469 4705
540 5357
494 5040
470 4654
585 6061
448 4663
515 4968
521 5273
450 4520
528 5544
478 4475
504 4600
526 5618
492 4729
517 5191
478 4951
522 5487
541 5530
460 4765
527 5719
427 4301
499 4845
547 5504
467 4697
514 5565
481 4702
517 5236
508 4876
473 4941
578 5629
420 4240
536 4959
516 5279
455 4501
80 792
526 5094
451 4797
560 5510
535 5247
470 4462
261 2401
232 2191
247 2449
255 2361
225 2257
419 4315
333 3380
435 4425
468 4557
304 2985
455 4296
352 3227
441 4469
415 4232
367 3736
418 4269
355 3482
446 4347
471 5098
363 3621
341 3869
289 2915
375 3807
333 3312
292 2971
467 5057
355 3790
451 4346
442 4359
401 3569
477 5099
365 3458
451 4454
465 4800
412 4090
470 4942
429 4327
454 4597
466 4254
408 4388
473 4720
420 4425
476 4992
482 4363
390 3869
494 4919
422 4123
488 5216
467 4587
436 4303
485 4941
426 4153
509 5151
463 5011
411 4228
217 2110
204 1894
237 2404
281 3007
198 1982
491 4970
406 4258
504 4718
490 4887
418 3999
490 4775
425 4388
519 5296
456 4708
414 3927
471 4908
388 3705
506 5028
502 4659
436 4577
142 1609
503 5182
456 4881
486 4906
495 4674
407 4253
476 5092
431 4109
496 5236
504 4889
470 4838
500 5327
457 4304
490 5098
481 4830
437 4549
332 3334
509 5159
428 4090
499 4879
530 5325
404 4360
488 5358
420 4488
479 4832
532 5713
457 4573
155 1365
171 1675
185 1974
205 2027
170 1701
435 4440
419 4207
452 4622
490 5078
432 4254
656 6551
569 5709
613 6434
682 6884
572 5752
668 6648
576 6259
685 7105
690 7053
588 6543
507 4977
449 4875
496 4863
507 5249
444 4448
334 3210
333 3335
386 3755
368 3640
340 3417
663 6915
611 6048
644 6769
712 7300
550 5904
669 7067
583 5513
688 6980
633 6527
623 5922
358 3900
653 6892
569 6190
700 7191
686 7038
606 5997
608 6243
529 5428
630 6314
622 6306
559 6131
344 3704
291 2942
306 3460
325 3165
309 3243
668 6844
578 5897
691 7511
679 6556
585 5658
646 6309
606 6176
670 6785
683 6861
577 6161
292 2754
251 2579
308 3369
308 3359
256 2662
429 4543
412 4326
455 5141
468 4501
407 4011
464 4822
401 4047
465 5041
508 5304
413 4387
135 1400
489 5088
431 4481
511 4902
540 5814
429 4298
404 4068
359 3455
406 3819
420 4417
353 3698
486 4779
465 4886
500 4806
484 5053
458 4694
414 4135
356 3373
399 4049
446 4475
319 3233
100 1016
526 5608
446 4682
492 5020
509 5113
437 4806
499 5212
445 4281
489 4777
477 4827
444 4321
506 4697
426 4231
486 4960
498 5156
453 4536
283 2842
259 2858
318 3211
309 2962
288 2640
702 7303
585 5933
705 7220
686 7261
589 5986
681 7301
608 5904
705 7142
691 7013
597 6071
569 6022
510 5444
583 5756
555 5602
498 4993
701 6731
634 6203
753 7532
713 7059
699 6957
678 6957
543 5352
662 6456
696 7150
618 6732
536 5087
433 4425
491 4961
536 5273
423 4562
279 2936
193 2009
247 2319
240 2474
190 2123
503 5124
444 4529
532 5240
509 5244
434 4393
535 5525
444 4313
528 5173
532 5137
416 4283
509 4917
444 4454
528 5951
495 5405
452 4522
499 5379
435 4598
501 4884
550 5839
451 4542
507 5281
394 4264
520 5625
484 5252
509 4837
474 4658
538 5236
557 5505
477 4751
573 5522
528 5307
562 6069
548 5623
526 5568
441 4503
520 5149
480 5211
570 5739
462 4685
548 5431
522 5309
493 5115
612 6597
528 5215
631 6924
563 5640
631 6107
544 5343
634 6684
538 5352
233 2451
137 1428
130 1302
862 9051
1068 10986
924 9121
149 1595
214 2233
169 1695
481 4849
642 6395
518 5202
951 9619
1174 11777
949 10023
607 6492
480 4527
611 6550
597 5902
522 5222
463 4527
438 4220
458 4513
499 4767
397 3928
524 5462
392 4041
465 4822
453 4640
421 4154
505 5464
396 3719
490 5183
485 5165
411 4061
302 2780
521 5191
404 3862
469 4638
476 5058
425 4140
519 5294
407 4034
473 4801
477 4574
434 4111
456 4593
448 4932
513 5110
496 4989
425 4471
466 4637
438 4207
504 4743
490 5310
432 4628
418 4747
421 4536
493 4955
515 5497
450 4734
58 612
653 6903
574 5943
665 6622
646 6524
562 5556
640 6827
559 5535
671 6957
682 6922
525 5195
743 7503
695 7012
823 8494
789 7960
717 7421
640 6571
538 5337
687 6837
645 6828
568 6209
640 6769
545 6174
627 6437
660 6871
500 5269
726 7046
585 5924
713 7479
669 7445
618 6210
150 1539
138 1172
157 1818
130 1220
125 1457
317 2938
304 3002
369 3769
378 3568
311 3027
353 3554
301 2634
330 3343
381 3841
315 3028
694 6958
565 5224
655 6366
696 7322
575 5574
202 2119
155 1605
194 2274
212 2069
160 1695
123 1173
359 3866
384 3906
421 4037
428 4584
379 3610
689 6887
621 6183
676 6761
667 6432
597 6208
565 5379
484 4867
564 5454
555 5580
468 4787
791 8391
670 6999
746 7355
757 7752
662 6928
540 5202
490 5092
554 5703
563 5687
464 4840
809 8897
767 7884
837 8246
860 9052
755 7399
513 5305
436 4533
504 4728
518 5145
428 4673
447 4283
461 4768
515 5330
517 5170
453 4703
210 2153
157 1643
204 1810
212 2147
164 1750
366 3632
237 2070
210 2067
244 2509
220 2317
217 2141
517 5285
470 5023
472 4915
523 5318
437 4668
471 4819
433 4121
510 4906
477 4787
465 4504
488 4767
418 4089
530 5447
519 5150
431 4521
465 4960
408 4139
446 4634
458 4791
407 4130
486 4913
435 4267
500 4794
524 5220
404 3841
752 7551
645 6327
819 8398
775 8117
631 6294
669 6105
635 6222
654 6523
680 6738
550 5556
420 4331
398 4186
462 4655
463 4242
372 3840
506 4991
448 4711
496 5226
511 5110
473 4826
798 8507
727 7366
802 8139
767 7989
674 7334
24 244
718 7251
635 6592
689 6752
738 7754
621 6220
461 4851
422 4386
487 4935
425 4192
410 4054
271 2807
804 7973
705 7245
861 8543
809 8007
757 7668
579 5933
512 5169
606 6105
601 6211
550 5544
610 5948
550 5635
599 5952
563 6226
480 4762
464 4827
130 1199
303 3026
290 2798
331 3283
358 3363
269 2966
701 6888
699 6948
829 8690
821 8334
654 6588
936 9397
796 8125
928 9736
904 9267
775 7471
570 5758
526 5275
583 5561
603 6430
534 5405
441 4654
400 4116
409 4197
461 4585
359 3815
819 8518
665 6421
746 7788
796 7703
666 7127
752 7747
581 5896
729 8151
726 6721
620 6354
959 9851
755 8280
942 9696
890 9371
842 8978
565 5326
466 4548
567 5319
550 5607
494 4754
517 5060
452 4383
538 5365
541 5332
486 5044
533 5114
448 4435
534 5496
493 4786
459 4618
530 5371
437 4326
516 5214
518 5060
449 4365
509 5102
453 4729
530 5094
502 5204
459 4350
273 2482
514 5160
431 4340
507 5070
532 5528
441 4412
472 4324
436 4771
542 5382
511 5062
457 4795
530 5329
426 4122
508 5104
506 4926
502 4997
536 5303
477 4694
469 4542
543 5742
412 3942
473 4486
444 4708
539 5324
567 5829
415 4162
661 6937
550 5403
642 6764
616 6464
556 5499
593 6139
549 5101
614 6310
646 6571
514 5395
613 6125
533 5420
613 5837
624 6687
501 5084
334 3340
305 3284
342 3556
361 3505
331 3427
847 8794
767 7708
819 8186
830 8726
682 6992
524 5590
463 4941
574 5921
524 5687
440 4312
712 7312
608 5695
720 7342
630 6296
608 6033
732 7208
582 5749
705 6872
686 6956
603 6129
693 6840
611 6377
718 7184
754 7786
575 5660
535 5567
484 4694
512 5348
512 5202
458 5027
656 6472
571 5783
674 6340
654 6767
556 5738
562 5688
505 5123
553 5584
534 5562
490 4610
689 6660
606 6645
743 7319
688 7337
630 6437
489 5105
438 4380
523 5267
509 5257
455 4477
600 5961
461 4655
505 5265
535 5161
462 4350
816 8337
723 7439
837 8792
801 8305
752 7516
491 5177
394 3968
479 4927
498 5201
393 4104
479 4955
398 4141
496 4980
454 4509
434 4593
461 4734
386 3712
459 4557
507 5132
438 4583
431 4528
415 3997
518 4802
456 4576
400 4032
467 4724
416 4118
506 5278
469 4571
406 4167
455 4258
430 4361
469 4940
512 5004
407 4122
508 5373
407 4188
491 5131
473 5074
427 4404
503 5031
395 4017
536 5598
470 4844
413 4326
499 5424
412 4305
464 5038
539 5092
417 4228
517 5430
435 4033
518 5052
485 4749
412 4002
485 4598
426 4273
503 5347
522 5356
446 4418
563 5793
431 4266
488 4596
487 4785
486 4753
538 5355
486 4929
594 6033
552 5614
446 4771
581 6204
489 4659
558 5621
623 6267
507 4776
161 1732
189 1799
169 1669
235 2267
193 1874
266 2671
221 2198
304 3178
266 2841
198 1906
306 3147
282 2788
333 3553
318 3199
250 2588
353 3774
321 3266
455 4699
378 3708
368 4631
964 9713
846 8839
1022 10659
973 10278
910 8862
1157 11789
978 10282
1138 12000
1183 12596
1022 10671
524 5461
453 4817
533 5169
541 5674
461 5081
616 5931
538 5495
661 6596
652 6290
555 5871
626 6004
530 5261
619 6078
577 5933
553 5805
573 5684
476 4633
579 5520
580 6529
497 4854
551 5800
538 5760
552 5939
567 5777
500 4713
403 4269
313 2986
433 4729
390 4073
366 4203
559 5698
476 4845
516 5272
565 5622
488 4531
536 5454
442 4594
466 4690
482 4928
446 4882
505 4788
478 4881
490 5201
454 4617
452 4565
264 2361
220 2285
247 2494
248 2613
207 2233
550 5747
505 4894
547 5861
557 5499
470 5163
384 3758
323 3237
399 4018
403 4189
333 3118
700 6854
597 6045
697 7302
685 7199
584 5973
551 5626
472 4776
574 5677
566 5588
478 4849
585 5852
540 5396
533 5680
541 5783
465 4941
780 7934
704 6832
777 8295
808 8346
702 7095
775 7940
655 6420
658 6590
687 6511
678 6933
318 3297
509 5558
471 4715
484 5136
502 5586
435 4134
513 4868
456 5174
521 5326
470 4777
467 4826
604 6327
573 5771
627 6654
666 6522
552 5725
682 7004
642 6726
700 6883
704 7435
630 6905
781 7593
758 7640
847 8901
867 9291
761 7843
1238 12280
1149 11909
1270 13561
1233 12342
1118 11297
594 6078
509 5330
576 5707
529 5148
463 4781
333 3169
293 2796
337 3291
330 3406
283 2772
581 5591
534 4964
612 5996
653 6597
583 5629
540 5803
453 4666
472 4422
495 5403
432 4501
523 5161
482 4799
516 5219
506 5294
466 4348
548 5579
469 4612
595 6404
547 5336
452 4500
539 5534
431 4341
496 5082
498 5133
471 4728
567 5775
488 4906
580 5824
531 5123
447 4293
641 6238
532 5133
601 6345
656 6117
546 5512
544 5637
483 5217
540 5324
571 5241
482 4856
556 6068
532 5698
568 5914
589 6071
501 5053
531 5321
473 4580
563 5906
585 5771
506 4969
291 2786
129 1149
129 1332
588 6123
566 6138
588 5575
660 6764
540 5610
692 6914
555 5612
619 6022
636 6238
524 5431
653 6623
563 5571
595 6077
628 6303
520 5453
235 2277
218 2226
232 2431
204 1858
214 1974
528 5036
470 4638
528 5219
505 5532
473 4743
360 3744
312 3130
325 3401
345 3807
311 3423
178 1919
645 6789
552 5866
658 6883
613 6174
522 5168
462 4935
605 6377
487 4649
599 5985
635 6301
519 5203
330 3432
273 2511
284 2966
293 2860
296 3064
699 7404
643 6363
678 7207
673 6545
593 5819
733 7559
706 7261
769 7455
800 7658
655 6621
661 6538
569 5649
710 7342
628 6506
622 6063
217 2147
175 1691
228 2273
190 1720
161 1570
790 7907
654 6377
758 7706
821 8083
690 7175
225 2330
188 2006
218 2132
217 2128
190 2214
746 7347
604 6082
729 7292
747 7748
638 6603
814 8333
700 6336
787 7821
778 7897
751 7445
474 5189
416 4128
471 4743
467 4849
407 4107
759 8071
680 6880
751 7435
778 7798
684 6650
115 1023
112 1186
145 1440
129 1408
116 1260
110 1210
542 5364
519 5210
587 5690
567 6053
530 5098
573 5848
519 5116
643 6309
585 5614
484 4822
180 1561
137 1483
145 1477
168 1473
165 1702
116 1222
580 6088
501 5252
564 5551
562 5913
481 4939
505 4828
595 6343
546 5908
581 5977
603 6077
532 5669
474 4782
554 4895
523 5230
597 6172
570 5778
481 4606
558 5651
470 4854
495 5121
550 5560
477 4825
491 5006
427 4608
462 4754
478 4880
447 4773
667 7157
589 6091
641 6854
667 6854
559 6083
615 6238
551 5161
602 6142
606 6709
541 5567
654 6517
547 5426
650 6679
671 6636
573 5733
173 1862
165 1816
197 1746
176 1832
180 1762
219 2163
208 2144
220 2386
209 2303
172 1805
265 2638
211 2047
256 2410
275 2818
239 2384
560 5257
505 5257
548 6136
542 5802
456 4847
499 4966
426 3708
492 4937
481 4910
448 4712
504 4929
420 4344
515 5042
490 5244
418 4199
233 2337
134 1503
134 1291
136 1549
202 2039
178 1812
201 2087
196 1854
190 1656
187 1891
156 1531
186 1897
187 1819
146 1456
547 5528
456 4482
528 5474
512 5172
483 4801
521 5641
463 4661
529 5491
543 5396
499 4658
609 6334
498 5021
606 6737
611 5841
528 4794
540 5322
485 4799
554 5439
536 5414
467 4693
528 5329
468 5103
504 5506
521 5130
447 4704
579 5913
494 4857
556 5686
530 5187
503 5217
597 6324
533 5138
586 5891
616 6633
547 5594
409 4414
335 3514
392 4211
372 3367
325 3316
573 5875
527 5423
608 5730
536 6042
527 5124
127 1313
114 1059
120 1115
125 1468
113 1189
583 5404
480 5132
577 5567
542 5725
491 4860
689 7096
524 5437
673 6732
633 6388
564 6046
527 5167
465 4676
556 5314
571 5843
455 4805
478 5106
425 3942
504 5088
471 5254
464 4528
495 5313
447 4252
539 5880
551 5582
495 4704
296 2844
274 2866
297 2905
315 3242
259 2760
379 3729
314 3077
355 3318
317 3682
318 3621
791 7728
689 7201
715 7359
776 7418
666 6320
552 5789
497 5229
495 5095
568 5873
452 4469
480 4836
463 4795
568 5834
532 5780
472 4540
269 2666
240 2299
248 2642
273 2702
223 2229
333 3209
282 2780
323 3559
339 3280
293 3198
