123 620
123 619
123 614
178 810
178 926
178 839
129 636
129 652
129 614
140 660
140 698
140 707
154 769
154 760
154 822
183 847
183 911
183 948
155 750
155 696
155 819
149 775
149 620
149 778
160 729
160 870
160 799
147 650
147 636
147 648
231 1199
231 1209
231 1127
492 2337
492 2326
492 2394
374 1843
374 1684
374 1776
463 2396
463 2127
463 2125
457 2267
457 2126
457 2211
376 1899
376 1841
376 1877
92 475
92 389
92 417
129 601
129 650
129 687
115 619
115 533
115 570
132 679
132 564
132 656
110 563
110 477
110 590
344 1718
344 1590
344 1688
262 1147
262 1260
262 1284
318 1540
318 1569
318 1576
352 1796
352 1649
352 1708
244 1234
244 1121
244 1172
294 1448
294 1497
294 1544
249 1203
249 1165
249 1295
265 1372
265 1174
265 1344
239 1206
239 1227
239 1170
217 1011
217 1097
217 1119
249 1114
249 1340
249 1193
217 1069
217 1037
217 1066
227 1149
227 1145
227 1097
227 1029
227 1074
227 1157
189 865
189 863
189 834
316 1436
316 1569
316 1630
271 1437
271 1359
271 1404
325 1536
325 1541
325 1640
263 1187
263 1293
263 1350
263 1234
263 1435
263 1342
316 1456
316 1555
316 1477
273 1310
273 1290
273 1460
309 1445
309 1454
309 1469
330 1518
330 1467
330 1524
246 1197
246 1332
246 1058
321 1649
321 1595
321 1517
305 1452
305 1369
305 1555
323 1482
323 1502
323 1539
358 1684
358 1708
358 1575
352 1587
352 1802
352 1742
332 1514
332 1626
332 1730
334 1600
334 1537
334 1736
383 1841
383 1932
383 1866
333 1647
333 1676
333 1742
316 1565
316 1543
316 1397
173 736
173 870
173 804
321 1554
321 1597
321 1577
333 1684
333 1696
333 1588
354 1726
354 1771
354 1600
390 1741
390 1877
390 1941
298 1442
298 1508
298 1491
459 2363
459 2147
459 2192
372 1778
372 1856
372 1875
492 2355
492 2418
492 2391
451 2178
451 2087
451 2180
433 2211
433 1954
433 2085
353 1613
353 1625
353 1623
307 1496
307 1416
307 1431
362 1703
362 1648
362 1625
332 1732
332 1638
332 1377
283 1343
283 1435
283 1328
474 2187
474 2433
474 2278
403 1987
403 2004
403 1972
414 2049
414 2009
414 1969
419 1962
419 1948
419 2216
407 1972
407 2024
407 1839
472 2288
472 2375
472 2345
438 1898
438 2252
438 2245
447 2500
447 2238
447 2196
459 2125
459 2133
459 2315
452 2041
452 2225
452 2206
107 515
107 549
107 567
203 1032
203 988
203 870
116 654
116 524
116 682
42 219
42 246
42 226
347 1604
347 1664
347 1816
289 1409
289 1352
289 1306
345 1607
345 1616
345 1682
334 1485
334 1588
334 1573
270 1257
270 1222
270 1275
373 1828
373 1913
373 1804
295 1298
295 1609
295 1490
349 1619
349 1608
349 1792
389 1957
389 1969
389 1941
293 1416
293 1372
293 1358
218 1053
218 1042
218 930
173 769
173 799
173 923
209 1050
209 962
209 988
212 1059
212 1005
212 936
161 828
161 639
161 721
505 2511
505 2513
505 2495
372 1800
372 1879
372 1897
462 2273
462 2065
462 2236
488 2395
488 2340
488 2389
415 1983
415 2134
415 1989
605 2807
605 3046
605 3070
595 3088
595 2837
595 2661
586 2975
586 2836
586 2948
451 2109
451 2205
451 2082
265 1237
265 1300
265 1367
118 585
118 556
118 583
566 2615
566 2845
566 2620
584 2862
584 3072
584 2857
585 2939
585 2944
585 2753
493 2405
493 2320
493 2316
603 2991
603 2683
603 2853
582 2997
582 2842
582 2794
613 3058
613 2921
613 2981
469 2296
469 2214
469 2311
587 2938
587 3040
587 2751
559 2627
559 2697
559 2851
586 2771
586 2707
586 2831
484 2513
484 2235
484 2293
574 2659
574 2659
574 2644
569 2848
569 2864
569 2786
578 2779
578 2781
578 2762
507 2504
507 2524
507 2537
614 2905
614 2868
614 2917
586 3053
586 2836
586 2871
529 2583
529 2459
529 2664
506 2493
506 2375
506 2478
558 2580
558 2831
558 2744
564 2770
564 2789
564 2656
579 2882
579 2926
579 2801
513 2615
513 2482
513 2466
135 669
135 658
135 706
163 869
163 765
163 889
145 656
145 744
145 645
172 785
172 854
172 797
589 2721
589 2724
589 2911
539 2519
539 2649
539 2762
585 2979
585 2750
585 2770
499 2491
499 2471
499 2346
282 1340
282 1380
282 1304
272 1235
272 1343
272 1292
338 1676
338 1667
338 1640
238 1149
238 1113
238 1216
344 1696
344 1738
344 1778
295 1376
295 1340
295 1380
328 1602
328 1496
328 1604
363 1780
363 1805
363 1776
308 1381
308 1505
308 1429
431 2123
431 2092
431 2205
306 1502
306 1396
306 1534
422 2150
422 1976
422 2095
396 1920
396 1841
396 2103
317 1451
317 1402
317 1607
321 1677
321 1678
321 1650
466 2463
466 2135
466 2229
396 1914
396 2031
396 1897
496 2347
496 2443
496 2419
443 2143
443 2080
443 2173
383 1699
383 1739
383 1734
280 1313
280 1233
280 1435
219 1012
219 1105
219 1045
291 1309
291 1478
291 1277
258 1128
258 1302
258 1228
226 1080
226 1126
226 1120
490 2405
490 2239
490 2552
393 1822
393 1964
393 1892
472 2320
472 2218
472 2266
431 2041
431 2162
431 2066
417 1990
417 1939
417 2102
293 1549
293 1487
293 1425
213 1035
213 1022
213 1074
263 1373
263 1235
263 1270
280 1353
280 1396
280 1300
239 1058
239 1132
239 1226
317 1614
317 1562
317 1545
497 2516
497 2345
497 2443
80 347
80 360
80 387
464 2332
464 2241
464 2391
432 2091
432 2251
432 2222
435 2193
435 2175
435 2090
427 2155
427 2082
427 2085
404 1881
404 2002
404 1917
467 2264
467 2344
467 2204
381 1792
381 1908
381 1872
434 2107
434 1953
434 2116
499 2238
499 2568
499 2452
387 1784
387 1914
387 1840
566 2755
566 2784
566 2711
422 2093
422 2111
422 2219
508 2438
508 2551
508 2449
524 2598
524 2516
524 2571
447 2322
447 2133
447 2278
463 2358
463 2258
463 2126
361 1828
361 1650
361 1772
449 2184
449 2258
449 2161
427 2064
427 2045
427 2065
437 2217
437 2008
437 2128
495 2349
495 2294
495 2460
349 1762
349 1769
349 1679
477 2384
477 2355
477 2037
472 2385
472 2349
472 2422
378 1817
378 1968
378 1782
376 1914
376 1804
376 1952
371 1857
371 1845
371 1805
464 2293
464 2261
464 2114
445 2024
445 2209
445 2099
396 2061
396 1975
396 1982
441 2033
441 2028
441 2199
392 1916
392 2003
392 1956
472 2361
472 2360
472 2410
412 2004
412 2100
412 1998
330 1539
330 1546
330 1645
473 2405
473 2337
473 2150
446 2149
446 2324
446 2064
529 2482
529 2567
529 2605
233 1137
233 1116
233 1179
430 2057
430 2069
430 2103
495 2374
495 2507
495 2412
441 2058
441 2087
441 2236
522 2299
522 2550
522 2637
262 1328
262 1184
262 1231
387 1854
387 1852
387 2021
516 2503
516 2333
516 2594
448 2220
448 2294
448 2175
466 2237
466 2173
466 2337
288 1348
288 1345
288 1432
412 1980
412 1974
412 2060
489 2495
489 2347
489 2393
419 2088
419 2061
419 1988
472 2341
472 2212
472 2391
249 1127
249 1215
249 1255
410 2131
410 2146
410 2016
162 775
162 767
162 805
129 647
129 590
129 692
132 706
132 682
132 586
120 528
120 542
120 545
167 833
167 769
167 816
121 590
121 624
121 534
148 772
148 736
148 836
129 674
129 604
129 603
278 1257
278 1286
278 1332
571 2827
571 2679
571 2897
492 2190
492 2434
492 2534
630 2907
630 2953
630 3052
322 1440
322 1600
322 1627
518 2503
518 2632
518 2435
88 411
88 443
88 425
474 2488
474 2411
474 2423
400 1935
400 1835
400 2076
479 2208
479 2502
479 2172
311 1339
311 1520
311 1494
440 2104
440 2044
440 2194
198 1059
198 934
198 908
190 951
190 886
190 905
222 1184
222 1152
222 982
205 1005
205 1099
205 1096
495 2450
495 2454
495 2253
411 1976
411 1926
411 2011
431 2030
431 2244
431 2127
386 1946
386 1847
386 1925
475 2279
475 2394
475 2212
417 1922
417 2032
417 2053
377 1795
377 1739
377 1937
508 2629
508 2475
508 2299
499 2251
499 2428
499 2464
441 2045
441 2050
441 2136
492 2471
492 2659
492 2270
428 2174
428 2258
428 2112
382 1795
382 2005
382 1774
388 1841
388 1895
388 1918
307 1489
307 1482
307 1628
369 1809
369 1787
369 1740
419 2111
419 2098
419 2085
314 1426
314 1552
314 1426
414 1959
414 2160
414 2075
202 1062
202 950
202 925
344 1715
344 1680
344 1617
513 2560
513 2639
513 2598
417 1936
417 2036
417 2085
502 2455
502 2354
502 2284
322 1717
322 1616
322 1550
435 2133
435 2330
435 2101
530 2574
530 2444
530 2685
450 2295
450 2132
450 2241
481 2309
481 2344
481 2333
335 1600
335 1641
335 1545
447 1955
447 2138
447 2146
493 2434
493 2307
493 2380
473 2309
473 2252
473 2365
475 2352
475 2466
475 2113
311 1449
311 1575
311 1500
487 2452
487 2347
487 2311
472 2227
472 2253
472 2278
409 1879
409 1894
409 1817
422 2032
422 1923
422 2009
232 1233
232 1168
232 1091
363 1695
363 1747
363 1667
464 2341
464 2433
464 2242
352 1918
352 1715
352 1632
363 1811
363 1915
363 1771
379 1896
379 1762
379 1937
269 1237
269 1283
269 1275
514 2464
514 2378
514 2521
449 2143
449 2050
449 2218
502 2453
502 2386
502 2547
415 1984
415 2150
415 2014
529 2673
529 2671
529 2757
455 2075
455 2278
455 2213
501 2283
501 2567
501 2211
446 2110
446 2175
446 2294
525 2397
525 2742
525 2640
411 1956
411 2042
411 2092
518 2539
518 2532
518 2529
355 1798
355 1858
355 1900
428 2114
428 1932
428 2167
493 2556
493 2412
493 2331
434 2193
434 2047
434 1978
524 2412
524 2374
524 2564
317 1728
317 1583
317 1659
463 2251
463 2231
463 2205
579 2818
579 2860
579 2856
480 2236
480 2384
480 2235
564 2849
564 2717
564 2801
523 2474
523 2549
523 2427
418 1903
418 1940
418 1844
437 1900
437 2016
437 2109
396 2105
396 1952
396 2008
514 2467
514 2675
514 2532
460 2224
460 2195
460 2259
497 2379
497 2308
497 2367
436 2100
436 1999
436 2337
480 2406
480 2293
480 2206
257 1155
257 1293
257 1184
438 2049
438 2046
438 2099
532 2525
532 2466
532 2500
360 1753
360 1660
360 1649
548 2580
548 2657
548 2389
251 1254
251 1082
251 1325
389 1823
389 1970
389 1799
68 318
68 295
68 338
553 2600
553 2881
553 2606
421 2054
421 1984
421 2145
535 2604
535 2600
535 2627
292 1500
292 1417
292 1549
412 2039
412 2160
412 2090
532 2374
532 2314
532 2639
427 2080
427 2084
427 2082
507 2413
507 2482
507 2653
293 1375
293 1384
293 1623
463 2257
463 2176
463 2385
175 970
175 883
175 819
168 861
168 858
168 780
196 988
196 1000
196 991
178 818
178 835
178 858
162 706
162 792
162 685
520 2584
520 2628
520 2780
462 2218
462 2265
462 2147
521 2487
521 2639
521 2429
286 1440
286 1470
286 1416
444 2257
444 2138
444 2062
434 2132
434 2099
434 2115
400 1849
400 1844
400 1971
470 2185
470 2203
470 2217
462 2152
462 2249
462 2245
412 2126
412 1987
412 1836
485 2324
485 2441
485 2344
438 2204
438 2090
438 2144
487 2424
487 2370
487 2285
424 2064
424 2197
424 1979
420 2286
420 2038
420 2116
368 1792
368 1847
368 1813
415 1954
415 2087
415 2200
203 924
203 981
203 935
344 1730
344 1725
344 1512
663 3074
663 3091
663 3125
536 2653
536 2671
536 2585
610 2902
610 2986
610 3021
450 2262
450 2232
450 2375
558 2653
558 2684
558 2634
82 433
82 384
82 388
149 843
149 754
149 759
104 441
104 475
104 488
115 610
115 537
115 559
106 565
106 513
106 412
438 2271
438 2253
438 2137
308 1467
308 1479
308 1500
381 1889
381 1856
381 1855
264 1283
264 1337
264 1326
367 1999
367 1871
367 1738
510 2592
510 2459
510 2410
460 2322
460 2153
460 2229
534 2640
534 2695
534 2637
308 1484
308 1499
308 1580
437 2166
437 2247
437 2040
542 2664
542 2785
542 2838
449 2153
449 2154
449 2155
493 2366
493 2341
493 2550
345 1567
345 1778
345 1655
438 2071
438 2185
438 2014
226 1126
226 1088
226 1227
355 1705
355 1673
355 1575
542 2540
542 2787
542 2622
492 2397
492 2471
492 2310
538 2612
538 2649
538 2458
492 2339
492 2501
492 2355
599 2944
599 2828
599 2668
478 2628
478 2383
478 2247
540 2607
540 2696
540 2605
182 835
182 841
182 859
466 2315
466 2388
466 2262
576 2758
576 2894
576 2817
459 2339
459 2298
459 2285
570 2744
570 2757
570 2737
194 914
194 952
194 770
473 2409
473 2290
473 2192
192 916
192 851
192 860
181 938
181 896
181 885
162 768
162 835
162 746
154 687
154 771
154 699
294 1343
294 1356
294 1364
232 1009
232 1100
232 1106
274 1325
274 1310
274 1202
233 1095
233 1126
233 1070
58 282
58 257
58 290
166 798
166 902
166 805
158 686
158 742
158 806
170 846
170 813
170 795
152 704
152 766
152 765
103 522
103 479
103 534
391 1765
391 1871
391 1840
299 1466
299 1409
299 1454
329 1593
329 1667
329 1640
302 1486
302 1415
302 1561
547 2711
547 2762
547 2629
473 2403
473 2223
473 2235
560 2586
560 2800
560 2741
483 2344
483 2427
483 2392
159 801
159 768
159 753
145 690
145 650
145 717
174 854
174 918
174 850
152 680
152 759
152 660
606 2909
606 2998
606 3028
558 2686
558 2644
558 2835
577 2937
577 2809
577 2712
540 2635
540 2486
540 2553
233 1192
233 1125
233 1143
222 1096
222 985
222 1172
265 1258
265 1372
265 1223
211 936
211 973
211 1009
626 3208
626 3046
626 3169
520 2727
520 2466
520 2526
596 2758
596 2805
596 2917
539 2573
539 2721
539 2601
250 1247
250 1231
250 1220
206 944
206 1079
206 1022
235 1150
235 1328
235 1081
204 954
204 1077
204 1072
615 3027
615 2808
615 2881
578 2875
578 2745
578 2883
619 3157
619 2793
619 3210
576 2985
576 2594
576 2767
425 1919
425 2174
425 2261
361 2032
361 1716
361 1759
389 1952
389 1885
389 1699
341 1583
341 1596
341 1748
496 2524
496 2430
496 2430
457 2104
457 2347
457 2236
504 2371
504 2453
504 2298
426 2149
426 1921
426 2104
606 2926
606 3088
606 3040
556 2722
556 2748
556 2836
623 2903
623 2979
623 2956
565 2757
565 2552
565 2896
536 2447
536 2669
536 2476
494 2367
494 2409
494 2457
551 2744
551 2467
551 2802
434 2244
434 2176
434 2128
390 2017
390 1897
390 1955
351 1659
351 1781
351 1789
423 2061
423 2037
423 1933
345 1642
345 1730
345 1707
647 3264
647 3028
647 3145
567 2811
567 2774
567 2741
625 3054
625 3061
625 2994
565 2900
565 2828
565 2691
653 3022
653 3252
653 3068
573 2839
573 2956
573 2854
607 2984
607 2872
607 2989
591 2820
591 2692
591 2812
750 3763
750 3823
750 3680
677 3446
677 3106
677 3205
731 3538
731 3527
731 3500
615 3178
615 3142
615 3114
375 1814
375 1712
375 1804
707 3470
707 3368
707 3500
569 2779
569 2949
569 2715
739 3542
739 3486
739 3490
564 2537
564 2746
564 2802
734 3515
734 3811
734 3791
612 3018
612 2972
612 3102
750 3655
750 3621
750 3541
603 3234
603 2960
603 2913
607 2886
607 2941
607 2986
503 2356
503 2484
503 2580
624 2775
624 2853
624 2990
494 2292
494 2316
494 2358
657 3206
657 3143
657 3247
501 2533
501 2419
501 2408
605 2996
605 2928
605 2786
479 2488
479 2282
479 2120
638 3167
638 3130
638 3245
536 2584
536 2535
536 2667
611 2948
611 3090
611 3010
492 2330
492 2432
492 2403
613 2900
613 2894
613 2918
552 2869
552 2555
552 2787
579 2744
579 2787
579 2666
532 2577
532 2690
532 2583
177 831
177 870
177 841
158 756
158 769
158 907
142 597
142 708
142 624
133 681
133 595
133 711
594 2899
594 2906
594 2868
541 2751
541 2573
541 2678
582 2699
582 2897
582 2824
500 2514
500 2551
500 2439
624 2945
624 2977
624 2852
502 2567
502 2464
502 2549
611 3095
611 3215
611 2880
521 2611
521 2462
521 2580
631 3076
631 3116
631 3289
517 2667
517 2549
517 2618
569 2911
569 3109
569 2970
531 2565
531 2748
531 2442
558 2758
558 2754
558 2617
453 2245
453 2380
453 2026
535 2576
535 2639
535 2758
459 2364
459 2385
459 2043
623 3000
623 2796
623 2830
545 2820
545 2682
545 2676
597 2860
597 2911
597 3062
518 2527
518 2733
518 2377
521 2484
521 2451
521 2487
484 2497
484 2409
484 2440
537 2538
537 2675
537 2807
466 2212
466 2251
466 2276
618 3070
618 2999
618 3090
513 2403
513 2404
513 2455
563 2654
563 2880
563 2803
524 2416
524 2519
524 2459
607 2984
607 2976
607 2869
543 2685
543 2675
543 2688
604 3075
604 3126
604 3031
541 2595
541 2689
541 2582
364 1707
364 1764
364 1776
283 1331
283 1371
283 1275
333 1641
333 1680
333 1659
279 1277
279 1367
279 1374
590 2761
590 2897
590 2755
545 2443
545 2661
545 2801
602 3046
602 2940
602 3100
533 2675
533 2595
533 2590
367 1877
367 1812
367 1866
306 1504
306 1417
306 1557
352 1772
352 1821
352 1684
290 1407
290 1477
290 1451
541 2666
541 2664
541 2577
421 1866
421 2031
421 2007
577 2741
577 2866
577 2742
421 2139
421 2071
421 2074
606 3074
606 3121
606 3062
452 2137
452 2179
452 2280
567 2729
567 2600
567 2704
484 2419
484 2230
484 2351
423 2076
423 1990
423 2128
344 1660
344 1754
344 1672
467 2409
467 2119
467 2335
349 1794
349 1572
349 1740
552 2527
552 2595
552 2763
497 2197
497 2340
497 2380
585 2937
585 2920
585 2992
515 2555
515 2541
515 2481
586 2868
586 2795
586 2714
505 2551
505 2482
505 2406
542 2540
542 2714
542 2585
509 2574
509 2371
509 2475
517 2478
517 2613
517 2334
528 2596
528 2459
528 2536
595 2927
595 2826
595 2793
519 2513
519 2706
519 2522
652 3164
652 2966
652 3220
567 2614
567 2858
567 2727
657 3166
657 3400
657 3309
613 2799
613 2989
613 3044
40 214
40 149
40 192
187 902
187 960
187 988
162 678
162 747
162 797
199 1074
199 911
199 918
181 855
181 882
181 896
565 2795
565 2815
565 2684
515 2576
515 2547
515 2626
547 2622
547 2590
547 2698
513 2430
513 2582
513 2380
630 3158
630 3167
630 2964
493 2176
493 2415
493 2585
552 2768
552 2675
552 2732
546 2529
546 2634
546 2781
626 2895
626 3075
626 3017
511 2427
511 2579
511 2433
578 2681
578 2908
578 2752
527 2512
527 2656
527 2420
537 2687
537 2643
537 2589
451 2160
451 1994
451 2293
453 2188
453 2359
453 2069
423 2107
423 2078
423 1949
401 1894
401 1809
401 1873
329 1495
329 1634
329 1466
394 1931
394 1852
394 1981
349 1663
349 1709
349 1510
592 2821
592 2621
592 2880
551 2571
551 2688
551 2755
632 3211
632 3107
632 3200
494 2428
494 2296
494 2306
628 3130
628 2972
628 3189
509 2459
509 2540
509 2337
634 2987
634 3241
634 3194
554 2390
554 2589
554 2710
271 1424
271 1194
271 1329
578 2728
578 2636
578 2807
493 2292
493 2408
493 2338
604 2872
604 3036
604 2892
518 2481
518 2563
518 2335
603 2921
603 3122
603 2982
462 2170
462 2278
462 2422
606 2987
606 3102
606 2896
520 2547
520 2614
520 2490
553 2828
553 2721
553 2564
493 2492
493 2370
493 2455
623 3153
623 2888
623 3026
523 2530
523 2495
523 2396
600 3150
600 2833
600 2954
503 2443
503 2420
503 2427
577 2794
577 2863
577 2798
494 2361
494 2345
494 2425
454 2303
454 2242
454 2248
425 2183
425 2098
425 2026
456 2254
456 2363
456 2248
386 1816
386 1825
386 1790
454 2145
454 2118
454 2387
638 3092
638 3254
638 3001
527 2644
527 2603
527 2545
531 2514
531 2464
531 2502
487 2499
487 2267
487 2487
533 2457
533 2682
533 2677
539 2517
539 2693
539 2484
579 2906
579 2962
579 2872
510 2585
510 2516
510 2464
591 2874
591 2776
591 2815
505 2445
505 2517
505 2524
533 2419
533 2469
533 2509
534 2390
534 2673
534 2748
605 2934
605 2916
605 3048
487 2420
487 2349
487 2270
611 2954
611 2912
611 2964
464 2427
464 2348
464 2342
595 2875
595 3004
595 2770
482 2114
482 2408
482 2227
573 2578
573 2824
573 2776
482 2421
482 2595
482 2469
440 2170
440 2269
440 2126
484 2382
484 2362
484 2353
413 2025
413 1902
413 2026
488 2437
488 2339
488 2479
360 1672
360 1789
360 1787
622 2903
622 3118
622 2864
521 2653
521 2607
521 2356
554 2645
554 2648
554 2712
497 2340
497 2294
497 2346
609 2985
609 3060
609 2929
507 2523
507 2560
507 2552
609 3012
609 2989
609 2922
509 2587
509 2493
509 2334
528 2577
528 2560
528 2722
431 2052
431 2074
431 2131
518 2484
518 2366
518 2436
450 2085
450 2053
450 2322
705 3567
705 3446
705 3303
546 2664
546 2723
546 2638
667 3215
667 3226
667 3218
589 2777
589 2800
589 2762
855 3970
855 4144
855 4314
755 3745
755 3660
755 3733
800 3802
800 4048
800 3973
694 3520
694 3413
694 3426
258 1235
258 1311
258 1379
235 1252
235 1187
235 1313
198 945
198 1012
198 999
241 1216
241 1383
241 1222
182 821
182 864
182 780
611 3029
611 3226
611 2693
480 2418
480 2186
480 2247
615 3193
615 2895
615 2858
508 2445
508 2537
508 2501
615 2966
615 2896
615 2931
499 2506
499 2394
499 2399
614 3072
614 2894
614 2996
520 2583
520 2584
520 2479
628 3070
628 3047
628 3295
486 2390
486 2348
486 2362
535 2598
535 2562
535 2668
482 2190
482 2319
482 2353
478 2280
478 2325
478 2471
354 1747
354 1752
354 1723
459 2271
459 2271
459 2117
471 2153
471 2197
471 2630
398 1935
398 1873
398 1958
406 2034
406 1895
406 1788
419 2106
419 2031
419 2030
426 2143
426 2014
426 2256
479 2288
479 2488
479 2359
410 2079
410 2051
410 2057
451 2188
451 2046
451 2193
409 1884
409 2004
409 2001
476 2340
476 2358
476 2403
422 1982
422 1925
422 2104
365 1817
365 1962
365 1830
470 2217
470 2342
470 2293
391 1993
391 1927
391 1824
442 2016
442 2038
442 2107
444 2113
444 2062
444 2046
365 1864
365 1678
365 1898
448 2269
448 2270
448 2159
414 2005
414 1850
414 2018
373 1736
373 1824
373 1841
479 2449
479 2320
479 2165
441 2080
441 2033
441 2034
459 2048
459 2225
459 2199
415 2008
415 2051
415 1911
472 2279
472 2068
472 2253
428 2061
428 2124
428 2119
379 1988
379 1824
379 1947
376 1732
376 1732
376 1791
368 1870
368 1708
368 1947
387 1850
387 1882
387 1952
398 2076
398 1825
398 1977
402 1858
402 1991
402 1933
164 855
164 907
164 728
236 1311
236 1184
236 1244
134 689
134 646
134 682
145 720
145 651
145 704
143 732
143 742
143 742
205 1054
205 973
205 1054
198 1000
198 949
198 924
205 1080
205 928
205 1012
190 877
190 925
190 912
170 754
170 824
170 861
496 2398
496 2548
496 2285
423 2021
423 2230
423 2171
430 2148
430 2113
430 2244
439 2155
439 2156
439 2228
380 1877
380 2092
380 1794
417 2044
417 1897
417 2007
398 2012
398 1875
398 1905
464 2332
464 2273
464 2169
483 2246
483 2339
483 2377
407 1863
407 1971
407 1937
445 2102
445 2118
445 2158
385 1925
385 1876
385 1930
462 2383
462 2249
462 2185
446 2122
446 2223
446 2373
376 1883
376 1687
376 1850
447 2176
447 2094
447 2229
382 1886
382 1797
382 1921
449 2082
449 2061
449 2045
440 2123
440 2111
440 2129
424 2200
424 1916
424 2049
497 2393
497 2282
497 2641
376 1862
376 1880
376 1886
445 2097
445 2085
445 2172
469 2206
469 2382
469 2156
354 1661
354 1616
354 1666
460 2196
460 2100
460 2120
430 2132
430 2179
430 2169
442 2163
442 2212
442 2081
506 2509
506 2424
506 2284
337 1675
337 1538
337 1666
354 1693
354 1616
354 1831
284 1443
284 1339
284 1491
332 1626
332 1640
332 1675
339 1624
339 1605
339 1729
283 1353
283 1250
283 1351
451 2221
451 2100
451 2252
399 1865
399 1829
399 1870
445 2203
445 2330
445 2034
454 2227
454 2080
454 2390
391 1999
391 1901
391 2006
451 2194
451 2200
451 2289
425 2067
425 2065
425 2194
473 2361
473 2221
473 2289
408 2104
408 1999
408 1999
372 1779
372 1654
372 1791
424 2026
424 1972
424 2052
399 1946
399 1992
399 1959
475 2328
475 2278
475 2287
469 2131
469 2207
469 2287
385 1916
385 1843
385 1825
128 635
128 674
128 756
520 2579
520 2596
520 2496
457 2178
457 2028
457 2216
361 1809
361 1764
361 1730
458 2130
458 2276
458 2119
466 2181
466 2294
466 2284
412 1904
412 2072
412 2176
171 890
171 841
171 827
427 2079
427 1990
427 2194
361 1633
361 1759
361 1743
394 1904
394 1953
394 1947
423 2074
423 1982
423 2007
362 1772
362 1769
362 1880
426 2062
426 2111
426 2084
376 1791
376 1772
376 1786
407 1929
407 1844
407 2018
409 1929
409 1836
409 2053
345 1723
345 1734
345 1586
420 2113
420 2089
420 2026
376 1710
376 1748
376 1787
428 2054
428 2137
428 2034
410 1945
410 1977
410 2042
371 1859
371 1786
371 1938
474 2480
474 2415
474 2270
430 2251
430 1996
430 2132
497 2422
497 2510
497 2545
511 2374
511 2478
511 2563
435 2070
435 2296
435 2121
497 2504
497 2369
497 2539
447 2005
447 2075
447 2034
463 2357
463 2282
463 2119
513 2593
513 2321
513 2589
412 2102
412 1925
412 2073
506 2485
506 2499
506 2435
430 2201
430 2074
430 2179
502 2426
502 2327
502 2466
439 2329
439 2150
439 2022
438 2164
438 2121
438 2013
240 1218
240 1208
240 1290
189 968
189 860
189 939
231 1209
231 1122
231 1242
210 1117
210 987
210 1061
175 895
175 898
175 886
512 2446
512 2384
512 2373
436 2007
436 2269
436 2215
483 2276
483 2440
483 2260
498 2304
498 2565
498 2278
447 2118
447 2177
447 2039
516 2402
516 2505
516 2536
428 2048
428 2068
428 1929
486 2375
486 2265
486 2174
484 2357
484 2377
484 2366
476 2261
476 2441
476 2429
472 2126
472 2380
472 2256
438 2073
438 2266
438 2166
461 2249
461 2236
461 2335
522 2561
522 2463
522 2437
466 2445
466 2258
466 2247
457 2261
457 2332
457 2256
377 1802
377 1919
377 1794
488 2374
488 2368
488 2367
485 2422
485 2366
485 2293
381 1764
381 1755
381 1879
481 2356
481 2322
481 2433
408 1919
408 2031
408 1932
470 2456
470 2235
470 2316
459 2127
459 2064
459 2264
408 2041
408 1964
408 1895
523 2524
523 2551
523 2677
408 1810
408 1924
408 1764
545 2824
545 2827
545 2601
499 2442
499 2684
499 2373
437 2087
437 2013
437 2074
251 1181
251 1280
251 1253
215 961
215 1107
215 1260
253 1299
253 1251
253 1306
260 1311
260 1124
260 1243
208 979
208 1060
208 960
410 1879
410 1936
410 2014
330 1493
330 1641
330 1562
364 1786
364 1767
364 1851
398 1960
398 2007
398 2111
345 1694
345 1763
345 1649
380 1837
380 1719
380 1908
364 1839
364 1760
364 1894
406 2062
406 1973
406 2019
379 1947
379 1802
379 1950
316 1591
316 1555
316 1672
384 1969
384 1964
384 1904
334 1548
334 1636
334 1751
395 1851
395 2004
395 1935
405 2150
405 2006
405 2000
351 1632
351 1829
351 1806
405 1926
405 2094
405 2206
338 1476
338 1646
338 1638
387 1795
387 1848
387 1950
419 2234
419 1880
419 1887
365 1792
365 1843
365 1821
398 1980
398 2023
398 2018
341 1776
341 1611
341 1596
436 2140
436 2215
436 2228
383 1863
383 1966
383 1801
369 1695
369 1748
369 1881
424 2147
424 2165
424 2201
349 1825
349 1634
349 1741
420 2008
420 2165
420 2067
399 2050
399 1847
399 2044
333 1521
333 1611
333 1647
290 1384
290 1353
290 1557
329 1512
329 1550
329 1632
265 1212
265 1326
265 1237
360 1736
360 1818
360 1892
354 1666
354 1655
354 1702
287 1342
287 1344
287 1385
383 1994
383 1945
383 1846
336 1555
336 1581
336 1686
382 1874
382 1900
382 1701
441 2254
441 2047
441 2207
370 1813
370 1708
370 1678
427 2145
427 2270
427 2170
334 1681
334 1593
334 1662
414 2024
414 1927
414 2055
398 1977
398 2056
398 1942
349 1786
349 1663
349 1728
395 2279
395 2021
395 1919
338 1539
338 1610
338 1740
419 2031
419 2147
419 2097
423 2095
423 2018
423 1884
335 1591
335 1610
335 1644
433 2178
433 2026
433 2021
338 1686
338 1607
338 1646
428 2078
428 2101
428 2076
372 1803
372 1704
372 1721
355 1826
355 1684
355 1722
400 1929
400 1957
400 2084
337 1639
337 1685
337 1588
400 1911
400 2064
400 1935
413 2097
413 2008
413 1967
376 1717
376 1807
376 1843
447 2195
447 2267
447 2208
347 1685
347 1593
347 1656
414 2046
414 2083
414 2000
384 1825
384 1854
384 1736
358 1767
358 1607
358 1552
397 2036
397 1984
397 1934
374 1776
374 1777
374 1851
428 2166
428 2142
428 2045
415 2114
415 2082
415 2012
341 1495
341 1740
341 1554
343 1736
343 1648
343 1592
326 1733
326 1576
326 1516
462 2391
462 2154
462 1969
404 1931
404 1739
404 2168
475 2135
475 2203
475 2381
486 2542
486 2381
486 2251
411 1852
411 2065
411 1907
473 2370
473 2318
473 2373
348 1605
348 1734
348 1716
493 2530
493 2370
493 2267
469 2187
469 2191
469 2213
415 2038
415 2144
415 2114
464 2305
464 2238
464 2276
394 1984
394 2003
394 1844
449 2036
449 2289
449 2160
468 2389
468 2218
468 2313
424 1967
424 2073
424 2065
464 2070
464 2257
464 2257
421 2126
421 2028
421 2024
455 2135
455 2238
455 2099
488 2344
488 2457
488 2262
368 1669
368 1689
368 1729
144 650
144 696
144 711
142 720
142 639
142 671
177 921
177 935
177 908
171 835
171 871
171 827
145 701
145 824
145 620
465 2333
465 2232
465 2118
379 1870
379 1877
379 1839
459 2070
459 2348
459 2239
458 2131
458 2220
458 2291
388 1723
388 1989
388 1878
421 1940
421 2049
421 2084
129 640
129 661
129 649
455 2223
455 2266
455 2240
422 1971
422 2082
422 2165
480 2441
480 2422
480 2322
467 2217
467 2283
467 2150
389 1881
389 1715
389 1799
430 2023
430 1937
430 2003
388 1880
388 1871
388 1962
497 2319
497 2339
497 2534
457 2144
457 2167
457 2308
420 1893
420 2157
420 1960
327 1630
327 1424
327 1437
269 1302
269 1353
269 1211
337 1608
337 1666
337 1589
330 1703
330 1598
330 1670
275 1373
275 1342
275 1411
483 2457
483 2408
483 2311
378 1846
378 1868
378 1796
471 2377
471 2252
471 2220
498 2374
498 2520
498 2538
396 2025
396 2070
396 1910
455 2211
455 2322
455 2220
408 1990
408 2107
408 1844
465 2354
465 2360
465 2203
475 2401
475 2219
475 2317
394 1871
394 2057
394 1890
215 1097
215 1130
215 1080
174 820
174 927
174 803
197 904
197 975
197 958
203 969
203 1084
203 1059
163 818
163 706
163 829
301 1571
301 1394
301 1368
500 2472
500 2543
500 2476
387 1915
387 1813
387 1780
521 2692
521 2547
521 2523
462 2186
462 2263
462 2325
426 2065
426 2131
426 2056
376 1778
376 1671
376 1813
355 1686
355 1633
355 1619
355 1840
355 1702
355 1758
381 2038
381 1752
381 1688
303 1502
303 1469
303 1406
215 1076
215 1051
215 1037
163 785
163 838
163 759
225 1064
225 998
225 1052
225 1140
225 1142
225 1045
191 956
191 885
191 988
321 1658
321 1532
321 1547
277 1305
277 1275
277 1352
291 1538
291 1365
291 1424
311 1581
311 1337
311 1459
267 1278
267 1259
267 1383
470 2272
470 2435
470 2410
394 1882
394 1975
394 1907
456 2213
456 2251
456 2289
470 2232
470 2335
470 2293
394 1952
394 1953
394 1975
464 2343
464 2322
464 2217
353 1733
353 1681
353 1806
450 2247
450 2406
450 2206
445 2207
445 2060
445 2175
408 2075
408 2101
408 2038
467 2264
467 2241
467 2265
379 1918
379 1971
379 1825
443 2060
443 2199
443 2216
452 2174
452 2274
452 2220
382 1720
382 1995
382 1828
441 2249
441 2274
441 2126
383 2001
383 1842
383 1800
455 2330
455 2333
455 2140
473 2282
473 2226
473 2270
378 1934
378 1911
378 1817
415 1845
415 1942
415 2112
365 1747
365 1774
365 1722
471 2422
471 2182
471 2312
443 2103
443 2214
443 2194
447 2208
447 2180
447 2235
421 2005
421 2252
421 2040
595 2881
595 2651
595 2997
508 2449
508 2381
508 2411
412 2029
412 2182
412 1942
462 2441
462 2187
462 2191
467 2284
467 2300
467 2204
366 1871
366 1855
366 1904
434 2185
434 2225
434 2153
359 1590
359 1914
359 1719
482 2205
482 2527
482 2428
483 2248
483 2249
483 2327
388 1871
388 1933
388 1932
462 2303
462 2262
462 1996
406 1882
406 2143
406 1908
480 2422
480 2375
480 2536
475 2325
475 2308
475 2377
377 1821
377 1843
377 1951
469 2262
469 2393
469 2294
428 2031
428 2041
428 2043
471 2281
471 2363
471 2219
450 2299
450 2323
450 2147
405 2097
405 1982
405 1989
463 2283
463 2523
463 2331
396 2086
396 2071
396 2054
510 2542
510 2521
510 2348
484 2256
484 2502
484 2452
409 1991
409 1944
409 1816
493 2424
493 2358
493 2194
404 1978
404 1964
404 1989
482 2257
482 2220
482 2246
478 2505
478 2258
478 2444
459 2086
459 2195
459 2192
166 800
166 774
166 768
501 2574
501 2502
501 2405
432 2198
432 1968
432 2120
497 2386
497 2482
497 2442
490 2403
490 2301
490 2284
445 2240
445 2207
445 2195
500 2589
500 2414
500 2464
415 2076
415 2107
415 2157
522 2701
522 2529
522 2542
494 2413
494 2349
494 2579
449 2239
449 2186
449 2197
572 2816
572 2696
572 2591
452 2119
452 2255
452 2098
487 2412
487 2464
487 2318
495 2364
495 2480
495 2438
448 2162
448 2299
448 2202
448 2192
448 2140
448 2242
345 1642
345 1626
345 1797
440 2179
440 2254
440 2043
403 2204
403 2052
403 1799
375 1827
375 1878
375 1777
476 2189
476 2367
476 2403
354 1785
354 1785
354 1771
475 2262
475 2304
475 2297
422 1982
422 2104
422 2202
382 1798
382 1925
382 1873
336 1632
336 1608
336 1722
295 1342
295 1462
295 1410
366 1768
366 1765
366 1738
369 1868
369 1828
369 1804
282 1327
282 1238
282 1338
479 2258
479 2251
479 2291
428 2217
428 2079
428 1967
474 2506
474 2260
474 2456
513 2456
513 2473
513 2407
385 1807
385 1844
385 1976
466 2185
466 2260
466 2305
436 2155
436 2030
436 2250
460 2203
460 2271
460 2095
526 2616
526 2428
526 2485
434 2060
434 2186
434 2092
486 2329
486 2195
486 2237
434 2057
434 2020
434 2064
486 2564
486 2348
486 2360
506 2373
506 2316
506 2463
398 1858
398 2072
398 1878
499 2311
499 2415
499 2455
429 2180
429 2133
429 2151
471 2214
471 2456
471 2198
467 2283
467 2334
467 2093
437 2090
437 2207
437 2096
473 2268
473 2233
473 2292
467 2389
467 2220
467 2337
448 2343
448 2157
448 2133
519 2511
519 2609
519 2568
504 2430
504 2532
504 2530
421 2006
421 2061
421 2072
478 2304
478 2423
478 2084
440 2081
440 2114
440 1967
524 2656
524 2587
524 2502
483 2443
483 2402
483 2068
448 2246
448 2002
448 2009
515 2326
515 2404
515 2474
469 2234
469 2307
469 2372
523 2509
523 2343
523 2798
486 2125
486 2384
486 2269
407 1984
407 2013
407 1895
522 2390
522 2474
522 2675
445 2014
445 2287
445 2106
525 2419
525 2544
525 2548
506 2533
506 2584
506 2533
451 2195
451 2136
451 2330
575 2714
575 2774
575 2781
459 2150
459 2154
459 2226
546 2560
546 2732
546 2715
505 2477
505 2461
505 2531
463 2269
463 2370
463 2330
285 1344
285 1423
285 1476
270 1253
270 1222
270 1423
277 1409
277 1299
277 1291
277 1355
277 1273
277 1474
236 1220
236 1173
236 1205
588 2867
588 2836
588 2758
529 2625
529 2534
529 2483
558 2711
558 2606
558 2586
613 2782
613 2805
613 2963
484 2218
484 2463
484 2323
618 2995
618 2862
618 2940
545 2511
545 2620
545 2643
603 2955
603 2780
603 2896
591 2836
591 2751
591 2720
499 2361
499 2505
499 2241
626 3052
626 3089
626 3037
524 2611
524 2452
524 2549
640 2971
640 3127
640 3140
604 2888
604 3081
604 2998
554 2798
554 2779
554 2662
630 3252
630 3091
630 3058
562 2832
562 2615
562 2851
651 3270
651 3183
651 3542
640 3238
640 3218
640 3108
553 2855
553 2707
553 2755
666 3269
666 3194
666 3380
616 3129
616 2972
616 3001
630 3028
630 3097
630 2850
669 3230
669 3209
669 3346
588 2850
588 2682
588 2797
685 3255
685 3214
685 3280
603 2990
603 2986
603 2957
681 3295
681 3488
681 3362
685 3442
685 3436
685 3308
650 3288
650 3014
650 3022
197 1042
197 870
197 1037
161 694
161 789
161 732
195 926
195 906
195 970
189 876
189 935
189 988
152 787
152 806
152 763
491 2269
491 2378
491 2449
420 2194
420 2196
420 1904
467 2327
467 2230
467 2192
482 2445
482 2492
482 2195
383 1787
383 1933
383 1802
499 2471
499 2486
499 2552
386 1827
386 1877
386 1922
517 2509
517 2517
517 2521
484 2383
484 2382
484 2399
382 2040
382 1875
382 1743
445 2145
445 2003
445 2126
424 1879
424 1968
424 1911
476 2266
476 2206
476 2367
514 2502
514 2734
514 2501
402 2041
402 1870
402 2020
369 1884
369 1691
369 1746
304 1413
304 1493
304 1488
350 1840
350 1641
350 1667
350 1852
350 1602
350 1613
311 1556
311 1475
311 1625
377 1967
377 1897
377 1822
325 1598
325 1443
325 1588
368 1839
368 1808
368 1786
375 1998
375 1926
375 1828
312 1473
312 1607
312 1555
497 2540
497 2442
497 2270
427 2064
427 2120
427 2082
479 2247
479 2258
479 2427
491 2398
491 2363
491 2455
416 2164
416 1994
416 1964
467 2401
467 2163
467 2265
389 1869
389 1676
389 1891
504 2549
504 2359
504 2235
494 2377
494 2398
494 2248
440 2058
440 2171
440 2012
492 2384
492 2527
492 2234
411 2005
411 1961
411 2007
482 2484
482 2293
482 2183
473 2239
473 2337
473 2336
455 2301
455 2246
455 2380
483 2342
483 2276
483 2369
453 2182
453 2069
453 2086
492 2191
492 2228
492 2495
503 2434
503 2430
503 2490
399 1901
399 2011
399 1954
519 2472
519 2476
519 2730
457 2184
457 2352
457 2186
603 2845
603 3048
603 2960
530 2683
530 2558
530 2502
474 2298
474 2213
474 2439
509 2484
509 2605
509 2504
412 2049
412 1997
412 1927
483 2429
483 2355
483 2219
535 2694
535 2529
535 2662
375 1842
375 1856
375 1704
498 2341
498 2418
498 2419
412 2163
412 2124
412 1929
492 2244
492 2446
492 2486
489 2500
489 2354
489 2504
417 1996
417 2004
417 1940
502 2574
502 2511
502 2510
427 2090
427 1996
427 2167
478 2401
478 2517
478 2402
494 2330
494 2319
494 2446
432 2278
432 2147
432 2089
248 1197
248 1312
248 1195
191 852
191 859
191 1046
235 1123
235 1072
235 1127
255 1149
255 1347
255 1203
217 1029
217 1103
217 1054
490 2320
490 2371
490 2328
429 2051
429 1900
429 2141
478 2180
478 2247
478 2360
494 2349
494 2413
494 2313
447 1947
447 2096
447 2161
548 2812
548 2832
548 2858
410 1870
410 1901
410 1944
491 2420
491 2548
491 2271
469 2320
469 2142
469 2510
393 1924
393 1824
393 1971
225 918
225 1136
225 1046
217 1027
217 989
217 977
221 966
221 1087
221 991
242 1093
242 1241
242 1159
200 1132
200 991
200 979
524 2469
524 2502
524 2537
469 2344
469 2350
469 2414
540 2470
540 2667
540 2703
494 2336
494 2649
494 2527
470 2120
470 2271
470 2325
585 2850
585 2874
585 2882
448 2033
448 2197
448 2129
515 2585
515 2383
515 2587
521 2656
521 2497
521 2640
450 2280
450 2237
450 2309
528 2467
528 2628
528 2564
478 2247
478 2354
478 2330
504 2510
504 2573
504 2282
526 2587
526 2508
526 2512
492 2262
492 2519
492 2330
517 2381
517 2451
517 2463
478 2353
478 2291
478 2315
522 2538
522 2337
522 2639
541 2664
541 2770
541 2620
460 2336
460 2311
460 2208
527 2652
527 2495
527 2563
427 2108
427 1989
427 2100
499 2381
499 2298
499 2501
547 2621
547 2813
547 2697
467 2248
467 2160
467 2154
514 2568
514 2523
514 2375
481 2101
481 2323
481 2421
517 2570
517 2606
517 2390
508 2431
508 2459
508 2384
473 2266
473 2288
473 2197
578 2913
578 2801
578 2590
420 2033
420 2033
420 2034
536 2510
536 2775
536 2557
516 2557
516 2314
516 2352
455 2108
455 2195
455 2226
80 401
80 443
80 406
526 2742
526 2540
526 2463
451 2061
451 2223
451 2163
560 2941
560 2705
560 2887
535 2599
535 2500
535 2507
470 2116
470 2268
470 2322
261 1190
261 1138
261 1274
232 1039
232 1174
232 1078
247 1223
247 1158
247 1212
255 1203
255 1338
255 1286
225 1092
225 1062
225 1126
419 2116
419 2056
419 2107
333 1687
333 1680
333 1667
435 2318
435 2102
435 2258
468 2224
468 2403
468 2385
304 1459
304 1625
304 1402
455 2110
455 2202
455 2363
352 1776
352 1724
352 1659
441 2060
441 2111
441 2133
415 2088
415 1919
415 2002
367 1821
367 1817
367 1828
418 1995
418 1972
418 2081
355 1613
355 1733
355 1705
446 2088
446 2098
446 2370
471 2331
471 2213
471 2334
363 1682
363 1690
363 1801
341 1689
341 1595
341 1612
289 1592
289 1371
289 1488
375 1911
375 1696
375 1745
333 1627
333 1648
333 1492
292 1382
292 1433
292 1575
467 2310
467 2191
467 2402
355 1772
355 1648
355 1780
451 2122
451 2139
451 2140
442 1951
442 2179
442 2150
401 1941
401 1780
401 2187
477 2233
477 2269
477 2576
365 1732
365 1630
365 1776
451 2315
451 2012
451 2065
465 2246
465 2315
465 2236
412 1909
412 1958
412 2004
470 2135
470 2328
470 2346
429 1986
429 2119
429 2116
454 2071
454 2121
454 2084
466 2188
466 2186
466 2250
408 1963
408 1983
408 1967
473 2283
473 2242
473 2259
420 1915
420 2060
420 2007
476 2215
476 2295
476 2479
482 2301
482 2344
482 2446
390 1900
390 1921
390 1873
494 2346
494 2569
494 2375
422 1905
422 2056
422 2204
488 2230
488 2387
488 2371
467 2143
467 2432
467 2407
436 2076
436 2069
436 2228
485 2429
485 2339
485 2333
426 2172
426 2096
426 2194
509 2422
509 2432
509 2553
463 2185
463 2503
463 2257
411 2000
411 1964
411 1953
217 967
217 1111
217 1140
204 1050
204 1041
204 1044
237 1228
237 1091
237 1212
281 1265
281 1438
281 1555
198 871
198 980
198 1028
491 2294
491 2390
491 2428
406 1937
406 2090
406 2114
504 2437
504 2470
504 2524
490 2284
490 2557
490 2474
418 2001
418 2065
418 2263
490 2319
490 2389
490 2436
425 2151
425 2089
425 2084
519 2415
519 2508
519 2509
456 2193
456 2219
456 2320
414 2060
414 1964
414 1958
471 2243
471 2166
471 2333
388 1887
388 1907
388 1730
506 2220
506 2343
506 2501
502 2402
502 2452
502 2289
436 2203
436 2306
436 2095
142 679
142 638
142 776
503 2433
503 2438
503 2494
456 2156
456 2193
456 2043
486 2302
486 2530
486 2222
495 2356
495 2594
495 2377
407 1846
407 2038
407 2107
476 2343
476 2346
476 2221
431 2077
431 1950
431 2171
496 2343
496 2366
496 2454
504 2500
504 2334
504 2555
470 2153
470 2331
470 2150
500 2425
500 2617
500 2169
457 2123
457 2250
457 2276
490 2422
490 2391
490 2436
481 2614
481 2249
481 2349
437 2185
437 2114
437 2282
332 1640
332 1624
332 1662
509 2494
509 2401
509 2675
428 2053
428 2096
428 2192
499 2346
499 2537
499 2444
530 2586
530 2472
530 2564
404 1925
404 1860
404 2149
488 2372
488 2373
488 2360
420 2151
420 2056
420 1967
479 2166
479 2279
479 2286
532 2637
532 2558
532 2577
457 2245
457 2189
457 2214
155 844
155 708
155 813
171 843
171 882
171 950
185 898
185 981
185 943
205 986
205 1010
205 892
170 821
170 871
170 873
435 2058
435 2216
435 2086
419 2210
419 2050
419 2018
452 2246
452 2235
452 2042
490 2344
490 2311
490 2547
432 2028
432 1983
432 2164
656 3206
656 3232
656 3161
569 2968
569 2871
569 2805
613 2977
613 2897
613 2916
682 3209
682 3204
682 3369
572 2639
572 2896
572 2514
668 3452
668 3303
668 3420
576 2796
576 2644
576 2743
685 3467
685 3386
685 3444
690 3260
690 3327
690 3352
588 2661
588 2889
588 2952
507 2640
507 2472
507 2595
449 2279
449 2221
449 2147
496 2356
496 2397
496 2288
507 2598
507 2681
507 2388
444 2312
444 2252
444 1938
334 1616
334 1555
334 1463
333 1604
333 1718
333 1624
386 1712
386 1976
386 1843
368 1786
368 1807
368 1781
340 1560
340 1718
340 1824
663 3136
663 3313
663 3242
611 3139
611 3136
611 3015
644 3120
644 3152
644 3119
712 3676
712 3514
712 3394
550 2710
550 2762
550 2651
669 3383
669 3217
669 3262
583 2937
583 2700
583 2785
688 3240
688 3068
688 3435
633 3152
633 3089
633 3084
623 2922
623 2945
623 3032
358 1695
358 1786
358 1711
653 3184
653 3111
653 3033
569 2777
569 2723
569 2674
700 3231
700 3335
700 3384
686 3451
686 3419
686 3017
606 2843
606 3058
606 2903
608 3067
608 2849
608 3023
529 2686
529 2471
529 2698
630 3072
630 3090
630 3077
622 2920
622 3231
622 3128
559 2650
559 2876
559 2703
344 1604
344 1644
344 1847
291 1548
291 1401
291 1484
306 1527
306 1380
306 1509
325 1523
325 1556
325 1499
309 1489
309 1414
309 1487
668 3600
668 3341
668 3304
578 2737
578 2702
578 2869
691 3242
691 3249
691 3499
679 3433
679 3541
679 3204
585 2905
585 2869
585 2839
646 3143
646 3242
646 3231
606 3031
606 2827
606 2865
670 3086
670 3246
670 3070
683 3166
683 3341
683 3453
577 2671
577 2796
577 2877
292 1365
292 1439
292 1416
251 1317
251 1159
251 1286
308 1466
308 1536
308 1373
308 1488
308 1555
308 1581
256 1229
256 1204
256 1161
429 2039
429 2217
429 2055
412 1963
412 2124
412 2006
455 2262
455 2074
455 2204
468 2288
468 2139
468 2120
407 1912
407 1898
407 1908
464 2310
464 2203
464 2287
401 2012
401 1929
401 2014
465 2142
465 2366
465 2006
508 2444
508 2385
508 2441
413 2106
413 1929
413 2007
135 648
135 618
135 644
489 2309
489 2428
489 2605
431 2037
431 1996
431 2015
511 2444
511 2393
511 2493
540 2750
540 2865
540 2550
429 1986
429 2050
429 1941
404 2031
404 1969
404 2058
359 1904
359 1762
359 1813
406 1997
406 1894
406 1936
420 2044
420 2042
420 2054
353 1629
353 1571
353 1778
486 2351
486 2314
486 2370
465 2176
465 2123
465 2103
500 2619
500 2553
500 2260
484 2341
484 2327
484 2234
458 2114
458 2186
458 2113
414 1922
414 1952
414 2022
356 1697
356 1682
356 1871
399 2027
399 1747
399 1994
446 2117
446 2101
446 2172
319 1620
319 1535
319 1636
100 490
100 573
100 532
526 2540
526 2547
526 2655
446 2161
446 2113
446 2323
492 2327
492 2295
492 2474
509 2501
509 2469
509 2546
437 1975
437 2175
437 2149
499 2322
499 2299
499 2517
445 2100
445 2130
445 2334
489 2424
489 2440
489 2384
477 2323
477 2291
477 2214
444 2255
444 2115
444 2252
506 2620
506 2524
506 2470
426 2021
426 1982
426 2197
486 2340
486 2404
486 2515
498 2535
498 2363
498 2332
453 2137
453 2200
453 2189
283 1285
283 1511
283 1327
259 1156
259 1225
259 1381
318 1573
318 1652
318 1514
309 1586
309 1674
309 1355
288 1467
288 1400
288 1447
702 3403
702 3276
702 3478
585 2846
585 3019
585 2858
705 3568
705 3386
705 3327
686 3261
686 3474
686 3298
589 2926
589 2912
589 2873
681 3216
681 3228
681 3039
608 3093
608 2897
608 2986
705 3374
705 3469
705 3626
691 3274
691 3433
691 3418
597 2923
597 3072
597 2871
569 2861
569 2736
569 2587
510 2327
510 2527
510 2438
583 2939
583 2882
583 2593
555 2803
555 2812
555 2616
498 2500
498 2440
498 2412
701 3502
701 3422
701 3436
634 3285
634 3098
634 3224
753 3661
753 3616
753 3817
713 3422
713 3443
713 3626
699 3438
699 3427
699 3451
678 3284
678 3193
678 3335
543 2824
543 2545
543 2665
662 3233
662 3349
662 3186
696 3426
696 3495
696 3313
618 2985
618 3114
618 2992
536 2531
536 2461
536 2415
433 2112
433 2354
433 2072
491 2195
491 2412
491 2334
536 2521
536 2497
536 2583
423 1988
423 2012
423 1899
279 1613
279 1367
279 1352
193 998
193 954
193 946
247 1236
247 1273
247 1284
240 1185
240 1134
240 1150
190 1000
190 931
190 930
503 2402
503 2459
503 2460
444 2380
444 2096
444 2104
532 2697
532 2596
532 2596
509 2433
509 2465
509 2589
434 2136
434 2130
434 2222
535 2601
535 2446
535 2505
444 2143
444 2235
444 2114
528 2722
528 2499
528 2484
532 2626
532 2545
532 2801
416 1918
416 1988
416 2149
509 2492
509 2490
509 2484
444 2123
444 2134
444 2232
528 2528
528 2592
528 2484
495 2398
495 2394
495 2558
452 2302
452 2117
452 2375
499 2372
499 2492
499 2598
435 2136
435 2093
435 2018
501 2406
501 2592
501 2467
550 2707
550 2798
550 2568
451 2100
451 2161
451 1959
507 2513
507 2364
507 2304
394 1839
394 2024
394 1866
520 2616
520 2618
520 2671
484 2362
484 2481
484 2283
509 2606
509 2570
509 2597
474 2287
474 2486
474 2267
538 2620
538 2763
538 2676
557 2777
557 2884
557 2769
477 2111
477 2245
477 2217
573 2619
573 2704
573 2683
528 2634
528 2464
528 2430
562 2704
562 2777
562 2752
548 2734
548 2839
548 2550
526 2585
526 2348
526 2555
441 2178
441 2283
441 2215
520 2635
520 2513
520 2485
480 2187
480 2230
480 2442
570 2893
570 2873
570 2815
462 2291
462 2171
462 2146
548 3015
548 2735
548 2748
522 2547
522 2462
522 2638
493 2445
493 2313
493 2356
612 2824
612 3013
612 3153
528 2560
528 2490
528 2596
631 2855
631 3022
631 2920
563 2657
563 2714
563 2752
631 3021
631 3036
631 2945
544 2784
544 2531
544 2707
634 3226
634 3022
634 3074
538 2655
538 2583
538 2594
233 1148
233 1112
233 1150
137 676
137 684
137 553
130 688
130 630
130 621
862 4049
862 4055
862 4146
1068 5277
1068 5392
1068 5725
924 4452
924 4591
924 4659
149 717
149 712
149 785
214 1121
214 1131
214 1031
169 803
169 778
169 858
481 2258
481 2275
481 2254
642 3124
642 3120
642 3116
518 2740
518 2698
518 2553
951 4710
951 4542
951 4808
1174 5811
1174 5474
1174 5676
949 4660
949 4549
949 4597
607 2978
607 3072
607 3028
480 2309
480 2298
480 2422
611 2860
611 2832
611 2905
597 2913
597 3097
597 2931
522 2581
522 2437
522 2618
463 2187
463 2291
463 2168
438 2020
438 2117
438 2083
458 2046
458 2248
458 2290
499 2361
499 2363
499 2444
397 1967
397 1991
397 1984
524 2536
524 2452
524 2518
392 1972
392 1818
392 1853
465 2355
465 2321
465 2167
453 2235
453 2211
453 2263
421 1947
421 2065
421 2107
505 2403
505 2319
505 2374
396 1808
396 1896
396 1967
490 2380
490 2177
490 2301
485 2390
485 2314
485 2410
411 2099
411 1941
411 1991
302 1508
302 1539
302 1358
521 2336
521 2450
521 2737
404 1817
404 2071
404 2113
469 2123
469 2307
469 2190
476 2206
476 2216
476 2266
425 1953
425 2068
425 2087
519 2553
519 2641
519 2664
407 1885
407 1899
407 1960
473 2222
473 2307
473 2227
477 2286
477 2519
477 2282
434 2190
434 2130
434 2194
456 2204
456 2298
456 2367
448 2183
448 2135
448 2353
513 2264
513 2477
513 2443
496 2654
496 2415
496 2381
425 2118
425 2189
425 2136
466 2316
466 2444
466 2273
438 2262
438 2059
438 2121
504 2469
504 2367
504 2447
490 2489
490 2358
490 2223
432 1948
432 2148
432 2220
418 2023
418 1978
418 1982
421 2034
421 2017
421 2115
493 2327
493 2408
493 2331
515 2350
515 2386
515 2326
450 2136
450 2283
450 2238
58 256
58 229
58 275
653 3045
653 3131
653 3079
574 2749
574 2770
574 2874
665 3174
665 3298
665 3195
646 3149
646 2904
646 3046
562 2726
562 2688
562 2620
640 3075
640 2958
640 3238
559 2762
559 2690
559 2597
671 3417
671 3303
671 3143
682 3505
682 3320
682 3294
525 2566
525 2470
525 2517
743 3692
743 3538
743 3651
695 3217
695 3362
695 3244
823 3970
823 3941
823 3937
789 3880
789 4093
789 3999
717 3477
717 3374
717 3406
640 3238
640 3001
640 3280
538 2662
538 2495
538 2460
687 3210
687 3280
687 3423
645 3047
645 2995
645 3095
568 2617
568 2890
568 2708
640 3189
640 3102
640 3306
545 2684
545 2639
545 2591
627 3194
627 3129
627 3002
660 3120
660 3353
660 3159
500 2360
500 2516
500 2383
726 3626
726 3460
726 3549
585 3066
585 2784
585 2874
713 3338
713 3595
713 3730
669 3113
669 3484
669 3304
618 3134
618 2769
618 3013
150 748
150 734
150 682
138 601
138 755
138 660
157 773
157 765
157 816
130 595
130 637
130 613
125 634
125 553
125 547
317 1573
317 1389
317 1472
304 1595
304 1463
304 1498
369 1661
369 1825
369 1904
378 1874
378 1782
378 2002
311 1521
311 1678
311 1403
353 1885
353 1717
353 1643
301 1398
301 1388
301 1484
330 1552
330 1601
330 1518
381 1956
381 1847
381 1932
315 1490
315 1520
315 1516
694 3365
694 3384
694 3325
565 2985
565 2822
565 2648
655 3159
655 3105
655 3204
696 3168
696 3355
696 3447
575 2869
575 2772
575 2747
202 937
202 1082
202 989
155 705
155 684
155 846
194 923
194 1078
194 895
212 1087
212 1082
212 1029
160 727
160 712
160 752
123 575
123 514
123 612
359 1769
359 1666
359 1686
384 1742
384 1867
384 1915
421 1981
421 1980
421 2024
428 1856
428 1868
428 1970
379 1858
379 1892
379 1739
689 3326
689 3259
689 3424
621 2877
621 2983
621 2958
676 3471
676 3400
676 3200
667 3206
667 3213
667 3199
597 2945
597 2752
597 2806
565 2740
565 2700
565 2924
484 2241
484 2462
484 2195
564 2765
564 2814
564 2817
555 2590
555 2778
555 2655
468 2233
468 2342
468 2326
791 3690
791 3874
791 3459
670 3252
670 3275
670 3325
746 3702
746 3732
746 3765
757 3683
757 3548
757 3755
662 3041
662 3214
662 3357
540 2691
540 2911
540 2810
490 2438
490 2286
490 2527
554 2864
554 2582
554 2701
563 2786
563 2648
563 2940
464 2155
464 2151
464 2338
809 3955
809 4054
809 3813
767 3784
767 3778
767 3759
837 4134
837 4110
837 4265
860 4165
860 4397
860 4100
755 3684
755 3721
755 3738
513 2618
513 2492
513 2486
436 2288
436 2119
436 2099
504 2449
504 2524
504 2312
518 2535
518 2536
518 2604
428 2004
428 2152
428 2064
447 2355
447 2276
447 2206
461 2335
461 2349
461 2319
515 2478
515 2895
515 2530
517 2263
517 2744
517 2683
453 2209
453 2064
453 2209
210 1080
210 999
210 1088
157 809
157 702
157 827
204 998
204 1116
204 1011
212 925
212 969
212 1169
164 810
164 816
164 779
366 1714
366 1713
366 1893
237 1123
237 1138
237 1161
210 977
210 938
210 1082
244 1220
244 1197
244 1152
220 1194
220 1072
220 1058
217 1117
217 1112
217 1066
517 2548
517 2513
517 2799
470 2212
470 2153
470 2171
472 2431
472 2426
472 2325
523 2565
523 2570
523 2653
437 2157
437 2231
437 2153
471 2297
471 2214
471 2295
433 2280
433 2042
433 2012
510 2466
510 2436
510 2573
477 2296
477 2407
477 2352
465 2310
465 2223
465 2187
488 2551
488 2390
488 2530
418 2041
418 2065
418 1998
530 2600
530 2506
530 2577
519 2572
519 2620
519 2553
431 2113
431 2111
431 2041
465 2213
465 2198
465 2245
408 1952
408 2010
408 2003
446 2140
446 2205
446 2172
458 2132
458 2193
458 2357
407 2066
407 2018
407 2019
486 2409
486 2458
486 2443
435 2099
435 2012
435 2012
500 2324
500 2392
500 2320
524 2817
524 2725
524 2501
404 1970
404 1900
404 2005
752 3509
752 3676
752 3500
645 3154
645 3082
645 3070
819 3992
819 4212
819 3902
775 4020
775 3910
775 3560
631 3266
631 3138
631 3136
669 3442
669 3264
669 3238
635 2991
635 3101
635 2960
654 3271
654 3075
654 3000
680 3282
680 3468
680 3422
550 2658
550 2689
550 2618
420 2109
420 2038
420 1945
398 1855
398 1898
398 1956
462 2227
462 2319
462 2183
463 2387
463 2372
463 2224
372 1837
372 1676
372 1786
506 2534
506 2482
506 2369
448 2419
448 2278
448 2127
496 2312
496 2313
496 2473
511 2641
511 2293
511 2440
473 2348
473 2250
473 2283
798 4055
798 3892
798 3739
727 3548
727 3452
727 3544
802 3783
802 3884
802 3820
767 3767
767 3484
767 3822
674 3234
674 3189
674 3314
24 157
24 83
24 174
718 3658
718 3275
718 3414
635 3062
635 2914
635 3104
689 3445
689 3371
689 3276
738 3880
738 3638
738 3530
621 3095
621 3081
621 2979
461 2216
461 2437
461 2312
422 1990
422 2104
422 2199
487 2238
487 2300
487 2308
425 2238
425 2120
425 2064
410 1974
410 2035
410 2028
271 1274
271 1282
271 1312
804 3984
804 3861
804 3659
705 3268
705 3197
705 3167
861 4314
861 4048
861 4160
809 3582
809 3758
809 3898
757 3599
757 3800
757 3899
579 2833
579 2657
579 2727
512 2704
512 2307
512 2410
606 2967
606 2916
606 3010
601 2885
601 2859
601 2768
550 2731
550 2815
550 2479
610 2885
610 3082
610 2882
550 2743
550 2570
550 2651
599 3068
599 2827
599 3089
563 2757
563 2849
563 2826
480 2363
480 2297
480 2473
464 2217
464 2210
464 2330
130 628
130 672
130 639
303 1470
303 1368
303 1479
290 1337
290 1354
290 1459
331 1771
331 1565
331 1621
358 1595
358 1691
358 1688
269 1335
269 1208
269 1312
701 3641
701 3318
701 3529
699 3497
699 3238
699 3555
829 4068
829 4124
829 4030
821 4216
821 3940
821 4107
654 3245
654 3224
654 3289
936 4478
936 4553
936 4490
796 3864
796 3589
796 4126
928 4462
928 4501
928 4554
904 4599
904 4307
904 4354
775 3732
775 3830
775 3763
570 2843
570 2834
570 2726
526 2673
526 2634
526 2541
583 2798
583 2681
583 2876
603 2990
603 3069
603 2861
534 2744
534 2751
534 2638
441 2225
441 2139
441 2305
400 1731
400 1905
400 1926
409 2061
409 2010
409 1954
461 2205
461 2212
461 2398
359 1798
359 1775
359 1865
819 3900
819 3812
819 4036
665 3367
665 3137
665 3232
746 3598
746 3417
746 3663
796 4033
796 3833
796 4137
666 3338
666 3232
666 3377
752 3628
752 3647
752 3628
581 2942
581 2828
581 2545
729 3428
729 3567
729 3496
726 3450
726 3490
726 3430
620 3059
620 2961
620 3212
959 4852
959 4445
959 4666
755 3601
755 3865
755 3747
942 4601
942 4607
942 4726
890 4173
890 4388
890 4472
842 4002
842 3872
842 4122
565 2714
565 2725
565 2460
466 2222
466 2206
466 2450
567 2618
567 2801
567 2870
550 2768
550 2794
550 2717
494 2345
494 2381
494 2378
517 2527
517 2440
517 2452
452 2223
452 2195
452 2115
538 2544
538 2679
538 2571
541 2668
541 2536
541 2557
486 2346
486 2466
486 2388
533 2599
533 2622
533 2569
448 2152
448 2346
448 2018
534 2697
534 2434
534 2644
493 2311
493 2400
493 2289
459 2281
459 2286
459 2204
530 2598
530 2649
530 2527
437 2280
437 1992
437 2127
516 2373
516 2493
516 2269
518 2535
518 2680
518 2492
449 2262
449 2231
449 2160
509 2632
509 2611
509 2324
453 2245
453 2132
453 2360
530 2510
530 2702
530 2646
502 2461
502 2297
502 2531
459 2320
459 2298
459 2237
273 1358
273 1352
273 1344
514 2645
514 2576
514 2337
431 1991
431 2240
431 2076
507 2490
507 2400
507 2327
532 2523
532 2790
532 2611
441 2204
441 2329
441 2298
472 2331
472 2175
472 2294
436 2163
436 2189
436 2104
542 2702
542 2502
542 2593
511 2437
511 2509
511 2559
457 2278
457 2251
457 2225
530 2526
530 2535
530 2626
426 2194
426 1972
426 1913
508 2506
508 2679
508 2412
506 2458
506 2438
506 2555
502 2412
502 2410
502 2380
536 2705
536 2633
536 2578
477 2369
477 2438
477 2273
469 2394
469 2304
469 2191
543 2694
543 2535
543 2458
412 2133
412 2035
412 1923
473 2345
473 2171
473 2134
444 2159
444 2223
444 2179
539 2507
539 2612
539 2679
567 2743
567 2697
567 2752
415 1975
415 1821
415 2088
661 3268
661 3197
661 3302
550 2541
550 2676
550 2781
642 2883
642 3008
642 3249
616 2865
616 2949
616 3150
556 2723
556 2702
556 2801
593 2769
593 3002
593 2831
549 2649
549 2676
549 2626
614 3013
614 2946
614 2832
646 2994
646 3249
646 3039
514 2289
514 2580
514 2666
613 3021
613 2695
613 2801
533 2643
533 2724
533 2459
613 2968
613 2934
613 2997
624 2995
624 2974
624 3197
501 2391
501 2374
501 2286
334 1639
334 1670
334 1606
305 1473
305 1562
305 1439
342 1525
342 1589
342 1563
361 1617
361 1848
361 1694
331 1745
331 1475
331 1485
847 4408
847 4105
847 4129
767 3771
767 3751
767 3873
819 3932
819 3849
819 3941
830 4119
830 3943
830 4203
682 3196
682 3301
682 3342
524 2463
524 2538
524 2758
463 2131
463 2252
463 2162
574 2758
574 2684
574 2764
524 2531
524 2395
524 2662
440 2010
440 2044
440 2219
712 3667
712 3461
712 3343
608 3086
608 3158
608 3050
720 3527
720 3456
720 3498
630 3032
630 3069
630 2983
608 2831
608 3137
608 3019
732 3547
732 3642
732 3536
582 2876
582 2961
582 2805
705 3302
705 3379
705 3431
686 3312
686 3168
686 3237
603 2811
603 2933
603 3004
693 3351
693 3587
693 3548
611 2830
611 2984
611 2922
718 3377
718 3271
718 3524
754 3899
754 3588
754 3536
575 2763
575 2641
575 2985
535 2556
535 2753
535 2530
484 2313
484 2258
484 2294
512 2472
512 2375
512 2506
512 2220
512 2411
512 2465
458 2261
458 2218
458 2111
656 3155
656 3078
656 3210
571 2779
571 2703
571 2870
674 3223
674 3262
674 3259
654 3165
654 2991
654 2974
556 2586
556 2614
556 2690
562 2824
562 2821
562 2678
505 2458
505 2441
505 2508
553 2831
553 2655
553 2699
534 2464
534 2641
534 2673
490 2470
490 2417
490 2430
689 3254
689 3404
689 3412
606 3019
606 2899
606 2893
743 3761
743 3603
743 3783
688 3173
688 3304
688 3455
630 2844
630 2980
630 3085
489 2388
489 2336
489 2388
438 2132
438 2187
438 1793
523 2503
523 2468
523 2632
509 2289
509 2595
509 2369
455 2131
455 2306
455 2409
600 2821
600 2720
600 2951
461 2156
461 2297
461 2142
505 2465
505 2345
505 2561
535 2693
535 2582
535 2652
462 2267
462 2214
462 2269
816 4027
816 4138
816 3817
723 3567
723 3498
723 3790
837 4103
837 4243
837 3980
801 3831
801 3872
801 3804
752 3827
752 3641
752 3709
491 2424
491 2427
491 2438
394 2006
394 1890
394 1922
479 2418
479 2350
479 2225
498 2484
498 2426
498 2453
393 1999
393 1991
393 2012
479 2484
479 2307
479 2313
398 1882
398 1947
398 1971
496 2411
496 2263
496 2372
454 2153
454 2286
454 2100
434 2181
434 2052
434 1991
461 2256
461 2241
461 2264
386 1779
386 1887
386 1818
459 2304
459 2303
459 2146
507 2438
507 2255
507 2494
438 2220
438 1995
438 2101
431 2062
431 2163
431 2108
415 2042
415 1953
415 1987
518 2503
518 2469
518 2671
456 2114
456 2241
456 2305
400 1913
400 1959
400 1948
467 2237
467 2265
467 2160
416 2086
416 1932
416 2050
506 2429
506 2358
506 2461
469 2288
469 2332
469 2279
406 2111
406 1997
406 2059
455 2142
455 2198
455 2041
430 2113
430 2074
430 2103
469 2397
469 2108
469 2312
512 2493
512 2600
512 2503
407 1949
407 1918
407 1898
508 2601
508 2698
508 2288
407 2049
407 1926
407 1977
491 2391
491 2262
491 2272
473 2353
473 2383
473 2426
427 2130
427 2153
427 2004
503 2599
503 2428
503 2368
395 1958
395 1787
395 2015
536 2614
536 2641
536 2678
470 2280
470 2357
470 2297
413 2005
413 1989
413 2041
499 2470
499 2487
499 2403
412 1970
412 1899
412 1887
464 2298
464 2293
464 2309
539 2745
539 2536
539 2674
417 1979
417 2072
417 1911
517 2538
517 2596
517 2557
435 2100
435 2084
435 2174
518 2557
518 2642
518 2451
485 2333
485 2191
485 2500
412 2092
412 2146
412 1830
485 2324
485 2275
485 2461
426 2075
426 1959
426 2016
503 2424
503 2393
503 2475
522 2519
522 2500
522 2511
446 2116
446 2130
446 2212
563 2715
563 2697
563 2643
431 2069
431 2042
431 1989
488 2200
488 2249
488 2307
487 2333
487 2334
487 2386
486 2116
486 2435
486 2351
538 2531
538 2762
538 2693
486 2507
486 2546
486 2221
594 2836
594 2780
594 2860
552 2619
552 2554
552 2643
446 2108
446 2235
446 2073
581 2790
581 2663
581 2721
489 2479
489 2460
489 2401
558 2791
558 2809
558 2663
623 2837
623 2942
623 3093
507 2561
507 2471
507 2364
161 830
161 876
161 736
189 983
189 909
189 987
169 849
169 782
169 857
235 1096
235 1057
235 1069
193 903
193 847
193 939
266 1313
266 1309
266 1312
221 1092
221 1069
221 1009
304 1427
304 1450
304 1516
266 1473
266 1243
266 1260
198 908
198 984
198 901
306 1512
306 1401
306 1541
282 1385
282 1314
282 1339
333 1553
333 1551
333 1680
318 1432
318 1563
318 1623
250 1234
250 1160
250 1264
353 1677
353 1695
353 1852
321 1535
321 1615
321 1578
455 2269
455 2365
455 2254
378 1730
378 1909
378 1917
368 1978
368 1804
368 1706
964 4695
964 4825
964 4720
846 3937
846 4061
846 4216
1022 5040
1022 5122
1022 4948
973 4443
973 4618
973 4768
910 4634
910 4360
910 4237
1157 5859
1157 5416
1157 5745
978 4956
978 4929
978 4790
1138 5666
1138 5699
1138 5860
1183 5429
1183 5869
1183 5639
1022 4963
1022 5184
1022 4853
524 2715
524 2366
524 2453
453 2151
453 2198
453 2224
533 2487
533 2630
533 2571
541 2641
541 2607
541 2728
461 2205
461 2230
461 2254
616 2953
616 3014
616 3125
538 2851
538 2598
538 2679
661 3108
661 3264
661 3293
652 3210
652 3220
652 3165
555 2773
555 2850
555 2651
626 3247
626 2957
626 3014
530 2596
530 2611
530 2541
619 3043
619 3211
619 3137
577 2867
577 2790
577 3022
553 2685
553 2489
553 2805
573 2817
573 2638
573 2741
476 2294
476 2187
476 2352
579 2795
579 2986
579 2706
580 2723
580 2860
580 2918
497 2382
497 2378
497 2319
551 2870
551 2358
551 2766
538 2698
538 2667
538 2653
552 2421
552 2684
552 2744
567 2815
567 2858
567 2891
500 2414
500 2431
500 2510
403 2066
403 1928
403 1954
313 1546
313 1632
313 1722
433 2127
433 2081
433 2218
390 1958
390 1953
390 1900
366 1948
366 1800
366 1755
559 2723
559 2773
559 2664
476 2236
476 2322
476 2179
516 2444
516 2510
516 2532
565 2723
565 2867
565 2676
488 2294
488 2298
488 2631
536 2543
536 2488
536 2708
442 2095
442 2055
442 2187
466 2304
466 2254
466 2298
482 2279
482 2218
482 2275
446 2227
446 2277
446 2234
505 2353
505 2408
505 2526
478 2350
478 2130
478 2300
490 2234
490 2413
490 2240
454 1998
454 2275
454 2242
452 2157
452 2157
452 2100
264 1253
264 1330
264 1276
220 995
220 976
220 1137
247 1257
247 1289
247 1365
248 1147
248 1190
248 1250
207 1007
207 1116
207 993
550 2557
550 2480
550 2727
505 2529
505 2249
505 2612
547 2781
547 2469
547 2801
557 2696
557 2715
557 2599
470 2330
470 2331
470 2370
384 2003
384 1896
384 1858
323 1530
323 1453
323 1475
399 1906
399 2031
399 1887
403 2003
403 2011
403 1906
333 1679
333 1636
333 1809
700 3350
700 3207
700 3451
597 2882
597 2930
597 2754
697 3338
697 3412
697 3343
685 3374
685 3296
685 3400
584 2999
584 2807
584 2863
551 2557
551 2685
551 2648
472 2240
472 2323
472 2291
574 2654
574 2904
574 2652
566 2822
566 2847
566 2706
478 2422
478 2334
478 2486
585 2702
585 2751
585 2933
540 2639
540 2692
540 2735
533 2423
533 2701
533 2712
541 2641
541 2717
541 2519
465 2306
465 2067
465 2284
780 3823
780 3868
780 3980
704 3279
704 3285
704 3306
777 3716
777 3895
777 3606
808 3916
808 4030
808 4050
702 3608
702 3213
702 3443
775 3613
775 3785
775 3845
655 3277
655 3131
655 3100
658 3398
658 3135
658 3089
687 3370
687 3276
687 3216
678 3582
678 3160
678 3321
318 1487
318 1563
318 1647
509 2462
509 2471
509 2283
471 2137
471 2327
471 2407
484 2274
484 2463
484 2455
502 2355
502 2396
502 2316
435 1972
435 2218
435 2073
513 2669
513 2601
513 2642
456 2225
456 2018
456 2182
521 2405
521 2477
521 2531
470 2262
470 2436
470 2303
467 2532
467 2339
467 2205
604 2870
604 3075
604 2785
573 2569
573 2855
573 2798
627 3043
627 3010
627 2925
666 3276
666 3166
666 3267
552 2694
552 2711
552 2794
682 3454
682 3496
682 3289
642 3259
642 3205
642 3142
700 3345
700 3399
700 3331
704 3406
704 3183
704 3463
630 3042
630 3104
630 3049
781 3832
781 3839
781 3691
758 3596
758 3584
758 3625
847 3990
847 4056
847 4187
867 4082
867 4177
867 4108
761 3783
761 3647
761 3819
1238 6186
1238 6126
1238 6005
1149 5913
1149 5527
1149 5376
1270 6171
1270 6215
1270 6274
1233 6123
1233 5864
1233 6023
1118 5427
1118 5356
1118 5573
594 3020
594 2859
594 2903
509 2364
509 2615
509 2496
576 2926
576 2658
576 2827
529 2543
529 2633
529 2727
463 2260
463 2197
463 2188
333 1770
333 1576
333 1754
293 1389
293 1447
293 1560
337 1477
337 1753
337 1643
330 1609
330 1603
330 1596
283 1290
283 1398
283 1375
581 2944
581 2918
581 2965
534 2600
534 2546
534 2732
612 2958
612 3153
612 2762
653 3120
653 3106
653 3154
583 2857
583 2993
583 2859
540 2583
540 2611
540 2560
453 2243
453 2344
453 2296
472 2404
472 2145
472 2337
495 2563
495 2549
495 2415
432 2101
432 2206
432 2197
523 2437
523 2510
523 2577
482 2351
482 2424
482 2442
516 2653
516 2426
516 2487
506 2545
506 2553
506 2488
466 2359
466 2101
466 2291
548 2763
548 2620
548 2702
469 2400
469 2137
469 2344
595 2754
595 3038
595 2871
547 2506
547 2743
547 2615
452 2130
452 2049
452 2172
539 2515
539 2523
539 2634
431 2189
431 2117
431 2189
496 2417
496 2332
496 2458
498 2362
498 2445
498 2377
471 2373
471 2329
471 2180
567 2702
567 2813
567 2798
488 2242
488 2310
488 2497
580 2805
580 2959
580 2978
531 2661
531 2379
531 2490
447 2238
447 2066
447 2293
641 3031
641 3309
641 3071
532 2718
532 2282
532 2617
601 2821
601 2981
601 2822
656 3014
656 3287
656 3100
546 2708
546 2830
546 2565
544 2847
544 2739
544 2658
483 2282
483 2326
483 2203
540 2713
540 2681
540 2551
571 3024
571 2952
571 2832
482 2261
482 2371
482 2273
556 2623
556 2732
556 2616
532 2581
532 2530
532 2627
568 2589
568 2643
568 2954
589 2906
589 2708
589 2692
501 2460
501 2475
501 2496
531 2631
531 2535
531 2494
473 2482
473 2207
473 2279
563 2756
563 2668
563 2558
585 2758
585 2826
585 2850
506 2538
506 2524
506 2587
291 1444
291 1401
291 1431
129 637
129 579
129 646
129 688
129 621
129 673
588 2830
588 3029
588 2949
566 2524
566 2773
566 2601
588 2923
588 2836
588 3034
660 3186
660 3154
660 3021
540 2610
540 2662
540 2812
692 3350
692 3431
692 3511
555 2674
555 2552
555 2687
619 3039
619 2944
619 3002
636 3121
636 2969
636 3079
524 2539
524 2564
524 2583
653 3305
653 3141
653 3185
563 2684
563 2625
563 2656
595 2752
595 2644
595 2938
628 3260
628 3276
628 2915
520 2679
520 2377
520 2609
235 1058
235 1215
235 1134
218 1053
218 1082
218 1044
232 1121
232 1137
232 1199
204 1026
204 982
204 961
214 1030
214 964
214 1073
528 2568
528 2476
528 2644
470 2285
470 2336
470 2276
528 2437
528 2621
528 2495
505 2483
505 2458
505 2541
473 2372
473 2356
473 2473
360 1751
360 1843
360 1824
312 1571
312 1415
312 1656
325 1554
325 1662
325 1570
345 1801
345 1748
345 1695
311 1400
311 1534
311 1615
178 895
178 869
178 831
645 3092
645 3196
645 2993
552 2469
552 2731
552 2715
658 3144
658 3310
658 3235
613 2910
613 3085
613 2963
522 2494
522 2382
522 2566
462 2310
462 2174
462 2291
605 2853
605 3142
605 3104
487 2275
487 2321
487 2334
599 2908
599 2803
599 2806
635 3343
635 3127
635 3207
519 2326
519 2396
519 2524
330 1621
330 1794
330 1628
273 1334
273 1297
273 1238
284 1357
284 1454
284 1403
293 1433
293 1487
293 1421
296 1512
296 1310
296 1533
699 3445
699 3242
699 3397
643 3268
643 3325
643 3250
678 3216
678 3087
678 3220
673 3280
673 3301
673 3258
593 3035
593 2861
593 2855
733 3545
733 3411
733 3461
706 3442
706 3429
706 3511
769 3701
769 3674
769 3580
800 3923
800 3997
800 4084
655 3334
655 3151
655 2990
661 3079
661 3271
661 3122
569 2709
569 2695
569 2593
710 3447
710 3248
710 3447
628 3313
628 3051
628 3260
622 3077
622 3020
622 3258
217 1079
217 1036
217 1111
175 769
175 955
175 913
228 1078
228 1031
228 1203
190 913
190 933
190 834
161 798
161 797
161 823
790 3764
790 3952
790 3925
654 3244
654 3126
654 3208
758 3603
758 3631
758 3564
821 3975
821 3968
821 3962
690 3313
690 3470
690 3301
225 1122
225 987
225 925
188 858
188 981
188 938
218 1023
218 1160
218 1049
217 974
217 1176
217 1184
190 869
190 1020
190 902
746 3755
746 3306
746 3677
604 2967
604 2935
604 2901
729 3574
729 3555
729 3528
747 3837
747 3566
747 3436
638 3272
638 3223
638 3007
814 3911
814 3905
814 3975
700 3286
700 3409
700 3449
787 3869
787 3678
787 3959
778 3835
778 3906
778 3590
751 3472
751 3640
751 3681
474 2373
474 2299
474 2380
416 1979
416 1881
416 2016
471 2089
471 2275
471 2151
467 2269
467 2192
467 2360
407 2061
407 2040
407 1937
759 3833
759 3825
759 3844
680 3302
680 3412
680 3154
751 3632
751 3577
751 3569
778 3662
778 3772
778 3821
684 3481
684 3329
684 3181
115 532
115 587
115 645
112 494
112 582
112 498
145 783
145 598
145 674
129 615
129 663
129 638
116 601
116 592
116 530
110 432
110 486
110 488
542 2676
542 2652
542 2671
519 2420
519 2424
519 2373
587 2935
587 2895
587 2670
567 2630
567 2790
567 2700
530 2429
530 2708
530 2557
573 2907
573 2719
573 2798
519 2436
519 2531
519 2674
643 3259
643 3307
643 3162
585 2987
585 2930
585 2875
484 2342
484 2211
484 2247
180 928
180 861
180 898
137 706
137 701
137 728
145 744
145 719
145 707
168 846
168 793
168 834
165 670
165 799
165 858
116 511
116 564
116 635
580 2893
580 2713
580 2720
501 2514
501 2557
501 2468
564 2550
564 2681
564 2968
562 2665
562 2849
562 2692
481 2224
481 2406
481 2383
505 2423
505 2430
505 2545
595 2884
595 3018
595 2738
546 2606
546 2664
546 2692
581 2845
581 2805
581 2642
603 2751
603 2905
603 3083
532 2615
532 2499
532 2654
474 2255
474 2221
474 2227
554 2566
554 2522
554 2743
523 2494
523 2547
523 2493
597 2806
597 3040
597 3030
570 2845
570 2874
570 2838
481 2300
481 2375
481 2249
558 2781
558 2548
558 2859
470 2355
470 2282
470 2412
495 2283
495 2415
495 2413
550 2617
550 2675
550 2663
477 1993
477 2499
477 2383
491 2383
491 2436
491 2442
427 2031
427 2072
427 2011
462 2246
462 2295
462 2125
478 2221
478 2239
478 2385
447 1974
447 1984
447 2209
667 3194
667 3146
667 3168
589 2934
589 2824
589 2968
641 3053
641 2964
641 3132
667 3088
667 3254
667 3260
559 2716
559 2846
559 2668
615 3039
615 2946
615 2986
551 2827
551 2669
551 2867
602 2801
602 2924
602 2995
606 2985
606 3032
606 3073
541 2589
541 2690
541 2571
654 3237
654 3143
654 3182
547 2547
547 2584
547 2630
650 3219
650 3218
650 3155
671 3246
671 3045
671 3423
573 2699
573 2730
573 2746
173 771
173 838
173 829
165 819
165 772
165 816
197 905
197 904
197 938
176 888
176 935
176 957
180 850
180 805
180 800
219 1193
219 1101
219 1052
208 1008
208 979
208 969
220 1083
220 1117
220 931
209 1077
209 1000
209 1000
172 896
172 859
172 865
265 1230
265 1287
265 1231
211 957
211 1013
211 1004
256 1274
256 1190
256 1267
275 1346
275 1376
275 1330
239 1185
239 1267
239 1162
560 2656
560 2748
560 2790
505 2552
505 2480
505 2442
548 2561
548 2722
548 2564
542 2686
542 2791
542 2584
456 2166
456 2394
456 2184
499 2611
499 2404
499 2347
426 2070
426 1985
426 2118
492 2445
492 2242
492 2481
481 2465
481 2408
481 2369
448 2149
448 2251
448 2075
504 2288
504 2374
504 2396
420 1899
420 2177
420 2172
515 2356
515 2405
515 2532
490 2339
490 2291
490 2387
418 2204
418 2236
418 1948
233 1239
233 1056
233 1261
134 732
134 710
134 696
134 655
134 641
134 666
136 718
136 678
136 728
202 942
202 934
202 928
178 929
178 782
178 858
201 1065
201 990
201 1028
196 967
196 983
196 978
190 968
190 918
190 880
187 929
187 759
187 900
156 675
156 757
156 781
186 849
186 856
186 903
187 934
187 923
187 966
146 736
146 771
146 640
547 2627
547 2714
547 2609
456 2019
456 2162
456 2166
528 2551
528 2505
528 2584
512 2576
512 2334
512 2420
483 2278
483 2505
483 2440
521 2600
521 2569
521 2575
463 2315
463 2188
463 2252
529 2474
529 2513
529 2702
543 2858
543 2594
543 2562
499 2328
499 2599
499 2427
609 2909
609 2918
609 3167
498 2482
498 2531
498 2327
606 2991
606 3036
606 2840
611 2956
611 2984
611 2937
528 2665
528 2459
528 2380
540 2600
540 2646
540 2677
485 2369
485 2386
485 2365
554 2743
554 2784
554 2819
536 2675
536 2619
536 2652
467 2243
467 2329
467 2200
528 2461
528 2508
528 2531
468 2027
468 2190
468 2302
504 2338
504 2437
504 2518
521 2680
521 2606
521 2503
447 2289
447 2238
447 2291
579 2837
579 3170
579 2735
494 2289
494 2556
494 2393
556 2619
556 2538
556 2623
530 2397
530 2531
530 2717
503 2329
503 2515
503 2532
597 2932
597 2886
597 2760
533 2502
533 2854
533 2677
586 2901
586 2851
586 2818
616 3001
616 3088
616 3049
547 2653
547 2575
547 2835
409 1950
409 2026
409 2199
335 1577
335 1638
335 1548
392 1977
392 1734
392 1894
372 1766
372 1730
372 1778
325 1454
325 1602
325 1580
573 2745
573 2782
573 2916
527 2651
527 2584
527 2655
608 2762
608 2993
608 2800
536 2671
536 2698
536 2508
527 2569
527 2506
527 2489
127 563
127 683
127 594
114 547
114 506
114 533
120 546
120 615
120 539
125 698
125 580
125 605
113 537
113 502
113 484
583 2911
583 2669
583 2847
480 2279
480 2429
480 2352
577 2802
577 2775
577 2802
542 2552
542 2583
542 2521
491 2331
491 2443
491 2427
689 3326
689 3215
689 3382
524 2489
524 2643
524 2692
673 3286
673 3449
673 3217
633 3172
633 3195
633 3019
564 2738
564 2777
564 2753
527 2549
527 2551
527 2638
465 2201
465 2421
465 2118
556 2629
556 2730
556 2639
571 2690
571 2724
571 2740
455 2141
455 2188
455 2252
478 2308
478 2295
478 2370
425 2129
425 1995
425 2117
504 2275
504 2278
504 2432
471 2209
471 2320
471 2184
464 2306
464 2231
464 2125
495 2344
495 2288
495 2444
447 2344
447 2262
447 2306
539 2535
539 2670
539 2784
551 2654
551 2671
551 2696
495 2443
495 2348
495 2269
296 1417
296 1350
296 1394
274 1241
274 1288
274 1255
297 1398
297 1472
297 1556
315 1619
315 1466
315 1522
259 1213
259 1271
259 1223
379 1946
379 1877
379 1763
314 1487
314 1520
314 1515
355 1608
355 1658
355 1713
317 1460
317 1565
317 1679
318 1604
318 1462
318 1463
791 3651
791 3735
791 3850
689 3347
689 3469
689 3217
715 3403
715 3403
715 3392
776 3769
776 3574
776 3747
666 3377
666 3200
666 3329
552 2626
552 2793
552 2696
497 2429
497 2568
497 2472
495 2550
495 2312
495 2357
568 2755
568 2837
568 2665
452 2154
452 2079
452 2013
480 2322
480 2295
480 2523
463 2192
463 2194
463 2219
568 2901
568 2801
568 2609
532 2610
532 2535
532 2502
472 2393
472 2268
472 2319
269 1376
269 1294
269 1401
240 1217
240 1194
240 1078
248 1239
248 1131
248 1234
273 1342
273 1426
273 1335
223 1120
223 1035
223 1051
333 1566
333 1537
333 1733
282 1273
282 1552
282 1333
323 1568
323 1574
323 1460
339 1605
339 1725
339 1579
293 1473
293 1473
293 1482
