123 623
123 656
123 634
178 814
178 957
178 1011
129 633
129 676
129 606
140 701
140 734
140 913
154 750
154 819
154 861
183 944
183 1031
183 1057
155 766
155 788
155 768
149 701
149 729
149 747
160 819
160 849
160 736
147 769
147 783
147 743
231 1237
231 1285
231 1224
492 2658
492 2582
492 2753
374 2076
374 1869
374 1995
463 2250
463 2322
463 2543
457 2288
457 2468
457 2383
376 1965
376 1965
376 1976
92 479
92 409
92 495
129 586
129 671
129 628
115 564
115 545
115 569
132 576
132 666
132 677
110 584
110 473
110 599
344 1646
344 1753
344 1779
262 1383
262 1387
262 1449
318 1807
318 1639
318 1570
352 1808
352 1806
352 1612
244 1265
244 1214
244 1206
294 1449
294 1538
294 1451
249 1328
249 1219
249 1282
265 1336
265 1348
265 1477
239 1293
239 1261
239 1266
217 1113
217 1088
217 1038
249 1315
249 1351
249 1328
217 1062
217 1125
217 1175
227 1248
227 1134
227 1229
227 1146
227 1125
227 1078
189 880
189 915
189 937
316 1589
316 1468
316 1693
271 1447
271 1391
271 1407
325 1506
325 1660
325 1554
263 1356
263 1270
263 1363
263 1413
263 1520
263 1348
316 1625
316 1655
316 1575
273 1386
273 1324
273 1367
309 1576
309 1697
309 1609
330 1723
330 1713
330 1829
246 1250
246 1407
246 1326
321 1637
321 1554
321 1803
305 1549
305 1518
305 1518
323 1720
323 1657
323 1605
358 1760
358 1729
358 1839
352 1893
352 1959
352 1827
332 1722
332 1811
332 1739
334 1626
334 1918
334 1908
383 2014
383 1861
383 1988
333 1610
333 1818
333 1658
316 1646
316 1517
316 1627
173 802
173 837
173 1023
321 1693
321 1606
321 1551
333 1752
333 1724
333 1810
354 1901
354 1854
354 1834
390 1981
390 1862
390 1823
298 1509
298 1621
298 1427
459 2358
459 2463
459 2268
372 1834
372 1855
372 1810
492 2325
492 2504
492 2543
451 2316
451 2244
451 2253
433 2281
433 2214
433 2165
353 1914
353 1820
353 1908
307 1545
307 1644
307 1668
362 1785
362 1904
362 1823
332 1746
332 1753
332 1768
283 1472
283 1308
283 1494
474 2446
474 2467
474 2381
403 2000
403 2120
403 2151
414 2249
414 2183
414 2128
419 2097
419 2085
419 2061
407 2079
407 1991
407 1967
472 2412
472 2633
472 2373
438 2385
438 2344
438 2202
447 2397
447 2288
447 2411
459 2282
459 2320
459 2225
452 2416
452 2380
452 2293
107 458
107 620
107 475
203 972
203 1066
203 1031
116 616
116 618
116 689
42 193
42 190
42 187
347 1793
347 1890
347 1743
289 1449
289 1303
289 1473
345 1788
345 1680
345 1852
334 1718
334 1754
334 1524
270 1392
270 1469
270 1364
373 1924
373 1829
373 1953
295 1402
295 1536
295 1592
349 1913
349 1809
349 1742
389 2168
389 1923
389 2049
293 1438
293 1405
293 1571
218 1028
218 1109
218 1127
173 876
173 908
173 868
209 1062
209 1207
209 1101
212 1124
212 1008
212 1108
161 787
161 773
161 866
505 2434
505 2534
505 2599
372 1892
372 2004
372 1999
462 2411
462 2313
462 2506
488 2550
488 2579
488 2517
415 2262
415 2236
415 2176
605 2867
605 2982
605 3293
595 3070
595 3347
595 2913
586 3164
586 3238
586 3083
451 2338
451 2348
451 2355
265 1323
265 1323
265 1352
118 616
118 559
118 654
566 2978
566 3124
566 3048
584 3223
584 2939
584 2816
585 2994
585 3093
585 3217
493 2609
493 2333
493 2659
603 3163
603 3086
603 3159
582 2997
582 3022
582 2938
613 2931
613 3252
613 3174
469 2342
469 2269
469 2449
587 3172
587 2920
587 2880
559 2993
559 2904
559 2819
586 2962
586 2947
586 3007
484 2334
484 2379
484 2428
574 2942
574 3210
574 3341
569 2930
569 3087
569 3068
578 2965
578 3295
578 3143
507 2737
507 2492
507 2772
614 2970
614 3365
614 3345
586 2944
586 2729
586 3120
529 2776
529 2749
529 2642
506 2528
506 2604
506 2520
558 2797
558 2883
558 2851
564 2702
564 2927
564 2945
579 3214
579 2848
579 2909
513 2539
513 2837
513 2709
135 666
135 755
135 718
163 876
163 764
163 812
145 740
145 754
145 758
172 874
172 865
172 983
589 3063
589 2906
589 3075
539 2683
539 2730
539 2927
585 3021
585 2926
585 3002
499 2545
499 2411
499 2566
282 1491
282 1346
282 1480
272 1357
272 1259
272 1429
338 1660
338 1867
338 1670
238 1275
238 1340
238 1249
344 1767
344 1920
344 1808
295 1399
295 1587
295 1607
328 1421
328 1562
328 1714
363 1758
363 1867
363 1847
308 1751
308 1499
308 1629
431 2346
431 2202
431 2196
306 1541
306 1704
306 1564
422 2122
422 2313
422 2202
396 2048
396 2011
396 1954
317 1611
317 1640
317 1655
321 1433
321 1504
321 1630
466 2587
466 2399
466 2426
396 2032
396 1971
396 2050
496 2649
496 2711
496 2469
443 2319
443 2247
443 2513
383 1969
383 2093
383 1875
280 1485
280 1430
280 1400
219 1037
219 1061
219 1186
291 1549
291 1601
291 1523
258 1548
258 1420
258 1352
226 1066
226 1291
226 1106
490 2467
490 2541
490 2471
393 2080
393 2125
393 2000
472 2441
472 2334
472 2411
431 2161
431 2280
431 2302
417 2079
417 2269
417 2220
293 1510
293 1476
293 1605
213 1210
213 1167
213 1171
263 1465
263 1374
263 1371
280 1493
280 1513
280 1542
239 1223
239 1126
239 1245
317 1573
317 1687
317 1659
497 2503
497 2793
497 2622
80 385
80 431
80 424
464 2509
464 2453
464 2220
432 2255
432 2146
432 2224
435 2269
435 2369
435 2256
427 2258
427 2175
427 2326
404 2165
404 2027
404 2088
467 2522
467 2553
467 2311
381 1973
381 2120
381 1882
434 2244
434 2212
434 2465
499 2474
499 2505
499 2513
387 2036
387 2054
387 2040
566 2936
566 3000
566 2877
422 2073
422 2124
422 2151
508 2729
508 2680
508 2392
524 2759
524 2651
524 2554
447 2189
447 2184
447 2385
463 2402
463 2310
463 2332
361 1907
361 1878
361 1795
449 2502
449 2453
449 2242
427 2189
427 2178
427 2175
437 2259
437 2200
437 2198
495 2553
495 2488
495 2523
349 1740
349 1866
349 1706
477 2517
477 2358
477 2611
472 2576
472 2268
472 2462
378 2142
378 2129
378 2033
376 1864
376 1909
376 2061
371 1918
371 1881
371 1859
464 2266
464 2325
464 2159
445 2241
445 2533
445 2184
396 2128
396 2077
396 1945
441 2422
441 2209
441 2356
392 2003
392 2082
392 2077
472 2336
472 2367
472 2464
412 2322
412 2187
412 1986
330 1759
330 1652
330 1674
473 2509
473 2565
473 2351
446 2432
446 2193
446 2476
529 2945
529 2778
529 2721
233 1142
233 1139
233 1206
430 2135
430 2415
430 2254
495 2597
495 2460
495 2540
441 2423
441 2247
441 2466
522 2812
522 2761
522 2731
262 1350
262 1391
262 1374
387 2028
387 2079
387 1921
516 2756
516 2592
516 2664
448 2325
448 2398
448 2442
466 2289
466 2505
466 2390
288 1428
288 1497
288 1433
412 2190
412 2285
412 2148
489 2450
489 2462
489 2576
419 2208
419 2150
419 2041
472 2318
472 2287
472 2452
249 1223
249 1220
249 1266
410 2171
410 2037
410 1833
162 809
162 845
162 871
129 664
129 608
129 594
132 640
132 637
132 707
120 648
120 595
120 628
167 745
167 796
167 892
121 581
121 699
121 687
148 775
148 777
148 711
129 692
129 641
129 664
278 1514
278 1446
278 1514
571 2749
571 2841
571 2954
492 2475
492 2573
492 2515
630 3228
630 3184
630 3074
322 1682
322 1622
322 1631
518 2693
518 2558
518 2838
88 502
88 392
88 452
474 2524
474 2565
474 2378
400 2030
400 1917
400 2146
479 2595
479 2544
479 2440
311 1817
311 1590
311 1630
440 2318
440 2325
440 2476
198 1074
198 904
198 970
190 843
190 968
190 890
222 950
222 1137
222 1077
205 1002
205 1133
205 1165
495 2623
495 2556
495 2405
411 2219
411 2062
411 2058
431 2182
431 2376
431 2185
386 2138
386 1928
386 2088
475 2281
475 2422
475 2478
417 2188
417 2317
417 2132
377 1882
377 1724
377 1925
508 2526
508 2712
508 2785
499 2382
499 2759
499 2489
441 2387
441 2259
441 2259
492 2312
492 2494
492 2465
428 2214
428 2261
428 2272
382 2010
382 2268
382 1953
388 1815
388 1983
388 1979
307 1812
307 1585
307 1564
369 1909
369 1750
369 1840
419 2306
419 2249
419 2071
314 1562
314 1717
314 1685
414 2058
414 1902
414 1967
202 1085
202 1001
202 1155
344 1781
344 1752
344 1756
513 2801
513 2437
513 2657
417 2105
417 2224
417 2174
502 2556
502 2475
502 2604
322 1592
322 1706
322 1577
435 2317
435 2153
435 2327
530 2831
530 2625
530 2958
450 2327
450 2388
450 2299
481 2443
481 2540
481 2559
335 1677
335 1675
335 1946
447 2332
447 2358
447 2393
493 2552
493 2618
493 2529
473 2382
473 2494
473 2310
475 2428
475 2194
475 2511
311 1518
311 1654
311 1608
487 2551
487 2658
487 2462
472 2503
472 2439
472 2388
409 2067
409 2289
409 2170
422 2159
422 1979
422 2297
232 1168
232 1121
232 1194
363 1859
363 1938
363 1783
464 2266
464 2467
464 2430
352 1804
352 1828
352 1960
363 1925
363 1921
363 1829
379 1897
379 1994
379 1983
269 1341
269 1457
269 1340
514 2614
514 2660
514 2701
449 2300
449 2306
449 2338
502 2516
502 2582
502 2527
415 2218
415 2040
415 2266
529 2629
529 2640
529 2710
455 2264
455 2393
455 2472
501 2557
501 2496
501 2451
446 2360
446 2223
446 2355
525 2640
525 2684
525 2669
411 1996
411 2176
411 2126
518 2692
518 2748
518 2774
355 1738
355 1840
355 1849
428 2159
428 2108
428 2189
493 2535
493 2645
493 2494
434 2289
434 2463
434 2201
524 2505
524 2816
524 2606
317 1748
317 1634
317 1690
463 2422
463 2280
463 2366
579 2831
579 2884
579 3029
480 2523
480 2425
480 2621
564 3054
564 2925
564 3118
523 2958
523 2617
523 2801
418 2206
418 2014
418 2140
437 2496
437 2150
437 2121
396 1991
396 1953
396 1990
514 2590
514 2722
514 2672
460 2364
460 2505
460 2257
497 2441
497 2559
497 2492
436 2425
436 2309
436 2399
480 2526
480 2386
480 2415
257 1437
257 1427
257 1341
438 2198
438 2257
438 2174
532 2822
532 2678
532 2907
360 1873
360 1890
360 1943
548 2814
548 2794
548 2873
251 1371
251 1172
251 1265
389 2027
389 2141
389 1980
68 339
68 338
68 368
553 2868
553 2859
553 2728
421 2162
421 2276
421 2190
535 2894
535 2829
535 2807
292 1531
292 1455
292 1527
412 1933
412 2214
412 2198
532 2646
532 2875
532 2782
427 2180
427 2311
427 2160
507 2452
507 2586
507 2693
293 1663
293 1601
293 1454
463 2302
463 2436
463 2324
175 1019
175 892
175 949
168 760
168 981
168 834
196 912
196 1017
196 1092
178 993
178 910
178 881
162 738
162 771
162 892
520 2674
520 2754
520 2524
462 2319
462 2426
462 2359
521 2754
521 2705
521 2646
286 1440
286 1687
286 1454
444 2160
444 2225
444 2342
434 2169
434 2199
434 2210
400 2089
400 1964
400 2104
470 2585
470 2538
470 2247
462 2219
462 2391
462 2416
412 2356
412 2152
412 1883
485 2610
485 2520
485 2362
438 2228
438 2285
438 2273
487 2619
487 2534
487 2527
424 2357
424 2133
424 2333
420 2157
420 2153
420 2214
368 1859
368 1884
368 2008
415 2131
415 2284
415 2122
203 1069
203 963
203 1038
344 1843
344 1907
344 1726
663 3420
663 3460
663 3637
536 2722
536 2943
536 2909
610 3049
610 2864
610 3061
450 2299
450 2401
450 2077
558 2877
558 2862
558 2788
82 373
82 406
82 403
149 758
149 601
149 742
104 503
104 538
104 514
115 595
115 594
115 633
106 520
106 582
106 624
438 2317
438 2352
438 2363
308 1530
308 1574
308 1711
381 1920
381 1987
381 2029
264 1240
264 1456
264 1237
367 1908
367 1832
367 1800
510 2693
510 2641
510 2807
460 2398
460 2321
460 2485
534 2962
534 2686
534 2825
308 1732
308 1701
308 1607
437 2280
437 2227
437 2320
542 2791
542 2761
542 2716
449 2351
449 2329
449 2394
493 2670
493 2575
493 2483
345 1823
345 1782
345 1649
438 2286
438 2225
438 2208
226 1311
226 1105
226 1164
355 1771
355 2009
355 1808
542 2839
542 2804
542 2988
492 2545
492 2551
492 2435
538 2602
538 2745
538 2874
492 2527
492 2459
492 2471
599 2943
599 3147
599 3038
478 2402
478 2431
478 2557
540 2645
540 2847
540 2633
182 872
182 914
182 995
466 2266
466 2396
466 2313
576 2966
576 2822
576 3036
459 2279
459 2255
459 2269
570 2884
570 2981
570 2898
194 1095
194 827
194 841
473 2462
473 2341
473 2375
192 997
192 1058
192 1003
181 963
181 904
181 831
162 769
162 752
162 797
154 824
154 911
154 777
294 1478
294 1548
294 1440
232 1206
232 1186
232 1379
274 1358
274 1394
274 1431
233 1139
233 1213
233 1198
58 327
58 307
58 318
166 846
166 842
166 673
158 769
158 822
158 852
170 848
170 857
170 969
152 784
152 692
152 736
103 546
103 588
103 670
391 2007
391 1903
391 1998
299 1463
299 1446
299 1443
329 1587
329 1587
329 1804
302 1460
302 1368
302 1501
547 2967
547 2909
547 2824
473 2430
473 2361
473 2477
560 2887
560 2721
560 2947
483 2529
483 2356
483 2508
159 739
159 785
159 758
145 816
145 689
145 756
174 917
174 984
174 1058
152 820
152 862
152 735
606 3108
606 3044
606 3171
558 3056
558 2763
558 2746
577 3179
577 2965
577 2940
540 2658
540 2923
540 2896
233 1260
233 1323
233 1170
222 1154
222 1066
222 1171
265 1354
265 1195
265 1304
211 1037
211 1078
211 1012
626 3576
626 3057
626 3265
520 2628
520 2737
520 2763
596 3078
596 3146
596 3379
539 3184
539 2928
539 2884
250 1115
250 1107
250 1317
206 941
206 1026
206 1111
235 1197
235 1102
235 1268
204 1112
204 1026
204 1197
615 3175
615 3019
615 3242
578 3065
578 2942
578 2941
619 3217
619 3022
619 3339
576 3131
576 2906
576 3008
425 2338
425 2221
425 2220
361 1870
361 1875
361 1816
389 2131
389 2089
389 2067
341 1780
341 1794
341 1641
496 2531
496 2509
496 2517
457 2259
457 2209
457 2333
504 2518
504 2521
504 2663
426 2100
426 2154
426 2323
606 3055
606 3130
606 3171
556 2939
556 2851
556 2867
623 3240
623 3252
623 3337
565 2921
565 2909
565 2936
536 2753
536 2815
536 2643
494 2464
494 2631
494 2589
551 2967
551 2899
551 3011
434 2204
434 2219
434 2236
390 1879
390 1953
390 2085
351 1692
351 1898
351 1926
423 2208
423 2421
423 2155
345 1890
345 1617
345 1754
647 3432
647 3389
647 3438
567 2975
567 2896
567 3093
625 3212
625 3327
625 3119
565 2812
565 3169
565 2971
653 3473
653 3407
653 3092
573 3066
573 3035
573 2958
607 3120
607 3058
607 3078
591 3086
591 3092
591 3142
750 3807
750 3872
750 3844
677 3712
677 3644
677 3566
731 3727
731 3772
731 3847
615 3350
615 3132
615 2993
375 2065
375 2038
375 1965
707 3532
707 3518
707 3487
569 2857
569 2987
569 3164
739 3721
739 3763
739 3560
564 2927
564 2873
564 2974
734 3827
734 3955
734 3809
612 3174
612 3052
612 2877
750 3964
750 3779
750 3834
603 3192
603 3062
603 3306
607 2931
607 3155
607 3210
503 2483
503 2701
503 2486
624 3357
624 3307
624 3298
494 2536
494 2542
494 2473
657 3375
657 3363
657 3476
501 2501
501 2541
501 2724
605 3040
605 3046
605 3310
479 2483
479 2390
479 2443
638 3315
638 3591
638 3226
536 2831
536 2835
536 2851
611 3113
611 3214
611 2856
492 2521
492 2772
492 2592
613 3219
613 3297
613 3320
552 2871
552 2862
552 2865
579 2802
579 2836
579 3050
532 2786
532 2771
532 2628
177 937
177 919
177 936
158 945
158 845
158 772
142 728
142 691
142 702
133 738
133 686
133 659
594 3054
594 2991
594 3002
541 2976
541 2736
541 2588
582 3027
582 3000
582 2927
500 2530
500 2707
500 2690
624 3216
624 3186
624 3249
502 2655
502 2574
502 2425
611 3099
611 3062
611 2970
521 2768
521 2817
521 2673
631 3246
631 3303
631 3420
517 2857
517 2688
517 2804
569 3109
569 2777
569 2867
531 2683
531 2552
531 2876
558 2885
558 2782
558 2855
453 2516
453 2397
453 2403
535 2666
535 2731
535 2754
459 2504
459 2308
459 2543
623 3111
623 3236
623 3001
545 2845
545 2967
545 2917
597 2973
597 3038
597 2972
518 2707
518 2553
518 2614
521 2603
521 2503
521 2655
484 2309
484 2442
484 2612
537 2885
537 2750
537 2717
466 2348
466 2424
466 2440
618 3215
618 3165
618 3231
513 2797
513 2670
513 2427
563 2895
563 2840
563 2878
524 2634
524 2834
524 2601
607 3197
607 3118
607 3095
543 2772
543 2816
543 2813
604 3221
604 2935
604 3081
541 2961
541 2803
541 2715
364 1859
364 1800
364 1771
283 1524
283 1380
283 1512
333 1926
333 1719
333 1706
279 1368
279 1419
279 1623
590 2966
590 2795
590 3064
545 3026
545 2961
545 2842
602 3106
602 2987
602 3184
533 2597
533 2695
533 2622
367 1915
367 2153
367 1723
306 1628
306 1544
306 1588
352 1966
352 1645
352 1841
290 1451
290 1379
290 1392
541 2909
541 2849
541 2809
421 2209
421 2183
421 2172
577 2990
577 2973
577 2954
421 2155
421 2047
421 2206
606 3066
606 3102
606 3279
452 2198
452 2444
452 2424
567 2913
567 2711
567 3018
484 2475
484 2431
484 2486
423 2150
423 2142
423 2323
344 1677
344 1719
344 1713
467 2339
467 2464
467 2495
349 1754
349 1733
349 1838
552 2823
552 2934
552 2966
497 2561
497 2613
497 2559
585 2904
585 3132
585 2978
515 2692
515 2549
515 2785
586 2869
586 2807
586 3040
505 2386
505 2618
505 2589
542 2778
542 2606
542 2854
509 2617
509 2498
509 2590
517 2676
517 2717
517 2584
528 2680
528 2401
528 2689
595 3287
595 3184
595 3003
519 2805
519 2864
519 2896
652 3364
652 3435
652 3492
567 2942
567 2853
567 2933
657 3406
657 3633
657 3231
613 3075
613 3356
613 3240
40 211
40 172
40 159
187 1072
187 947
187 1032
162 881
162 808
162 757
199 920
199 1002
199 945
181 989
181 890
181 981
565 2978
565 2875
565 2871
515 2787
515 2744
515 2707
547 2805
547 2901
547 2928
513 2414
513 2705
513 2681
630 3494
630 3273
630 3365
493 2678
493 2561
493 2618
552 2875
552 2888
552 2755
546 2854
546 2844
546 2664
626 3337
626 3227
626 3320
511 2652
511 2570
511 2663
578 2970
578 2815
578 2965
527 2479
527 2688
527 2669
537 2847
537 2894
537 2819
451 2076
451 2193
451 2352
453 2400
453 2365
453 2377
423 2215
423 2205
423 2242
401 2054
401 2054
401 2188
329 1702
329 1696
329 1813
394 2058
394 1921
394 2114
349 1756
349 1625
349 1952
592 3145
592 2898
592 3272
551 2885
551 2784
551 2966
632 2991
632 3306
632 3262
494 2601
494 2707
494 2613
628 3382
628 3213
628 3181
509 2529
509 2456
509 2700
634 3236
634 3339
634 3330
554 2781
554 2824
554 2779
271 1429
271 1467
271 1329
578 2925
578 2822
578 3131
493 2484
493 2412
493 2470
604 3137
604 3299
604 3055
518 2680
518 2706
518 2685
603 3353
603 3209
603 3207
462 2587
462 2544
462 2341
606 2922
606 3231
606 3203
520 2480
520 2510
520 2513
553 2852
553 3004
553 2757
493 2497
493 2374
493 2633
623 3170
623 3262
623 3143
523 2585
523 2753
523 2613
600 2995
600 3033
600 3423
503 2594
503 2494
503 2507
577 2951
577 2908
577 2986
494 2635
494 2541
494 2660
454 2227
454 2264
454 2288
425 2088
425 2262
425 2197
456 2363
456 2113
456 2386
386 2211
386 2123
386 2037
454 2338
454 2284
454 2370
638 3138
638 3261
638 3489
527 2749
527 2698
527 2781
531 2762
531 2700
531 2639
487 2551
487 2437
487 2614
533 2825
533 2828
533 2789
539 3032
539 2764
539 2796
579 3139
579 2994
579 2895
510 2486
510 2622
510 2812
591 3047
591 3118
591 2987
505 2622
505 2778
505 2509
533 2684
533 2843
533 2702
534 2630
534 2815
534 2674
605 3357
605 2984
605 2964
487 2476
487 2666
487 2632
611 3198
611 3187
611 3110
464 2503
464 2416
464 2412
595 3159
595 2943
595 3044
482 2628
482 2484
482 2592
573 2901
573 2948
573 2950
482 2527
482 2703
482 2659
440 2265
440 2298
440 2211
484 2360
484 2628
484 2394
413 2031
413 2057
413 2174
488 2564
488 2427
488 2489
360 1752
360 2038
360 1738
622 3158
622 3252
622 2995
521 2646
521 2796
521 2716
554 2904
554 2809
554 2749
497 2537
497 2670
497 2429
609 3224
609 3075
609 3243
507 2651
507 2494
507 2769
609 3074
609 3023
609 3209
509 2587
509 2396
509 2598
528 2684
528 2638
528 2804
431 2178
431 2172
431 2274
518 2733
518 2490
518 2793
450 2376
450 2236
450 2286
705 3707
705 3572
705 3658
546 2682
546 2792
546 2786
667 3444
667 3581
667 3461
589 3128
589 3087
589 3180
855 4264
855 4188
855 4279
755 3899
755 3951
755 3932
800 4062
800 4098
800 3998
694 3702
694 3552
694 3781
258 1411
258 1382
258 1242
235 1219
235 1098
235 1349
198 1000
198 1099
198 1083
241 1339
241 1196
241 1207
182 936
182 968
182 941
611 3176
611 2971
611 3236
480 2481
480 2491
480 2516
615 3237
615 3168
615 3158
508 2646
508 2696
508 2686
615 3293
615 3000
615 3060
499 2516
499 2599
499 2678
614 3258
614 3188
614 3119
520 2702
520 2871
520 2777
628 3214
628 3226
628 3214
486 2606
486 2471
486 2438
535 2801
535 2702
535 2837
482 2420
482 2447
482 2325
478 2575
478 2449
478 2454
354 1746
354 1927
354 1761
459 2230
459 2311
459 2326
471 2393
471 2491
471 2585
398 1981
398 2108
398 2106
406 2142
406 2173
406 1871
419 2143
419 2126
419 2201
426 2165
426 2079
426 2189
479 2425
479 2601
479 2733
410 2207
410 2027
410 2122
451 2341
451 2348
451 2438
409 1969
409 1995
409 2203
476 2510
476 2373
476 2438
422 2202
422 2152
422 2158
365 1909
365 1902
365 1697
470 2437
470 2381
470 2481
391 2094
391 1938
391 2127
442 2107
442 2208
442 2335
444 2127
444 2244
444 2267
365 1930
365 1727
365 1829
448 2427
448 2314
448 2403
414 2163
414 2275
414 2108
373 1989
373 1918
373 1901
479 2382
479 2603
479 2541
441 2207
441 2371
441 2326
459 2276
459 2509
459 2370
415 2232
415 2103
415 2077
472 2594
472 2311
472 2451
428 2250
428 2311
428 2133
379 2085
379 2042
379 1873
376 1903
376 1958
376 2001
368 1917
368 1801
368 1772
387 1884
387 2155
387 1984
398 2151
398 2070
398 1928
402 2050
402 1936
402 2178
164 892
164 831
164 854
236 1131
236 1216
236 1133
134 672
134 708
134 686
145 743
145 799
145 744
143 764
143 628
143 874
205 1111
205 968
205 1037
198 937
198 1043
198 981
205 974
205 1146
205 1096
190 936
190 913
190 960
170 918
170 939
170 901
496 2613
496 2662
496 2492
423 2207
423 2294
423 2300
430 2055
430 2187
430 2162
439 2399
439 2212
439 2301
380 1789
380 1939
380 1978
417 2010
417 2036
417 2150
398 2164
398 1999
398 1951
464 2423
464 2186
464 2464
483 2671
483 2671
483 2616
407 2042
407 2083
407 2089
445 2392
445 2368
445 2231
385 2045
385 2046
385 1845
462 2339
462 2459
462 2332
446 2100
446 2190
446 2295
376 1864
376 1913
376 2037
447 2243
447 2345
447 2231
382 2117
382 1887
382 1950
449 2363
449 2410
449 2374
440 2344
440 2237
440 2392
424 1967
424 2047
424 2117
497 2479
497 2655
497 2498
376 1948
376 1934
376 1929
445 2360
445 2330
445 2208
469 2311
469 2426
469 2333
354 1863
354 1946
354 1845
460 2452
460 2265
460 2586
430 2015
430 2079
430 2235
442 2405
442 2203
442 2327
506 2453
506 2720
506 2672
337 1819
337 1850
337 1620
354 1666
354 1804
354 1934
284 1568
284 1413
284 1394
332 1745
332 1839
332 1585
339 1740
339 1750
339 1809
283 1408
283 1474
283 1510
451 2418
451 2157
451 2413
399 1901
399 2080
399 2113
445 2242
445 2107
445 2252
454 2460
454 2083
454 2306
391 2021
391 2081
391 1876
451 2285
451 2284
451 2362
425 2220
425 2285
425 2233
473 2399
473 2327
473 2290
408 1940
408 2090
408 2090
372 1932
372 1887
372 1876
424 2142
424 2242
424 2344
399 2090
399 2161
399 2074
475 2494
475 2470
475 2310
469 2568
469 2550
469 2236
385 1982
385 2087
385 1922
128 596
128 606
128 592
520 2655
520 2616
520 2739
457 2265
457 2380
457 2319
361 1965
361 1958
361 1982
458 2254
458 2354
458 2408
466 2615
466 2489
466 2437
412 2123
412 2112
412 2213
171 803
171 873
171 792
427 2146
427 2100
427 2190
361 1822
361 2000
361 1920
394 2023
394 2018
394 2180
423 2171
423 1981
423 2234
362 1892
362 1814
362 1855
426 2226
426 2071
426 2340
376 1815
376 1785
376 1973
407 2400
407 1960
407 2176
409 2049
409 2063
409 2270
345 1606
345 1649
345 1618
420 2129
420 2231
420 2265
376 1941
376 1976
376 2064
428 2406
428 2266
428 2311
410 2106
410 2219
410 2061
371 1737
371 1856
371 1863
474 2522
474 2557
474 2294
430 2254
430 2282
430 2116
497 2684
497 2585
497 2544
511 2724
511 2552
511 2519
435 2008
435 2388
435 2197
497 2605
497 2588
497 2631
447 2124
447 2211
447 2344
463 2348
463 2462
463 2414
513 2594
513 2665
513 2679
412 2013
412 2106
412 2201
506 2568
506 2439
506 2564
430 2145
430 2183
430 2381
502 2489
502 2627
502 2500
439 2362
439 2410
439 2184
438 2061
438 2293
438 2204
240 1201
240 1253
240 1196
189 922
189 1025
189 980
231 1179
231 1199
231 1097
210 1029
210 1162
210 1132
175 941
175 875
175 822
512 2673
512 2544
512 2583
436 2266
436 2278
436 2199
483 2530
483 2579
483 2583
498 2625
498 2546
498 2458
447 2430
447 2359
447 2458
516 2644
516 2541
516 2837
428 2131
428 2228
428 2273
486 2307
486 2694
486 2560
484 2614
484 2561
484 2642
476 2431
476 2550
476 2610
472 2393
472 2349
472 2658
438 2189
438 2101
438 2217
461 2453
461 2373
461 2520
522 2652
522 2782
522 2827
466 2497
466 2406
466 2284
457 2400
457 2369
457 2203
377 1905
377 1867
377 2043
488 2574
488 2470
488 2673
485 2463
485 2443
485 2680
381 2147
381 2113
381 1797
481 2430
481 2355
481 2545
408 1986
408 2079
408 2133
470 2315
470 2431
470 2597
459 2352
459 2343
459 2488
408 2156
408 2176
408 2058
523 2561
523 2531
523 2784
408 2249
408 2066
408 1869
545 2813
545 2785
545 2693
499 2370
499 2543
499 2733
437 2365
437 2304
437 2135
251 1232
251 1397
251 1382
215 1129
215 1133
215 1078
253 1399
253 1314
253 1426
260 1233
260 1278
260 1402
208 1188
208 908
208 1032
410 2087
410 2027
410 1978
330 1760
330 1830
330 1682
364 1721
364 1924
364 1847
398 2053
398 2192
398 2050
345 1982
345 1768
345 1840
380 1953
380 1998
380 1981
364 2026
364 1735
364 1850
406 2053
406 2110
406 1983
379 1921
379 1989
379 1947
316 1746
316 1437
316 1526
384 2078
384 2086
384 1983
334 1777
334 1966
334 1674
395 2083
395 2069
395 1850
405 2100
405 2196
405 1968
351 1787
351 1938
351 1831
405 2138
405 2151
405 2096
338 1640
338 1777
338 1901
387 1968
387 1994
387 2002
419 2271
419 2095
419 2165
365 1966
365 2011
365 1729
398 1925
398 2036
398 1983
341 1813
341 1823
341 1848
436 2210
436 2119
436 2254
383 2075
383 1908
383 1981
369 1919
369 1892
369 1828
424 1994
424 2235
424 2184
349 1910
349 1874
349 1777
420 2061
420 2163
420 2104
399 2045
399 2222
399 2030
333 1602
333 1760
333 1523
290 1431
290 1571
290 1490
329 1600
329 1700
329 1855
265 1360
265 1474
265 1386
360 1955
360 1908
360 1735
354 1869
354 1663
354 1754
287 1566
287 1661
287 1657
383 1882
383 1900
383 1999
336 1906
336 1692
336 1866
382 2087
382 1921
382 1978
441 2250
441 2296
441 2243
370 1933
370 1815
370 1811
427 2027
427 2308
427 2190
334 1624
334 1737
334 1582
414 2443
414 2042
414 2079
398 1923
398 2107
398 2039
349 1677
349 1806
349 1856
395 2164
395 1933
395 1933
338 1773
338 1722
338 1810
419 2065
419 1979
419 2210
423 2305
423 2371
423 2170
335 1573
335 1733
335 1782
433 2121
433 2200
433 2115
338 1734
338 1764
338 1787
428 2239
428 2119
428 2119
372 1831
372 1949
372 1812
355 1836
355 1978
355 1690
400 1892
400 1925
400 1874
337 1674
337 1654
337 1640
400 2060
400 2014
400 2112
413 2247
413 2068
413 2145
376 1871
376 2148
376 1947
447 2335
447 2299
447 2326
347 1758
347 1666
347 1769
414 2041
414 2401
414 2199
384 1824
384 2061
384 2114
358 1774
358 1711
358 1788
397 2013
397 2025
397 2170
374 1942
374 1977
374 1971
428 2118
428 2277
428 2310
415 2030
415 2147
415 2042
341 1768
341 1719
341 1886
343 1907
343 1790
343 1739
326 1707
326 1798
326 1785
462 2369
462 2222
462 2374
404 2117
404 2071
404 2028
475 2381
475 2586
475 2457
486 2430
486 2616
486 2552
411 2123
411 2357
411 2073
473 2456
473 2469
473 2424
348 1834
348 1661
348 1683
493 2718
493 2747
493 2546
469 2273
469 2305
469 2364
415 2083
415 2313
415 2193
464 2350
464 2388
464 2369
394 2024
394 1994
394 2112
449 2175
449 2460
449 2450
468 2323
468 2521
468 2498
424 2121
424 2022
424 2276
464 2419
464 2433
464 2299
421 2197
421 2317
421 2074
455 2239
455 2308
455 2443
488 2501
488 2694
488 2506
368 2096
368 1815
368 1898
144 754
144 725
144 786
142 647
142 800
142 697
177 958
177 984
177 951
171 1030
171 930
171 937
145 715
145 801
145 640
465 2454
465 2421
465 2460
379 2047
379 2008
379 2026
459 2345
459 2452
459 2154
458 2277
458 2276
458 2251
388 2145
388 2104
388 2141
421 2264
421 2052
421 2254
129 651
129 632
129 575
455 2316
455 2533
455 2354
422 2225
422 2180
422 2207
480 2459
480 2562
480 2491
467 2286
467 2481
467 2465
389 2105
389 1907
389 1967
430 2233
430 2301
430 2233
388 2024
388 2040
388 2166
497 2627
497 2684
497 2461
457 2405
457 2326
457 2486
420 2245
420 2195
420 2170
327 1768
327 1684
327 1643
269 1368
269 1510
269 1358
337 1637
337 1602
337 1760
330 1662
330 1680
330 1625
275 1389
275 1401
275 1451
483 2487
483 2507
483 2336
378 2109
378 1877
378 1911
471 2377
471 2371
471 2348
498 2389
498 2703
498 2579
396 2106
396 2013
396 2140
455 2329
455 2269
455 2212
408 1959
408 2296
408 2086
465 2552
465 2502
465 2183
475 2372
475 2354
475 2379
394 2133
394 1959
394 2110
215 1035
215 1115
215 1132
174 811
174 935
174 801
197 968
197 1003
197 1020
203 981
203 1041
203 1066
163 824
163 696
163 898
301 1527
301 1567
301 1534
500 2574
500 2519
500 2603
387 2047
387 2003
387 1984
521 2636
521 2702
521 2777
462 2296
462 2446
462 2265
426 2015
426 2174
426 2155
376 1947
376 1994
376 1872
355 1668
355 1982
355 1887
355 1909
355 1816
355 1770
381 1908
381 2007
381 1938
303 1356
303 1517
303 1656
215 1095
215 1222
215 1172
163 828
163 877
163 817
225 1192
225 1235
225 1150
225 1087
225 1158
225 1069
191 1009
191 981
191 1058
321 1701
321 1644
321 1559
277 1378
277 1464
277 1452
291 1554
291 1543
291 1585
311 1655
311 1601
311 1686
267 1379
267 1446
267 1325
470 2310
470 2494
470 2371
394 2043
394 2196
394 2078
456 2443
456 2374
456 2264
470 2466
470 2549
470 2560
394 2191
394 2169
394 2019
464 2371
464 2237
464 2292
353 1755
353 1968
353 1878
450 2338
450 2436
450 2119
445 2310
445 2194
445 2407
408 2099
408 2221
408 1911
467 2596
467 2292
467 2360
379 1981
379 1909
379 2025
443 2267
443 2255
443 2433
452 2224
452 2235
452 2316
382 2094
382 1976
382 2028
441 2298
441 2304
441 2346
383 1851
383 2112
383 1871
455 2335
455 2247
455 2475
473 2385
473 2624
473 2618
378 2012
378 1890
378 1956
415 2134
415 2182
415 2253
365 1897
365 1858
365 2065
471 2456
471 2361
471 2494
443 2348
443 2133
443 2378
447 2296
447 2358
447 2294
421 2179
421 2160
421 2058
595 3044
595 3096
595 2979
508 2725
508 2694
508 2592
412 2136
412 2122
412 2157
462 2614
462 2269
462 2507
467 2414
467 2288
467 2578
366 1811
366 1954
366 1985
434 2262
434 2206
434 2112
359 1738
359 1924
359 1844
482 2422
482 2510
482 2578
483 2494
483 2467
483 2569
388 2000
388 2007
388 1957
462 2289
462 2287
462 2377
406 2306
406 2003
406 2078
480 2433
480 2379
480 2509
475 2355
475 2490
475 2434
377 1981
377 1886
377 1715
469 2541
469 2353
469 2324
428 2459
428 2333
428 2192
471 2487
471 2304
471 2296
450 2187
450 2377
450 2205
405 2040
405 2024
405 2046
463 2383
463 2305
463 2341
396 2069
396 1973
396 2054
510 2707
510 2606
510 2380
484 2469
484 2307
484 2424
409 2247
409 2111
409 2126
493 2552
493 2513
493 2653
404 2068
404 2007
404 2139
482 2292
482 2718
482 2417
478 2572
478 2510
478 2457
459 2517
459 2454
459 2327
166 939
166 883
166 803
501 2704
501 2410
501 2707
432 2221
432 2397
432 2067
497 2528
497 2619
497 2546
490 2494
490 2418
490 2519
445 2119
445 2378
445 2343
500 2507
500 2530
500 2507
415 1987
415 2210
415 2129
522 2729
522 2482
522 2690
494 2550
494 2487
494 2459
449 2407
449 2468
449 2367
572 3069
572 2837
572 2934
452 2356
452 2372
452 2488
487 2276
487 2545
487 2376
495 2525
495 2415
495 2597
448 2453
448 2355
448 2191
448 2257
448 2175
448 2278
345 1865
345 1789
345 1800
440 1966
440 2169
440 2361
403 2159
403 2082
403 2099
375 2052
375 1898
375 2051
476 2512
476 2445
476 2605
354 1862
354 1710
354 1834
475 2571
475 2478
475 2482
422 2004
422 2322
422 2141
382 1955
382 1887
382 1998
336 1803
336 1746
336 1671
295 1480
295 1527
295 1670
366 1835
366 1977
366 1774
369 2060
369 1848
369 1948
282 1460
282 1418
282 1545
479 2467
479 2444
479 2474
428 2217
428 2024
428 2383
474 2364
474 2370
474 2431
513 2708
513 2500
513 2696
385 2044
385 2013
385 1959
466 2408
466 2403
466 2324
436 2236
436 2255
436 2362
460 2218
460 2597
460 2230
526 2874
526 2830
526 2875
434 2380
434 2290
434 2309
486 2585
486 2503
486 2480
434 2204
434 2175
434 2195
486 2568
486 2458
486 2546
506 2564
506 2597
506 2546
398 2050
398 2134
398 1961
499 2544
499 2618
499 2582
429 2312
429 2273
429 2206
471 2439
471 2471
471 2449
467 2528
467 2499
467 2454
437 2315
437 2274
437 2037
473 2522
473 2484
473 2352
467 2554
467 2431
467 2423
448 2298
448 2079
448 2242
519 2810
519 2597
519 2714
504 2719
504 2502
504 2584
421 2122
421 2212
421 2209
478 2462
478 2469
478 2447
440 2364
440 2304
440 2309
524 2693
524 2633
524 2768
483 2327
483 2498
483 2263
448 2332
448 2440
448 2243
515 2957
515 2603
515 2750
469 2547
469 2604
469 2694
523 2464
523 2750
523 2781
486 2421
486 2771
486 2543
407 2063
407 2203
407 2143
522 2928
522 2758
522 2544
445 2390
445 2346
445 2302
525 2588
525 2900
525 2991
506 2464
506 2735
506 2551
451 2439
451 2377
451 2241
575 2928
575 3008
575 3012
459 2407
459 2412
459 2388
546 2838
546 2923
546 2692
505 2498
505 2529
505 2712
463 2477
463 2425
463 2187
285 1412
285 1492
285 1549
270 1458
270 1425
270 1369
277 1460
277 1342
277 1417
277 1417
277 1536
277 1484
236 1099
236 1210
236 1231
588 3228
588 2985
588 3062
529 2595
529 2574
529 2792
558 2662
558 2941
558 2906
613 3178
613 3396
613 3235
484 2603
484 2615
484 2519
618 3099
618 3312
618 3154
545 2624
545 2850
545 3083
603 3264
603 3111
603 3021
591 2973
591 3123
591 3038
499 2552
499 2600
499 2592
626 3197
626 3212
626 3373
524 2717
524 2782
524 2882
640 3201
640 3427
640 3391
604 3174
604 3130
604 2970
554 2777
554 2770
554 2888
630 3419
630 3205
630 3328
562 3161
562 2970
562 2786
651 3517
651 3392
651 3480
640 3344
640 3433
640 3277
553 2794
553 2787
553 2886
666 3455
666 3133
666 3401
616 3173
616 3030
616 3116
630 3321
630 3163
630 3140
669 3483
669 3395
669 3583
588 3055
588 3105
588 3152
685 3457
685 3510
685 3606
603 2961
603 3052
603 3123
681 3335
681 3568
681 3529
685 3633
685 3368
685 3663
650 3500
650 3379
650 3361
197 975
197 935
197 984
161 827
161 756
161 767
195 963
195 1006
195 984
189 1064
189 933
189 968
152 896
152 780
152 725
491 2592
491 2611
491 2530
420 2064
420 2103
420 2009
467 2357
467 2440
467 2320
482 2421
482 2400
482 2254
383 1953
383 1882
383 1990
499 2674
499 2444
499 2638
386 2059
386 2001
386 2006
517 2589
517 2569
517 2575
484 2486
484 2569
484 2478
382 1896
382 2116
382 1951
445 2244
445 2140
445 2566
424 2222
424 2277
424 2190
476 2351
476 2506
476 2461
514 2607
514 2764
514 2556
402 2008
402 2060
402 2341
369 1988
369 1890
369 1871
304 1534
304 1728
304 1612
350 1870
350 1801
350 1844
350 1782
350 1657
350 1831
311 1529
311 1594
311 1552
377 1946
377 1836
377 2049
325 1681
325 1711
325 1868
368 1882
368 1935
368 1867
375 1981
375 1854
375 1996
312 1731
312 1558
312 1624
497 2487
497 2597
497 2686
427 2290
427 2187
427 2266
479 2568
479 2389
479 2418
491 2566
491 2773
491 2451
416 2055
416 2304
416 2245
467 2560
467 2418
467 2416
389 2181
389 1927
389 1991
504 2679
504 2642
504 2475
494 2690
494 2656
494 2629
440 2239
440 2339
440 2243
492 2628
492 2601
492 2382
411 2249
411 1953
411 2306
482 2524
482 2557
482 2445
473 2367
473 2442
473 2435
455 2408
455 2328
455 2458
483 2543
483 2617
483 2540
453 2172
453 2286
453 2305
492 2547
492 2487
492 2580
503 2559
503 2684
503 2683
399 1935
399 2037
399 2177
519 2687
519 2723
519 2592
457 2307
457 2385
457 2400
603 3011
603 3077
603 3024
530 2714
530 2583
530 2829
474 2523
474 2568
474 2583
509 2363
509 2672
509 2786
412 2117
412 2098
412 2139
483 2446
483 2485
483 2459
535 2890
535 2746
535 2624
375 2044
375 1799
375 1913
498 2427
498 2493
498 2476
412 2150
412 2219
412 2134
492 2513
492 2441
492 2517
489 2479
489 2719
489 2593
417 1991
417 2101
417 2073
502 2603
502 2624
502 2589
427 2187
427 2273
427 2300
478 2474
478 2420
478 2508
494 2525
494 2580
494 2456
432 2277
432 2222
432 2248
248 1164
248 1293
248 1205
191 997
191 954
191 1043
235 1252
235 1222
235 1139
255 1232
255 1452
255 1364
217 1139
217 1130
217 1205
490 2563
490 2727
490 2483
429 2190
429 2208
429 2192
478 2274
478 2536
478 2445
494 2517
494 2554
494 2545
447 2298
447 2106
447 2179
548 2653
548 2945
548 2834
410 2088
410 2082
410 2185
491 2657
491 2577
491 2507
469 2432
469 2571
469 2474
393 2087
393 2074
393 2184
225 1197
225 1172
225 1128
217 1157
217 1141
217 989
221 1123
221 1053
221 1070
242 1355
242 1183
242 1300
200 1063
200 1194
200 1016
524 2669
524 2874
524 2718
469 2364
469 2372
469 2378
540 2742
540 2768
540 2919
494 2489
494 2338
494 2431
470 2365
470 2591
470 2480
585 3030
585 3034
585 3056
448 2318
448 2359
448 2357
515 2640
515 2647
515 2736
521 2688
521 2786
521 2657
450 2308
450 2292
450 2375
528 2602
528 2883
528 2751
478 2354
478 2480
478 2633
504 2647
504 2463
504 2434
526 2711
526 2732
526 2822
492 2640
492 2607
492 2490
517 2617
517 2617
517 2678
478 2339
478 2329
478 2455
522 2728
522 2848
522 2761
541 2916
541 2711
541 2922
460 2392
460 2468
460 2471
527 2681
527 2627
527 2663
427 2368
427 2267
427 2295
499 2503
499 2555
499 2560
547 2851
547 2772
547 2731
467 2333
467 2239
467 2600
514 2755
514 2625
514 2619
481 2469
481 2575
481 2654
517 2666
517 2715
517 2516
508 2642
508 2577
508 2598
473 2265
473 2477
473 2326
578 3111
578 3086
578 2820
420 2131
420 2069
420 2181
536 2872
536 2677
536 2614
516 2725
516 2837
516 2646
455 2438
455 2448
455 2311
80 376
80 376
80 423
526 2879
526 2710
526 2622
451 2201
451 2465
451 2295
560 2844
560 2998
560 2913
535 2694
535 2714
535 2860
470 2299
470 2476
470 2351
261 1232
261 1371
261 1299
232 1154
232 1197
232 1281
247 1286
247 1258
247 1360
255 1147
255 1366
255 1274
225 1132
225 1152
225 1060
419 2266
419 2099
419 2264
333 1705
333 1837
333 1789
435 2205
435 2164
435 2401
468 2508
468 2355
468 2418
304 1455
304 1527
304 1596
455 2436
455 2382
455 2398
352 1833
352 1858
352 1963
441 2412
441 2175
441 2134
415 2164
415 2105
415 2061
367 1896
367 1981
367 2007
418 2122
418 2150
418 2265
355 1829
355 1774
355 1677
446 2372
446 2270
446 2335
471 2361
471 2618
471 2553
363 1779
363 1725
363 1774
341 1806
341 1862
341 1797
289 1472
289 1575
289 1585
375 2154
375 2036
375 1937
333 1636
333 1537
333 1618
292 1472
292 1497
292 1657
467 2438
467 2458
467 2294
355 1901
355 1864
355 1831
451 2250
451 2384
451 2332
442 2370
442 2151
442 2332
401 2094
401 2052
401 1995
477 2426
477 2651
477 2485
365 1936
365 1860
365 1868
451 2382
451 2459
451 2389
465 2401
465 2377
465 2498
412 2100
412 2308
412 2148
470 2443
470 2439
470 2406
429 2143
429 2262
429 2099
454 2236
454 2267
454 2239
466 2431
466 2537
466 2556
408 2172
408 2140
408 2042
473 2382
473 2387
473 2466
420 2095
420 2338
420 2180
476 2394
476 2432
476 2448
482 2501
482 2544
482 2544
390 2076
390 2081
390 2075
494 2611
494 2593
494 2572
422 2237
422 2048
422 2052
488 2697
488 2502
488 2424
467 2381
467 2314
467 2313
436 2154
436 2232
436 2147
485 2628
485 2362
485 2612
426 2207
426 2257
426 2186
509 2524
509 2571
509 2625
463 2424
463 2284
463 2459
411 2092
411 2100
411 2135
217 1119
217 1227
217 1026
204 976
204 1094
204 1173
237 1363
237 1188
237 1128
281 1430
281 1555
281 1517
198 1030
198 1017
198 1003
491 2540
491 2598
491 2524
406 2156
406 2089
406 1951
504 2741
504 2472
504 2584
490 2663
490 2638
490 2394
418 2131
418 2163
418 2146
490 2741
490 2570
490 2581
425 2063
425 2236
425 2225
519 2584
519 2533
519 2910
456 2470
456 2261
456 2190
414 2008
414 2210
414 2100
471 2252
471 2498
471 2193
388 2126
388 1926
388 2086
506 2723
506 2473
506 2768
502 2649
502 2684
502 2535
436 2254
436 2196
436 2210
142 719
142 755
142 728
503 2492
503 2578
503 2726
456 2269
456 2207
456 2407
486 2545
486 2399
486 2495
495 2567
495 2631
495 2391
407 1963
407 2191
407 2257
476 2355
476 2323
476 2320
431 2342
431 2009
431 2066
496 2565
496 2435
496 2530
504 2632
504 2530
504 2602
470 2509
470 2376
470 2515
500 2518
500 2537
500 2610
457 2340
457 2485
457 2262
490 2669
490 2483
490 2532
481 2360
481 2380
481 2523
437 2269
437 2438
437 2265
332 1790
332 1648
332 1731
509 2970
509 2677
509 2618
428 2314
428 2156
428 2236
499 2545
499 2562
499 2552
530 2939
530 2639
530 2631
404 2115
404 2028
404 2070
488 2477
488 2516
488 2471
420 2170
420 2285
420 2143
479 2404
479 2384
479 2616
532 2844
532 2743
532 2763
457 2255
457 2367
457 2322
155 781
155 774
155 798
171 904
171 1057
171 888
185 871
185 955
185 960
205 1146
205 1067
205 1046
170 894
170 754
170 835
435 2203
435 2338
435 2017
419 2027
419 2248
419 2204
452 2258
452 2394
452 2450
490 2291
490 2533
490 2688
432 2163
432 2360
432 2335
656 3361
656 3478
656 3281
569 2937
569 2905
569 3001
613 3200
613 3143
613 3214
682 3740
682 3435
682 3660
572 3045
572 2916
572 2961
668 3388
668 3499
668 3491
576 3063
576 3018
576 2921
685 3429
685 3488
685 3561
690 3519
690 3421
690 3650
588 2891
588 3151
588 3225
507 2621
507 2693
507 2643
449 2332
449 2209
449 2322
496 2652
496 2570
496 2615
507 2599
507 2698
507 2646
444 2325
444 2402
444 2342
334 1650
334 1781
334 1740
333 1803
333 1732
333 1689
386 1996
386 1776
386 2076
368 1844
368 1991
368 1860
340 1822
340 1709
340 1860
663 3518
663 3466
663 3594
611 3269
611 3159
611 2917
644 3234
644 3139
644 3279
712 3481
712 3627
712 3488
550 2951
550 2616
550 2906
669 3433
669 3470
669 3551
583 3046
583 3159
583 3037
688 3683
688 3622
688 3650
633 3344
633 3242
633 3327
623 3320
623 3358
623 3276
358 1872
358 1923
358 1783
653 3314
653 3352
653 3233
569 2842
569 2752
569 2941
700 3719
700 3668
700 3550
686 3623
686 3502
686 3536
606 3342
606 3124
606 3102
608 3155
608 3045
608 3240
529 2583
529 2757
529 2787
630 3012
630 3487
630 3166
622 3198
622 3217
622 3050
559 2926
559 2942
559 2904
344 1760
344 1764
344 1650
291 1394
291 1539
291 1699
306 1743
306 1507
306 1482
325 1548
325 1574
325 1623
309 1632
309 1641
309 1758
668 3296
668 3455
668 3318
578 2957
578 2806
578 3042
691 3384
691 3654
691 3529
679 3446
679 3424
679 3381
585 2998
585 2796
585 3149
646 3380
646 3397
646 3371
606 3268
606 3075
606 3021
670 3332
670 3476
670 3407
683 3491
683 3476
683 3451
577 3091
577 2916
577 2967
292 1597
292 1589
292 1491
251 1241
251 1456
251 1292
308 1587
308 1535
308 1633
308 1391
308 1615
308 1599
256 1236
256 1389
256 1328
429 2255
429 2155
429 2199
412 2112
412 1933
412 2174
455 2436
455 2305
455 2411
468 2498
468 2443
468 2363
407 2018
407 2020
407 1987
464 2410
464 2492
464 2463
401 1961
401 2039
401 1904
465 2474
465 2391
465 2461
508 2552
508 2327
508 2745
413 2095
413 2077
413 2277
135 766
135 734
135 622
489 2468
489 2533
489 2496
431 2243
431 2320
431 2262
511 2522
511 2459
511 2708
540 2676
540 2986
540 2858
429 2436
429 2236
429 2242
404 2206
404 2128
404 2053
359 1844
359 1787
359 1961
406 2324
406 2064
406 2101
420 2264
420 2165
420 2070
353 1859
353 1974
353 1819
486 2408
486 2387
486 2516
465 2534
465 2411
465 2455
500 2594
500 2471
500 2408
484 2305
484 2530
484 2748
458 2301
458 2545
458 2256
414 2090
414 2073
414 2120
356 1963
356 1832
356 1770
399 2133
399 2079
399 2073
446 2287
446 2232
446 2196
319 1677
319 1697
319 1618
100 470
100 544
100 542
526 2550
526 2773
526 2717
446 2166
446 2249
446 2407
492 2576
492 2543
492 2671
509 2480
509 2633
509 2532
437 2354
437 2159
437 2239
499 2469
499 2585
499 2506
445 2292
445 2207
445 2174
489 2588
489 2727
489 2495
477 2351
477 2557
477 2342
444 2242
444 2275
444 2034
506 2559
506 2711
506 2566
426 2060
426 2086
426 2442
486 2510
486 2484
486 2337
498 2663
498 2551
498 2615
453 2602
453 2142
453 2414
283 1494
283 1501
283 1532
259 1234
259 1362
259 1369
318 1459
318 1636
318 1626
309 1635
309 1511
309 1698
288 1602
288 1588
288 1456
702 3729
702 3646
702 3552
585 2830
585 2928
585 2981
705 3517
705 3711
705 3643
686 3318
686 3544
686 3552
589 2884
589 3204
589 2915
681 3513
681 3632
681 3286
608 3178
608 3155
608 3099
705 3643
705 3522
705 3601
691 3625
691 3787
691 3653
597 3212
597 3095
597 3036
569 2878
569 2984
569 2910
510 2869
510 2409
510 2655
583 2851
583 2905
583 2906
555 2885
555 2800
555 2992
498 2495
498 2418
498 2499
701 3359
701 3519
701 3741
634 3221
634 3111
634 3251
753 3682
753 3882
753 4036
713 3863
713 3693
713 3707
699 3613
699 3606
699 3589
678 3487
678 3201
678 3448
543 2825
543 2646
543 2737
662 3491
662 3622
662 3289
696 3633
696 3478
696 3653
618 3060
618 3369
618 3092
536 2780
536 2821
536 2729
433 2191
433 2345
433 2328
491 2536
491 2348
491 2315
536 2735
536 2656
536 2499
423 2213
423 2238
423 2111
279 1515
279 1488
279 1416
193 1006
193 1001
193 917
247 1284
247 1171
247 1214
240 1177
240 1138
240 1205
190 902
190 886
190 973
503 2580
503 2616
503 2639
444 2296
444 2179
444 2291
532 2831
532 2791
532 2681
509 2585
509 2602
509 2494
434 2224
434 2125
434 2171
535 2809
535 2666
535 2622
444 2239
444 2251
444 2204
528 2673
528 2698
528 2665
532 2930
532 2632
532 2694
416 2214
416 2075
416 2207
509 2671
509 2726
509 2827
444 2362
444 2329
444 2394
528 2767
528 2758
528 2814
495 2680
495 2615
495 2443
452 2293
452 2258
452 2198
499 2614
499 2578
499 2564
435 2394
435 2349
435 2352
501 2730
501 2674
501 2718
550 2852
550 2925
550 2791
451 2401
451 2244
451 2495
507 2611
507 2585
507 2694
394 1967
394 1973
394 1972
520 2733
520 2720
520 2386
484 2675
484 2487
484 2460
509 2617
509 2509
509 2677
474 2399
474 2514
474 2446
538 2583
538 2622
538 2751
557 2828
557 2877
557 2940
477 2407
477 2433
477 2552
573 2998
573 3079
573 3054
528 2777
528 2761
528 2680
562 2924
562 3089
562 2935
548 2965
548 3032
548 2815
526 2804
526 2702
526 2871
441 2174
441 2324
441 2190
520 2640
520 2974
520 2770
480 2388
480 2377
480 2485
570 3030
570 2784
570 3010
462 2401
462 2337
462 2402
548 2978
548 2945
548 2732
522 2627
522 2757
522 2631
493 2484
493 2644
493 2555
612 3163
612 3155
612 3224
528 2774
528 2624
528 2601
631 3120
631 3244
631 3173
563 2998
563 2827
563 2722
631 3215
631 3510
631 3253
544 2750
544 2834
544 2832
634 3393
634 3303
634 3346
538 2861
538 2829
538 2816
233 1249
233 1196
233 1253
137 641
137 741
137 733
130 699
130 621
130 725
862 4474
862 4292
862 4545
1068 5413
1068 5477
1068 5460
924 4800
924 4626
924 4757
149 699
149 778
149 753
214 1174
214 1162
214 1132
169 775
169 866
169 956
481 2437
481 2509
481 2465
642 3510
642 3472
642 3223
518 2697
518 2587
518 2667
951 4780
951 4720
951 4626
1174 6119
1174 6258
1174 6255
949 4923
949 4781
949 5183
607 3159
607 3235
607 3161
480 2686
480 2385
480 2534
611 3075
611 3321
611 3295
597 2938
597 2963
597 3092
522 2611
522 2572
522 2698
463 2329
463 2489
463 2300
438 2249
438 2345
438 2337
458 2431
458 2496
458 2549
499 2590
499 2414
499 2613
397 2001
397 2089
397 2112
524 2607
524 2771
524 2975
392 2028
392 2105
392 1937
465 2479
465 2502
465 2366
453 2416
453 2383
453 2169
421 2082
421 2135
421 2209
505 2701
505 2476
505 2637
396 2059
396 2098
396 2111
490 2456
490 2527
490 2591
485 2640
485 2465
485 2358
411 2061
411 2084
411 2259
302 1492
302 1602
302 1622
521 2851
521 2725
521 2586
404 2013
404 2216
404 2119
469 2446
469 2315
469 2588
476 2491
476 2313
476 2370
425 2328
425 2250
425 2138
519 2709
519 2745
519 2785
407 2104
407 2181
407 2286
473 2555
473 2400
473 2234
477 2363
477 2387
477 2623
434 2389
434 2245
434 2218
456 2245
456 2364
456 2494
448 2573
448 2275
448 2358
513 2563
513 2617
513 2588
496 2544
496 2575
496 2371
425 2255
425 2270
425 2164
466 2355
466 2413
466 2554
438 2324
438 2452
438 2245
504 2728
504 2506
504 2460
490 2722
490 2660
490 2774
432 2291
432 2237
432 2112
418 2413
418 2156
418 2199
421 2044
421 2153
421 2154
493 2558
493 2527
493 2487
515 2633
515 2729
515 2752
450 2340
450 2294
450 2579
58 274
58 278
58 227
653 3464
653 3182
653 3269
574 2962
574 2949
574 3011
665 3476
665 3264
665 3356
646 3416
646 3359
646 3304
562 2945
562 3077
562 2864
640 3445
640 3350
640 3456
559 2839
559 2941
559 2971
671 3667
671 3517
671 3567
682 3486
682 3422
682 3390
525 2630
525 2734
525 2685
743 3930
743 3726
743 3912
695 3425
695 3468
695 3633
823 4438
823 4247
823 4143
789 4192
789 4144
789 4501
717 3820
717 3747
717 3741
640 3145
640 3287
640 3204
538 2870
538 2721
538 2774
687 3405
687 3698
687 3566
645 3424
645 3292
645 3259
568 3006
568 2820
568 3092
640 3360
640 3326
640 3247
545 3002
545 2726
545 2812
627 3256
627 3201
627 3316
660 3322
660 3566
660 3441
500 2632
500 2520
500 2540
726 3564
726 3508
726 3796
585 3177
585 3000
585 3063
713 3421
713 3659
713 3564
669 3427
669 3421
669 3217
618 3157
618 3128
618 2966
150 1009
150 761
150 762
138 729
138 720
138 739
157 768
157 840
157 721
130 653
130 635
130 739
125 622
125 648
125 650
317 1663
317 1619
317 1616
304 1608
304 1549
304 1579
369 1943
369 2060
369 1995
378 1950
378 1860
378 2071
311 1524
311 1675
311 1647
353 1882
353 1860
353 1890
301 1498
301 1471
301 1479
330 1713
330 1832
330 1677
381 1916
381 2041
381 1967
315 1578
315 1725
315 1685
694 3516
694 3651
694 3506
565 3016
565 2878
565 3125
655 3121
655 3373
655 3348
696 3358
696 3664
696 3385
575 3149
575 2905
575 2791
202 1019
202 980
202 906
155 838
155 712
155 850
194 1021
194 1088
194 971
212 1011
212 1099
212 1023
160 792
160 856
160 871
123 601
123 639
123 613
359 1751
359 1817
359 1793
384 1982
384 2103
384 1755
421 2164
421 2147
421 2045
428 2275
428 2436
428 2046
379 1967
379 1853
379 1855
689 3527
689 3697
689 3516
621 3065
621 3266
621 3209
676 3655
676 3580
676 3770
667 3233
667 3304
667 3360
597 3309
597 2975
597 3016
565 2954
565 2858
565 2911
484 2409
484 2606
484 2583
564 2922
564 3005
564 3031
555 2769
555 2891
555 2915
468 2420
468 2399
468 2408
791 3965
791 4043
791 4205
670 3418
670 3397
670 3475
746 3913
746 4002
746 4147
757 3852
757 4022
757 3910
662 3306
662 3268
662 3595
540 2760
540 2904
540 2912
490 2534
490 2499
490 2638
554 2942
554 2764
554 2744
563 2980
563 2784
563 2821
464 2417
464 2436
464 2428
809 4125
809 4410
809 4185
767 3959
767 3893
767 4088
837 4172
837 4192
837 4284
860 4690
860 4256
860 4407
755 3725
755 3760
755 3881
513 2615
513 2655
513 2761
436 2360
436 2228
436 2252
504 2716
504 2661
504 2672
518 2898
518 2710
518 2636
428 2146
428 2212
428 2241
447 2284
447 2244
447 2336
461 2401
461 2345
461 2425
515 2645
515 2670
515 2674
517 2623
517 2689
517 2708
453 2297
453 2399
453 2388
210 1109
210 1037
210 1111
157 817
157 920
157 760
204 1078
204 1009
204 1009
212 1068
212 1057
212 1012
164 874
164 808
164 974
366 1981
366 1895
366 1882
237 1178
237 1264
237 1347
210 1085
210 1131
210 1048
244 1341
244 1203
244 1294
220 1050
220 1216
220 957
217 1100
217 1277
217 1095
517 2481
517 2596
517 2721
470 2332
470 2409
470 2454
472 2353
472 2578
472 2428
523 2737
523 2773
523 2655
437 2306
437 2237
437 2255
471 2378
471 2398
471 2361
433 2098
433 2151
433 2224
510 2650
510 2762
510 2636
477 2435
477 2447
477 2337
465 2435
465 2336
465 2526
488 2322
488 2647
488 2518
418 2120
418 2203
418 2032
530 2884
530 3033
530 2696
519 2686
519 2766
519 2618
431 2173
431 2018
431 2177
465 2501
465 2255
465 2491
408 2137
408 2085
408 2173
446 2235
446 2149
446 2218
458 2272
458 2383
458 2542
407 2131
407 1990
407 1939
486 2544
486 2544
486 2528
435 2315
435 2341
435 2201
500 2444
500 2655
500 2638
524 2709
524 2553
524 2989
404 2073
404 2177
404 2087
752 3665
752 3879
752 3931
645 3517
645 3444
645 3300
819 4272
819 4352
819 4251
775 3977
775 4059
775 3980
631 3274
631 3433
631 3315
669 3344
669 3490
669 3572
635 3251
635 3281
635 3342
654 3383
654 3236
654 3380
680 3504
680 3358
680 3445
550 2833
550 2987
550 2907
420 2198
420 2182
420 2247
398 2121
398 1863
398 2193
462 2580
462 2250
462 2605
463 2599
463 2401
463 2412
372 1748
372 1934
372 1917
506 2502
506 2801
506 2654
448 2236
448 2338
448 2225
496 2446
496 2469
496 2411
511 2649
511 2645
511 2534
473 2608
473 2537
473 2372
798 4150
798 3816
798 4120
727 3823
727 3795
727 3496
802 4229
802 4036
802 3972
767 4151
767 3991
767 4146
674 3576
674 3488
674 3620
24 131
24 94
24 132
718 3453
718 3733
718 3527
635 3260
635 3313
635 3504
689 3701
689 3644
689 3486
738 3886
738 3826
738 3898
621 3268
621 3085
621 3038
461 2458
461 2501
461 2466
422 2122
422 2209
422 2188
487 2728
487 2593
487 2423
425 2217
425 1998
425 1973
410 2315
410 2129
410 2120
271 1258
271 1441
271 1446
804 4228
804 4097
804 4104
705 3498
705 3560
705 3702
861 4354
861 4367
861 4440
809 4277
809 4344
809 4434
757 3955
757 3961
757 3907
579 2928
579 3018
579 2840
512 2615
512 2624
512 2569
606 3042
606 3263
606 3074
601 2980
601 3063
601 3059
550 2836
550 2861
550 2778
610 3173
610 3132
610 3018
550 2909
550 2802
550 2867
599 3020
599 3010
599 2941
563 2862
563 2971
563 3037
480 2420
480 2445
480 2419
464 2306
464 2389
464 2444
130 659
130 635
130 685
303 1541
303 1471
303 1519
290 1488
290 1609
290 1530
331 1638
331 1743
331 1683
358 1742
358 1675
358 1821
269 1419
269 1379
269 1401
701 3862
701 3481
701 3618
699 3649
699 3727
699 3400
829 4274
829 4273
829 4273
821 4387
821 4441
821 4349
654 3333
654 3201
654 3302
936 4613
936 5037
936 4871
796 4208
796 3908
796 4038
928 4775
928 4825
928 4775
904 4646
904 4645
904 4930
775 3921
775 4128
775 3962
570 2929
570 2893
570 2914
526 2750
526 2770
526 2643
583 3081
583 2938
583 2971
603 3164
603 3168
603 3057
534 2636
534 2683
534 2769
441 2241
441 2304
441 2262
400 1884
400 2185
400 2172
409 2128
409 2189
409 1969
461 2501
461 2196
461 2452
359 1870
359 1748
359 1927
819 4112
819 4171
819 4457
665 3471
665 3252
665 3463
746 3840
746 3800
746 3880
796 4341
796 4111
796 3942
666 3398
666 3356
666 3221
752 3682
752 4141
752 3927
581 3006
581 3199
581 3109
729 3726
729 3911
729 3835
726 3811
726 3827
726 3811
620 3060
620 3336
620 3102
959 4808
959 4969
959 5371
755 4162
755 3750
755 3700
942 4943
942 4873
942 5043
890 4723
890 4674
890 4482
842 4110
842 4290
842 4159
565 2994
565 2910
565 2775
466 2289
466 2280
466 2408
567 3029
567 2759
567 2823
550 2681
550 2890
550 2715
494 2577
494 2521
494 2586
517 2655
517 2481
517 2835
452 2162
452 2292
452 2437
538 2850
538 2795
538 2715
541 2793
541 2953
541 2447
486 2400
486 2393
486 2648
533 2818
533 2572
533 2765
448 2373
448 2207
448 2341
534 2737
534 2897
534 2751
493 2570
493 2592
493 2612
459 2430
459 2383
459 2490
530 2771
530 2595
530 2631
437 2266
437 2307
437 2133
516 2514
516 2560
516 2694
518 2692
518 2741
518 2896
449 2265
449 2279
449 2352
509 2549
509 2581
509 2601
453 2232
453 2346
453 2372
530 2850
530 2777
530 2632
502 2452
502 2668
502 2581
459 2534
459 2472
459 2349
273 1487
273 1296
273 1566
514 2673
514 2626
514 2671
431 2267
431 2126
431 2122
507 2713
507 2758
507 2715
532 2810
532 2648
532 2799
441 2255
441 2120
441 2197
472 2396
472 2384
472 2350
436 2232
436 2233
436 2317
542 2819
542 2801
542 2848
511 2399
511 2754
511 2636
457 2238
457 2344
457 2253
530 2863
530 2580
530 2684
426 2338
426 2190
426 2206
508 2646
508 2856
508 2654
506 2593
506 2556
506 2623
502 2550
502 2637
502 2715
536 2630
536 2816
536 2618
477 2547
477 2502
477 2401
469 2374
469 2441
469 2371
543 2720
543 2739
543 2860
412 2035
412 2013
412 2160
473 2513
473 2463
473 2453
444 2303
444 2200
444 2167
539 2993
539 2600
539 2695
567 2752
567 2867
567 2914
415 2263
415 2199
415 2114
661 3448
661 3554
661 3552
550 2961
550 2876
550 2913
642 3280
642 3256
642 3217
616 3149
616 3343
616 3169
556 2968
556 2862
556 2991
593 3294
593 3035
593 2933
549 2959
549 2752
549 2913
614 3353
614 3178
614 3054
646 3215
646 3507
646 3342
514 2724
514 2765
514 2586
613 3367
613 3035
613 3267
533 2753
533 2694
533 2735
613 3224
613 3024
613 3233
624 3279
624 3178
624 3323
501 2476
501 2685
501 2598
334 1708
334 1835
334 1885
305 1565
305 1647
305 1626
342 1754
342 1716
342 1772
361 1865
361 2104
361 1836
331 1682
331 1764
331 1711
847 4510
847 4396
847 4368
767 3842
767 3933
767 3953
819 4461
819 4244
819 4388
830 4277
830 4174
830 4212
682 3347
682 3729
682 3369
524 2756
524 2641
524 2617
463 2410
463 2336
463 2484
574 2895
574 3136
574 2932
524 2702
524 2871
524 2838
440 2210
440 2442
440 2278
712 3673
712 3339
712 3497
608 3254
608 3293
608 3015
720 3754
720 3769
720 3894
630 3219
630 3193
630 3181
608 3119
608 3130
608 3097
732 3876
732 4047
732 3863
582 3035
582 2922
582 3024
705 3681
705 3801
705 3529
686 3508
686 3592
686 3540
603 2916
603 3068
603 3012
693 3554
693 3504
693 3390
611 3110
611 3057
611 3268
718 3871
718 3613
718 3982
754 3933
754 3981
754 3816
575 3105
575 2738
575 2926
535 2780
535 2801
535 2821
484 2528
484 2595
484 2411
512 2589
512 2623
512 2586
512 2595
512 2501
512 2623
458 2469
458 2537
458 2237
656 3304
656 3271
656 3405
571 2792
571 2915
571 2812
674 3744
674 3589
674 3217
654 3460
654 3504
654 3325
556 3091
556 2757
556 2736
562 3068
562 2890
562 2758
505 2608
505 2561
505 2658
553 2807
553 2739
553 2787
534 2811
534 2513
534 2645
490 2528
490 2554
490 2613
689 3601
689 3599
689 3518
606 3277
606 3039
606 3256
743 3873
743 3698
743 3840
688 3410
688 3615
688 3648
630 3345
630 3427
630 3180
489 2477
489 2360
489 2350
438 2139
438 2365
438 2294
523 2727
523 2621
523 2690
509 2667
509 2659
509 2671
455 2350
455 2239
455 2394
600 3151
600 3119
600 3173
461 2392
461 2235
461 2378
505 2672
505 2642
505 2717
535 2607
535 2805
535 2888
462 2340
462 2184
462 2432
816 4230
816 4214
816 4310
723 3675
723 3848
723 3599
837 4252
837 4342
837 4257
801 4216
801 4103
801 4152
752 3964
752 3875
752 3837
491 2499
491 2465
491 2659
394 2021
394 1989
394 2154
479 2440
479 2517
479 2606
498 2429
498 2468
498 2422
393 2049
393 1952
393 1979
479 2547
479 2370
479 2573
398 2126
398 2051
398 2065
496 2632
496 2541
496 2528
454 2298
454 2396
454 2478
434 2264
434 2056
434 2307
461 2402
461 2307
461 2183
386 1914
386 2113
386 1995
459 2359
459 2414
459 2420
507 2614
507 2581
507 2714
438 2348
438 2317
438 2077
431 2189
431 2371
431 2077
415 2071
415 2093
415 2161
518 2655
518 2641
518 2627
456 2212
456 2449
456 2186
400 2194
400 1986
400 2095
467 2345
467 2376
467 2346
416 2172
416 2349
416 2084
506 2517
506 2683
506 2699
469 2611
469 2590
469 2405
406 2172
406 2296
406 1992
455 2409
455 2267
455 2434
430 2314
430 2153
430 2020
469 2403
469 2421
469 2388
512 2573
512 2481
512 2616
407 2081
407 2202
407 2285
508 2442
508 2644
508 2602
407 2053
407 2023
407 2173
491 2543
491 2645
491 2542
473 2590
473 2351
473 2357
427 2241
427 2232
427 2312
503 2813
503 2500
503 2555
395 1957
395 1902
395 1991
536 2641
536 2828
536 2714
470 2366
470 2308
470 2457
413 2116
413 2245
413 2119
499 2639
499 2598
499 2477
412 1983
412 2179
412 2195
464 2365
464 2390
464 2387
539 2718
539 2659
539 2646
417 2166
417 2231
417 2140
517 2748
517 2671
517 2467
435 2170
435 2068
435 2344
518 2545
518 2440
518 2856
485 2491
485 2634
485 2417
412 2133
412 2026
412 2111
485 2504
485 2431
485 2623
426 2190
426 2264
426 2177
503 2758
503 2427
503 2688
522 2668
522 2853
522 2816
446 2408
446 2164
446 2434
563 2818
563 2917
563 3020
431 2146
431 2458
431 2249
488 2752
488 2672
488 2431
487 2436
487 2509
487 2589
486 2402
486 2585
486 2609
538 2814
538 2941
538 2721
486 2569
486 2493
486 2662
594 3242
594 2935
594 3030
552 2864
552 2784
552 2795
446 2310
446 2283
446 2316
581 3033
581 2999
581 2965
489 2335
489 2528
489 2596
558 2880
558 3049
558 2747
623 3366
623 3212
623 3322
507 2699
507 2542
507 2500
161 798
161 783
161 776
189 920
189 994
189 991
169 855
169 966
169 1019
235 1146
235 1363
235 1157
193 1043
193 1012
193 953
266 1361
266 1390
266 1343
221 1011
221 1281
221 1108
304 1666
304 1639
304 1686
266 1290
266 1339
266 1241
198 887
198 1059
198 976
306 1606
306 1440
306 1693
282 1364
282 1515
282 1556
333 1660
333 1891
333 1595
318 1576
318 1721
318 1662
250 1284
250 1249
250 1278
353 1870
353 1734
353 1885
321 1568
321 1555
321 1613
455 2282
455 2407
455 2335
378 2051
378 1894
378 1802
368 1910
368 1969
368 1731
964 5201
964 5112
964 4920
846 4399
846 4418
846 4630
1022 5057
1022 5163
1022 5233
973 5018
973 5081
973 5053
910 4759
910 4906
910 4715
1157 6220
1157 5951
1157 5887
978 5087
978 5103
978 5108
1138 5939
1138 5851
1138 5973
1183 6313
1183 5880
1183 6075
1022 5261
1022 5284
1022 5092
524 2751
524 2721
524 2668
453 2325
453 2241
453 2349
533 2483
533 2745
533 3184
541 2839
541 2604
541 3026
461 2234
461 2250
461 2244
616 3209
616 2984
616 3029
538 2755
538 2981
538 2828
661 3458
661 3341
661 3451
652 3345
652 3230
652 3449
555 2925
555 2786
555 2956
626 3353
626 3307
626 3175
530 2758
530 2688
530 2574
619 2920
619 3157
619 3251
577 3089
577 2841
577 3073
553 2735
553 2745
553 2945
573 3154
573 2975
573 3071
476 2366
476 2373
476 2544
579 2932
579 2898
579 2841
580 2810
580 2646
580 2739
497 2634
497 2570
497 2530
551 2965
551 2864
551 2983
538 2693
538 2869
538 2806
552 2942
552 2683
552 2886
567 2908
567 3062
567 3025
500 2745
500 2449
500 2454
403 2012
403 2168
403 2095
313 1593
313 1676
313 1630
433 2173
433 2358
433 2190
390 2087
390 2010
390 2096
366 2057
366 1884
366 1856
559 2777
559 3059
559 2769
476 2416
476 2494
476 2360
516 2500
516 2730
516 2771
565 3022
565 3032
565 2896
488 2502
488 2638
488 2586
536 2597
536 2728
536 2655
442 2176
442 2343
442 2386
466 2482
466 2251
466 2445
482 2355
482 2561
482 2620
446 2234
446 2253
446 2316
505 2535
505 2587
505 2573
478 2449
478 2514
478 2619
490 2337
490 2420
490 2613
454 2527
454 2471
454 2392
452 2299
452 2377
452 2267
264 1279
264 1477
264 1333
220 1195
220 1295
220 1182
247 1186
247 1361
247 1163
248 1410
248 1295
248 1280
207 1022
207 1038
207 932
550 2697
550 2544
550 2881
505 2773
505 2777
505 2533
547 2744
547 2737
547 2774
557 2825
557 2937
557 3074
470 2511
470 2362
470 2455
384 2127
384 1875
384 1935
323 1562
323 1693
323 1629
399 1959
399 1970
399 2002
403 2085
403 2058
403 1896
333 1637
333 1634
333 1730
700 3602
700 3619
700 3730
597 3122
597 3032
597 3277
697 3648
697 3655
697 3534
685 3403
685 3738
685 3581
584 2990
584 3036
584 2969
551 3034
551 2662
551 2897
472 2423
472 2294
472 2254
574 2870
574 2779
574 2720
566 3083
566 3130
566 3000
478 2485
478 2481
478 2449
585 3130
585 3175
585 2929
540 2918
540 2735
540 2746
533 2609
533 2758
533 2602
541 2878
541 2892
541 2954
465 2346
465 2447
465 2314
780 4162
780 3864
780 3984
704 3641
704 3653
704 3714
777 3924
777 3856
777 3948
808 4300
808 4283
808 4351
702 3727
702 3805
702 3655
775 4140
775 3960
775 4080
655 3358
655 3091
655 3542
658 3326
658 3103
658 3324
687 3546
687 3723
687 3434
678 3473
678 3628
678 3435
318 1671
318 1625
318 1770
509 2646
509 2517
509 2547
471 2563
471 2434
471 2284
484 2426
484 2488
484 2344
502 2676
502 2600
502 2604
435 2361
435 2116
435 2246
513 2599
513 2831
513 2757
456 2442
456 2347
456 2274
521 2933
521 2619
521 2651
470 2681
470 2471
470 2422
467 2372
467 2614
467 2416
604 3135
604 3104
604 3129
573 2870
573 3180
573 2917
627 3145
627 3176
627 3186
666 3423
666 3437
666 3308
552 2814
552 2682
552 3013
682 3561
682 3521
682 3342
642 3423
642 3249
642 3330
700 3521
700 3420
700 3694
704 3807
704 3716
704 3747
630 3111
630 3407
630 3424
781 3759
781 4143
781 4016
758 3973
758 3634
758 4066
847 4228
847 4427
847 4461
867 4783
867 4566
867 4531
761 4016
761 3857
761 4198
1238 6705
1238 6226
1238 6405
1149 5935
1149 5716
1149 6199
1270 6343
1270 6775
1270 6819
1233 6276
1233 6397
1233 6137
1118 5817
1118 5595
1118 5785
594 3329
594 3051
594 3150
509 2739
509 2709
509 2537
576 2986
576 2959
576 2919
529 2766
529 2593
529 2844
463 2214
463 2253
463 2455
333 1716
333 1689
333 1767
293 1453
293 1561
293 1364
337 1747
337 1633
337 1749
330 1744
330 1652
330 1820
283 1391
283 1658
283 1455
581 3108
581 3068
581 3092
534 2598
534 2842
534 2669
612 3343
612 3343
612 3155
653 3370
653 3415
653 3326
583 2884
583 3188
583 2975
540 2710
540 2710
540 2695
453 2335
453 2250
453 2315
472 2532
472 2323
472 2550
495 2587
495 2564
495 2451
432 2314
432 2014
432 2171
523 2848
523 2705
523 2716
482 2451
482 2558
482 2491
516 2526
516 2659
516 2541
506 2719
506 2560
506 2639
466 2316
466 2526
466 2268
548 2884
548 2754
548 2675
469 2419
469 2535
469 2410
595 2993
595 2929
595 3114
547 2948
547 2913
547 2597
452 2306
452 2143
452 2356
539 2652
539 2744
539 2912
431 2297
431 2158
431 2353
496 2590
496 2475
496 2628
498 2694
498 2504
498 2453
471 2503
471 2371
471 2598
567 2719
567 3095
567 2825
488 2673
488 2524
488 2492
580 2938
580 3130
580 3020
531 2680
531 2635
531 2773
447 2345
447 2354
447 2344
641 3401
641 3485
641 3167
532 2655
532 2697
532 2586
601 3209
601 3110
601 3189
656 3473
656 3388
656 3252
546 2933
546 2866
546 2689
544 2574
544 2669
544 2800
483 2636
483 2620
483 2406
540 2686
540 2818
540 2555
571 2722
571 2963
571 2989
482 2483
482 2532
482 2460
556 2829
556 2859
556 2850
532 2657
532 2664
532 2727
568 2798
568 2901
568 2982
589 3014
589 3034
589 2967
501 2647
501 2638
501 2689
531 2649
531 2897
531 2664
473 2546
473 2416
473 2457
563 2963
563 2928
563 2943
585 3041
585 2957
585 3018
506 2513
506 2653
506 2383
291 1362
291 1694
291 1458
129 650
129 682
129 578
129 590
129 573
129 623
588 3207
588 3108
588 3026
566 2950
566 2944
566 3003
588 3196
588 3236
588 3102
660 3331
660 3741
660 3261
540 2774
540 2687
540 2736
692 3657
692 3601
692 3448
555 2697
555 2715
555 3086
619 3151
619 3181
619 3209
636 3254
636 3279
636 3272
524 2562
524 2686
524 2741
653 3409
653 3458
653 3318
563 2754
563 2982
563 2880
595 3091
595 3015
595 2898
628 3119
628 3454
628 3389
520 2858
520 2711
520 2710
235 1385
235 1295
235 1151
218 979
218 1108
218 1176
232 1131
232 1242
232 1155
204 1080
204 1048
204 976
214 1103
214 1130
214 1154
528 2884
528 2728
528 2708
470 2251
470 2411
470 2444
528 2695
528 2858
528 2638
505 2596
505 2598
505 2567
473 2437
473 2431
473 2586
360 1856
360 1924
360 1846
312 1674
312 1639
312 1718
325 1616
325 1724
325 1572
345 1827
345 1798
345 1900
311 1597
311 1450
311 1816
178 947
178 899
178 924
645 3561
645 3235
645 3217
552 2894
552 2610
552 2949
658 3453
658 3597
658 3329
613 3326
613 3235
613 2990
522 2732
522 2605
522 2629
462 2436
462 2412
462 2363
605 3043
605 3120
605 3154
487 2698
487 2570
487 2437
599 2998
599 3084
599 2966
635 3164
635 3207
635 3125
519 2776
519 2725
519 2620
330 1714
330 1899
330 1827
273 1399
273 1477
273 1385
284 1430
284 1426
284 1560
293 1548
293 1581
293 1602
296 1602
296 1641
296 1521
699 3902
699 3659
699 3451
643 3309
643 3336
643 3647
678 3388
678 3337
678 3655
673 3385
673 3505
673 3251
593 3155
593 3017
593 3129
733 3715
733 3866
733 3689
706 3733
706 3614
706 3856
769 3865
769 4007
769 3933
800 4072
800 4116
800 4002
655 3412
655 3362
655 3560
661 3467
661 3583
661 3367
569 3008
569 2635
569 2891
710 3738
710 3655
710 3514
628 3222
628 3245
628 3157
622 3397
622 3288
622 3041
217 1079
217 1043
217 1162
175 912
175 949
175 855
228 1278
228 1051
228 1246
190 970
190 984
190 1048
161 829
161 893
161 822
790 4202
790 3984
790 4204
654 3428
654 3300
654 3494
758 3832
758 3597
758 3734
821 4588
821 4138
821 4250
690 3430
690 3594
690 3643
225 1132
225 1155
225 1114
188 1129
188 942
188 933
218 1118
218 1173
218 1099
217 1020
217 986
217 995
190 899
190 1010
190 1023
746 4010
746 3946
746 4062
604 3175
604 3087
604 2982
729 3724
729 3820
729 4089
747 3892
747 3806
747 3689
638 3224
638 3426
638 3463
814 4352
814 4191
814 4197
700 3566
700 3583
700 3508
787 4192
787 4228
787 4189
778 4131
778 3830
778 3775
751 3816
751 3742
751 3873
474 2554
474 2522
474 2435
416 1970
416 2196
416 2111
471 2674
471 2603
471 2366
467 2482
467 2453
467 2294
407 2167
407 2298
407 2119
759 3745
759 3986
759 3832
680 3635
680 3637
680 3443
751 3963
751 3780
751 3973
778 4006
778 4141
778 4059
684 3532
684 3650
684 3485
115 624
115 568
115 638
112 595
112 677
112 601
145 763
145 703
145 805
129 664
129 666
129 649
116 555
116 576
116 538
110 629
110 648
110 502
542 2736
542 2698
542 2817
519 2616
519 2611
519 2638
587 3300
587 3162
587 2961
567 2642
567 2989
567 2963
530 2650
530 2649
530 2788
573 2892
573 2992
573 3098
519 2886
519 2805
519 2731
643 3414
643 3262
643 3263
585 2985
585 2965
585 2887
484 2544
484 2419
484 2504
180 873
180 964
180 942
137 782
137 715
137 694
145 777
145 755
145 814
168 836
168 769
168 860
165 922
165 881
165 838
116 631
116 607
116 583
580 2969
580 2908
580 3206
501 2788
501 2676
501 2572
564 3132
564 2913
564 3013
562 2852
562 2858
562 2933
481 2602
481 2693
481 2519
505 2572
505 2696
505 2461
595 3246
595 3177
595 3036
546 2854
546 2847
546 2814
581 3151
581 3077
581 3058
603 3111
603 3175
603 3120
532 2776
532 2811
532 2888
474 2349
474 2529
474 2497
554 2746
554 2802
554 2940
523 2713
523 2623
523 2836
597 3327
597 2997
597 3110
570 3124
570 3036
570 2909
481 2554
481 2387
481 2416
558 2680
558 2798
558 2795
470 2434
470 2465
470 2345
495 2619
495 2655
495 2438
550 2886
550 2898
550 2890
477 2269
477 2533
477 2407
491 2580
491 2602
491 2408
427 2255
427 2390
427 2122
462 2341
462 2368
462 2324
478 2384
478 2379
478 2515
447 2314
447 2192
447 2269
667 3539
667 3223
667 3538
589 3103
589 2938
589 3014
641 3369
641 3310
641 3199
667 3455
667 3311
667 3363
559 3003
559 2837
559 2762
615 3476
615 3317
615 3190
551 2850
551 2832
551 2864
602 3099
602 3103
602 3133
606 2984
606 3154
606 3106
541 2747
541 2967
541 2585
654 3550
654 3348
654 3310
547 2817
547 2908
547 2749
650 3605
650 3338
650 3323
671 3620
671 3587
671 3615
573 2960
573 3028
573 2879
173 824
173 918
173 831
165 833
165 815
165 1054
197 971
197 1072
197 1107
176 821
176 965
176 971
180 840
180 990
180 827
219 1169
219 1058
219 1188
208 1066
208 1067
208 1039
220 1076
220 1215
220 1097
209 1077
209 1120
209 1114
172 949
172 897
172 843
265 1343
265 1471
265 1497
211 1039
211 1034
211 1165
256 1375
256 1442
256 1281
275 1484
275 1402
275 1311
239 1202
239 1254
239 1279
560 3079
560 2698
560 2836
505 2621
505 2435
505 2541
548 2646
548 2857
548 2601
542 2853
542 2874
542 2815
456 2431
456 2385
456 2408
499 2389
499 2568
499 2374
426 2261
426 2113
426 2203
492 2472
492 2549
492 2481
481 2321
481 2371
481 2527
448 2311
448 2363
448 2332
504 2719
504 2688
504 2556
420 2328
420 2224
420 2086
515 2639
515 2623
515 2957
490 2458
490 2647
490 2655
418 2223
418 2089
418 2195
233 1234
233 1201
233 1066
134 680
134 636
134 623
134 742
134 629
134 725
136 687
136 789
136 695
202 1101
202 1063
202 1086
178 835
178 936
178 782
201 1031
201 1044
201 928
196 988
196 1056
196 1030
190 1024
190 1046
190 1021
187 943
187 972
187 1049
156 818
156 881
156 729
186 993
186 1132
186 985
187 919
187 936
187 970
146 682
146 677
146 750
547 2807
547 2987
547 2847
456 2324
456 2255
456 2483
528 2717
528 2694
528 2615
512 2941
512 2663
512 2572
483 2401
483 2669
483 2487
521 2848
521 2631
521 2623
463 2343
463 2425
463 2456
529 2586
529 2696
529 2718
543 2887
543 2849
543 2833
499 2616
499 2606
499 2490
609 3232
609 3097
609 3021
498 2585
498 2707
498 2440
606 3206
606 3170
606 3277
611 3150
611 2999
611 3188
528 2726
528 2722
528 2647
540 2695
540 2847
540 2566
485 2589
485 2371
485 2371
554 3013
554 2823
554 2863
536 2953
536 2733
536 2722
467 2568
467 2469
467 2583
528 2576
528 2531
528 2875
468 2349
468 2511
468 2257
504 2446
504 2701
504 2612
521 2664
521 2627
521 2745
447 2325
447 2380
447 2432
579 3008
579 3074
579 2783
494 2631
494 2734
494 2634
556 2918
556 2971
556 2970
530 2955
530 2514
530 2757
503 2424
503 2590
503 2585
597 3023
597 3038
597 3080
533 2611
533 2738
533 2883
586 2945
586 2884
586 3108
616 3302
616 3167
616 3232
547 2894
547 2909
547 2717
409 2174
409 2302
409 2257
335 1823
335 1752
335 1750
392 2113
392 2058
392 1899
372 2017
372 2101
372 1902
325 1781
325 1635
325 1631
573 2975
573 2979
573 3041
527 2714
527 2786
527 2783
608 3024
608 3091
608 3217
536 2822
536 2676
536 2770
527 2726
527 2793
527 2765
127 675
127 636
127 573
114 608
114 562
114 551
120 614
120 582
120 651
125 579
125 597
125 690
113 638
113 566
113 617
583 3097
583 2978
583 3031
480 2556
480 2326
480 2613
577 2866
577 2805
577 2877
542 2786
542 2564
542 2794
491 2631
491 2501
491 2776
689 3411
689 3632
689 3683
524 2816
524 2511
524 2742
673 3681
673 3588
673 3483
633 3142
633 3282
633 3334
564 2802
564 2642
564 3035
527 2707
527 2726
527 2471
465 2320
465 2376
465 2538
556 2855
556 2993
556 2928
571 2882
571 2882
571 3001
455 2514
455 2432
455 2386
478 2446
478 2585
478 2530
425 2130
425 2177
425 2246
504 2673
504 2646
504 2500
471 2309
471 2463
471 2324
464 2515
464 2219
464 2490
495 2524
495 2642
495 2613
447 2393
447 2474
447 2290
539 2920
539 2952
539 2635
551 2873
551 2820
551 2830
495 2438
495 2216
495 2419
296 1361
296 1401
296 1402
274 1400
274 1273
274 1404
297 1575
297 1578
297 1525
315 1556
315 1672
315 1612
259 1332
259 1369
259 1244
379 1944
379 1881
379 1954
314 1628
314 1611
314 1604
355 1723
355 1889
355 1862
317 1697
317 1675
317 1665
318 1498
318 1569
318 1682
791 3934
791 4150
791 4212
689 3740
689 3493
689 3601
715 3618
715 3508
715 3744
776 4108
776 4083
776 4233
666 3435
666 3483
666 3631
552 2957
552 2755
552 2768
497 2580
497 2530
497 2458
495 2578
495 2409
495 2691
568 2850
568 2813
568 2799
452 2302
452 2328
452 2316
480 2394
480 2396
480 2326
463 2282
463 2333
463 2399
568 2969
568 3058
568 2854
532 2803
532 2758
532 2636
472 2472
472 2301
472 2410
269 1405
269 1464
269 1496
240 1330
240 1148
240 1172
248 1254
248 1263
248 1482
273 1522
273 1443
273 1366
223 1183
223 1180
223 1214
333 1762
333 1745
333 1813
282 1431
282 1294
282 1505
323 1563
323 1700
323 1663
339 1768
339 1646
339 1820
293 1536
293 1539
293 1478
