123 619
123 670
123 662
178 896
178 926
178 889
129 581
129 747
129 685
140 717
140 805
140 798
154 803
154 804
154 836
183 967
183 923
183 918
155 878
155 748
155 759
149 848
149 818
149 792
160 784
160 720
160 747
147 754
147 762
147 726
231 1283
231 1229
231 1206
492 2556
492 2796
492 2731
374 1941
374 2007
374 1937
463 2417
463 2456
463 2513
457 2341
457 2554
457 2448
376 1804
376 1973
376 2139
92 437
92 511
92 533
129 649
129 655
129 705
115 570
115 594
115 616
132 640
132 683
132 725
110 501
110 523
110 499
344 1716
344 1719
344 1918
262 1468
262 1237
262 1379
318 1532
318 1703
318 1560
352 1791
352 1814
352 1757
244 1286
244 1308
244 1400
294 1511
294 1517
294 1606
249 1291
249 1195
249 1448
265 1308
265 1466
265 1436
239 1302
239 1313
239 1237
217 1247
217 1203
217 1137
249 1443
249 1278
249 1468
217 1110
217 1139
217 1172
227 1182
227 1207
227 1257
227 1249
227 1142
227 1070
189 985
189 1053
189 985
316 1827
316 1614
316 1784
271 1423
271 1367
271 1330
325 1681
325 1710
325 1694
263 1398
263 1415
263 1427
263 1434
263 1421
263 1267
316 1718
316 1644
316 1603
273 1486
273 1456
273 1543
309 1620
309 1547
309 1544
330 1741
330 1652
330 1673
246 1135
246 1450
246 1115
321 1712
321 1668
321 1734
305 1611
305 1751
305 1691
323 1863
323 1656
323 1934
358 1809
358 1896
358 1944
352 1852
352 2075
352 1763
332 1714
332 1683
332 1786
334 1908
334 1628
334 1810
383 2014
383 2052
383 2001
333 1868
333 1782
333 1924
316 1695
316 1660
316 1709
173 920
173 946
173 939
321 1640
321 1619
321 1543
333 1672
333 1781
333 1701
354 1899
354 1920
354 1775
390 2079
390 2088
390 2107
298 1426
298 1589
298 1515
459 2543
459 2304
459 2207
372 2061
372 1956
372 1910
492 2454
492 2616
492 2637
451 2263
451 2392
451 2352
433 2147
433 2254
433 2451
353 1880
353 1785
353 1819
307 1556
307 1652
307 1529
362 1919
362 1943
362 1966
332 1810
332 1699
332 1688
283 1443
283 1555
283 1424
474 2516
474 2497
474 2408
403 2181
403 2082
403 2032
414 2108
414 2038
414 1990
419 2172
419 2189
419 2185
407 2278
407 2143
407 2162
472 2594
472 2425
472 2577
438 2443
438 2174
438 2154
447 2195
447 2329
447 2352
459 2363
459 2311
459 2445
452 2388
452 2397
452 2236
107 530
107 550
107 596
203 1065
203 1119
203 1058
116 702
116 720
116 590
42 200
42 235
42 217
347 1682
347 1886
347 1700
289 1508
289 1526
289 1517
345 1848
345 1698
345 1825
334 1649
334 1648
334 1874
270 1353
270 1473
270 1290
373 2014
373 1753
373 1852
295 1566
295 1625
295 1650
349 1859
349 1866
349 1721
389 1951
389 1908
389 1874
293 1455
293 1421
293 1561
218 1093
218 1255
218 1176
173 832
173 825
173 870
209 1013
209 1180
209 1196
212 1071
212 960
212 1172
161 827
161 881
161 910
505 2531
505 2531
505 2828
372 1723
372 1941
372 1899
462 2282
462 2430
462 2440
488 2678
488 2508
488 2684
415 2232
415 2272
415 2286
605 3051
605 3280
605 3261
595 3107
595 3115
595 3235
586 3100
586 3110
586 3003
451 2431
451 2496
451 2227
265 1426
265 1292
265 1325
118 578
118 550
118 669
566 2873
566 2855
566 3012
584 3260
584 2969
584 3025
585 2866
585 2938
585 2959
493 2658
493 2732
493 2604
603 3334
603 3265
603 3242
582 3177
582 2949
582 3249
613 2960
613 3033
613 3317
469 2425
469 2499
469 2392
587 2971
587 3095
587 2993
559 2932
559 2920
559 2880
586 3127
586 3300
586 2951
484 2543
484 2514
484 2560
574 3007
574 3169
574 3003
569 3315
569 2965
569 3076
578 2967
578 3012
578 2945
507 2659
507 2709
507 2880
614 3331
614 3164
614 3348
586 3009
586 3114
586 3159
529 2759
529 2755
529 2746
506 2649
506 2646
506 2590
558 2983
558 2691
558 2872
564 2960
564 2887
564 3012
579 3138
579 2916
579 3046
513 2859
513 2750
513 2646
135 598
135 812
135 718
163 876
163 843
163 890
145 717
145 791
145 682
172 813
172 893
172 870
589 2996
589 3183
589 2941
539 2774
539 2838
539 2765
585 3169
585 3215
585 3175
499 2626
499 2618
499 2542
282 1394
282 1429
282 1350
272 1399
272 1351
272 1427
338 1958
338 1702
338 1695
238 1317
238 1408
238 1281
344 1620
344 1683
344 1844
295 1495
295 1517
295 1511
328 1720
328 1619
328 1776
363 1898
363 1893
363 1852
308 1727
308 1776
308 1680
431 2310
431 2191
431 2169
306 1711
306 1700
306 1810
422 2272
422 2107
422 2245
396 2209
396 2143
396 2013
317 1751
317 1557
317 1681
321 1716
321 1706
321 1651
466 2425
466 2469
466 2360
396 1990
396 2229
396 2050
496 2438
496 2596
496 2806
443 2402
443 2422
443 2487
383 2000
383 1873
383 2029
280 1408
280 1477
280 1463
219 1211
219 1143
219 1263
291 1542
291 1463
291 1659
258 1344
258 1420
258 1354
226 1255
226 1198
226 1117
490 2797
490 2659
490 2416
393 2023
393 2092
393 2244
472 2504
472 2452
472 2430
431 2283
431 2190
431 2215
417 2362
417 2216
417 2200
293 1596
293 1424
293 1492
213 1030
213 1166
213 1135
263 1406
263 1406
263 1457
280 1389
280 1609
280 1413
239 1381
239 1247
239 1369
317 1718
317 1797
317 1619
497 2620
497 2735
497 2625
80 517
80 436
80 416
464 2344
464 2469
464 2400
432 2261
432 2228
432 2253
435 2352
435 2158
435 2130
427 2332
427 2305
427 2178
404 2091
404 1968
404 2288
467 2310
467 2618
467 2527
381 2044
381 2136
381 1922
434 2175
434 2173
434 2166
499 2571
499 2580
499 2375
387 1907
387 1973
387 2048
566 3012
566 3038
566 3023
422 2341
422 2213
422 2169
508 2553
508 2864
508 2661
524 2772
524 2806
524 2692
447 2271
447 2476
447 2179
463 2566
463 2339
463 2374
361 1813
361 1871
361 1914
449 2559
449 2343
449 2487
427 2430
427 2284
427 2221
437 2353
437 2340
437 2336
495 2656
495 2679
495 2558
349 1872
349 1783
349 1823
477 2428
477 2538
477 2668
472 2451
472 2679
472 2430
378 1994
378 1909
378 1788
376 1822
376 1945
376 1971
371 1966
371 1951
371 1838
464 2392
464 2445
464 2439
445 2270
445 2292
445 2313
396 2157
396 2080
396 2189
441 2233
441 2081
441 2293
392 2293
392 2190
392 1943
472 2510
472 2513
472 2627
412 2093
412 2233
412 2193
330 1692
330 1811
330 1764
473 2624
473 2593
473 2365
446 2330
446 2225
446 2197
529 2800
529 2671
529 2716
233 1186
233 1293
233 1178
430 2321
430 2099
430 2390
495 2553
495 2535
495 2610
441 2282
441 2391
441 2365
522 2736
522 2765
522 2666
262 1362
262 1319
262 1343
387 2046
387 2093
387 1942
516 2535
516 2680
516 2627
448 2362
448 2387
448 2619
466 2501
466 2416
466 2569
288 1469
288 1574
288 1567
412 2311
412 2138
412 2115
489 2443
489 2550
489 2522
419 2290
419 2396
419 2277
472 2568
472 2468
472 2306
249 1327
249 1373
249 1397
410 2268
410 2195
410 2067
162 809
162 852
162 794
129 679
129 586
129 651
132 593
132 633
132 651
120 637
120 636
120 677
167 847
167 892
167 861
121 656
121 541
121 704
148 770
148 759
148 671
129 681
129 609
129 704
278 1576
278 1431
278 1425
571 3078
571 2985
571 2746
492 2558
492 2572
492 2659
630 3256
630 3090
630 3328
322 1729
322 1745
322 1714
518 2927
518 2702
518 2733
88 547
88 428
88 550
474 2646
474 2322
474 2590
400 2154
400 2054
400 2289
479 2446
479 2518
479 2609
311 1646
311 1716
311 1507
440 2313
440 2313
440 2372
198 1016
198 1022
198 1030
190 1064
190 915
190 1031
222 1173
222 1059
222 1136
205 1099
205 1155
205 1085
495 2693
495 2504
495 2726
411 2177
411 2156
411 2147
431 2334
431 2086
431 2275
386 2010
386 2069
386 1999
475 2842
475 2421
475 2376
417 2027
417 2275
417 2237
377 1939
377 2092
377 1990
508 2626
508 2724
508 2502
499 2620
499 2631
499 2629
441 2174
441 2440
441 2333
492 2576
492 2672
492 2501
428 2247
428 2147
428 2486
382 1942
382 2044
382 2024
388 2022
388 1988
388 2019
307 1619
307 1621
307 1729
369 1772
369 1825
369 1907
419 2185
419 2174
419 2122
314 1536
314 1706
314 1528
414 2293
414 2208
414 2020
202 1066
202 978
202 1030
344 1752
344 1790
344 1891
513 2736
513 2647
513 2769
417 2373
417 2281
417 2114
502 2445
502 2746
502 2618
322 1754
322 1607
322 1845
435 2365
435 2390
435 2247
530 2827
530 2782
530 2955
450 2461
450 2436
450 2298
481 2426
481 2382
481 2537
335 1666
335 1689
335 1780
447 2479
447 2317
447 2409
493 2480
493 2514
493 2597
473 2423
473 2703
473 2364
475 2584
475 2498
475 2506
311 1701
311 1787
311 1783
487 2551
487 2627
487 2582
472 2429
472 2503
472 2447
409 2111
409 2041
409 2217
422 2332
422 2182
422 2041
232 1400
232 1166
232 1310
363 2116
363 1823
363 2004
464 2489
464 2559
464 2517
352 1916
352 1919
352 1901
363 1906
363 1931
363 1826
379 1994
379 2001
379 2110
269 1362
269 1384
269 1458
514 2693
514 2683
514 2609
449 2362
449 2251
449 2493
502 2429
502 2736
502 2735
415 2037
415 2015
415 2336
529 2877
529 2873
529 2981
455 2275
455 2458
455 2361
501 2452
501 2538
501 2639
446 2381
446 2095
446 2181
525 2862
525 2674
525 2802
411 2111
411 2130
411 2132
518 2745
518 2774
518 2779
355 1850
355 1848
355 1829
428 2325
428 2143
428 2218
493 2616
493 2583
493 2382
434 2233
434 2288
434 2247
524 2564
524 2751
524 2585
317 1699
317 1894
317 1642
463 2413
463 2536
463 2599
579 2900
579 3166
579 3079
480 2386
480 2399
480 2647
564 3045
564 3002
564 3080
523 2625
523 3063
523 2637
418 2421
418 2050
418 2331
437 2282
437 2229
437 2162
396 2127
396 2243
396 2045
514 2562
514 2689
514 2951
460 2381
460 2276
460 2370
497 2848
497 2594
497 2585
436 2174
436 2239
436 2319
480 2549
480 2453
480 2556
257 1269
257 1340
257 1356
438 2360
438 2317
438 2335
532 2589
532 2930
532 2927
360 1950
360 1995
360 1802
548 2828
548 2873
548 2900
251 1139
251 1271
251 1241
389 2000
389 2063
389 2148
68 354
68 327
68 384
553 2918
553 2998
553 2880
421 2142
421 2031
421 2240
535 2815
535 2715
535 2816
292 1612
292 1399
292 1509
412 2359
412 2314
412 1998
532 2578
532 2743
532 2721
427 2279
427 2375
427 2159
507 2641
507 2795
507 2607
293 1486
293 1507
293 1430
463 2513
463 2577
463 2701
175 913
175 943
175 1045
168 877
168 810
168 932
196 963
196 937
196 1077
178 1059
178 914
178 871
162 875
162 911
162 882
520 2606
520 2799
520 2705
462 2550
462 2405
462 2400
521 2775
521 2746
521 2387
286 1568
286 1406
286 1479
444 2438
444 2476
444 2377
434 2462
434 2383
434 2297
400 1994
400 2123
400 2070
470 2712
470 2371
470 2506
462 2643
462 2435
462 2404
412 2307
412 2099
412 2193
485 2525
485 2436
485 2545
438 2396
438 2342
438 2397
487 2424
487 2482
487 2659
424 2182
424 2081
424 2096
420 2116
420 2134
420 2127
368 1964
368 1951
368 1838
415 2133
415 2102
415 2245
203 1088
203 1095
203 1174
344 1758
344 1897
344 1750
663 3632
663 3458
663 3654
536 2942
536 2824
536 2837
610 3313
610 3165
610 3090
450 2378
450 2270
450 2413
558 2891
558 2758
558 2897
82 402
82 373
82 368
149 789
149 795
149 821
104 544
104 502
104 601
115 605
115 665
115 549
106 535
106 533
106 569
438 2101
438 2326
438 2160
308 1576
308 1557
308 1717
381 1987
381 1966
381 2068
264 1253
264 1418
264 1378
367 2014
367 1911
367 1915
510 2781
510 2703
510 2683
460 2420
460 2332
460 2386
534 2832
534 2780
534 2915
308 1534
308 1683
308 1648
437 2255
437 2230
437 2154
542 2687
542 2939
542 2779
449 2515
449 2370
449 2315
493 2679
493 2567
493 2456
345 1747
345 1865
345 1963
438 2209
438 2337
438 2307
226 1201
226 1172
226 1173
355 1811
355 1817
355 1917
542 2932
542 2747
542 2805
492 2591
492 2506
492 2583
538 2781
538 2872
538 2559
492 2487
492 2648
492 2655
599 2923
599 3144
599 3031
478 2270
478 2275
478 2317
540 2884
540 2747
540 2694
182 916
182 963
182 938
466 2468
466 2359
466 2556
576 2865
576 3142
576 3082
459 2313
459 2278
459 2383
570 2910
570 3007
570 3336
194 983
194 975
194 934
473 2589
473 2768
473 2703
192 918
192 976
192 913
181 937
181 1020
181 975
162 833
162 826
162 902
154 844
154 905
154 915
294 1540
294 1559
294 1528
232 1316
232 1345
232 1159
274 1383
274 1359
274 1408
233 1263
233 1275
233 1257
58 302
58 355
58 296
166 890
166 771
166 854
158 765
158 794
158 803
170 778
170 850
170 891
152 758
152 733
152 757
103 601
103 610
103 498
391 2031
391 2146
391 2297
299 1594
299 1394
299 1625
329 1811
329 1721
329 1795
302 1581
302 1685
302 1506
547 3056
547 2691
547 2867
473 2530
473 2554
473 2353
560 2951
560 3068
560 3114
483 2485
483 2327
483 2479
159 872
159 696
159 822
145 810
145 813
145 703
174 1050
174 909
174 970
152 859
152 846
152 722
606 3154
606 3247
606 3285
558 3159
558 2765
558 3006
577 2876
577 2813
577 3034
540 2668
540 2810
540 2999
233 1333
233 1133
233 1183
222 1188
222 1258
222 1123
265 1477
265 1230
265 1445
211 1162
211 1050
211 1154
626 3182
626 3229
626 3247
520 2729
520 2654
520 2523
596 2990
596 3079
596 3190
539 2766
539 2970
539 2859
250 1244
250 1343
250 1326
206 1110
206 1222
206 1075
235 1299
235 1179
235 1119
204 1113
204 1031
204 1040
615 3516
615 3346
615 3222
578 2956
578 2920
578 3032
619 3196
619 3152
619 3394
576 2923
576 3216
576 2815
425 2200
425 2331
425 2236
361 1892
361 2178
361 2064
389 2017
389 2195
389 2125
341 1830
341 1888
341 1902
496 2593
496 2569
496 2616
457 2383
457 2284
457 2375
504 2685
504 2749
504 2517
426 2265
426 2175
426 2208
606 3265
606 3190
606 3222
556 2797
556 2870
556 2926
623 3268
623 3203
623 3123
565 3072
565 2981
565 2954
536 2804
536 2624
536 2842
494 2496
494 2422
494 2539
551 2813
551 2858
551 2949
434 2106
434 2115
434 2382
390 2200
390 2007
390 2147
351 1990
351 1963
351 1901
423 2060
423 2128
423 2410
345 1773
345 1766
345 1859
647 3238
647 3569
647 3315
567 2900
567 3077
567 2952
625 3444
625 3202
625 3207
565 3092
565 3041
565 2991
653 3456
653 3376
653 3664
573 3045
573 3072
573 3195
607 3162
607 3189
607 3408
591 3002
591 2924
591 2843
750 3795
750 3777
750 4114
677 3513
677 3494
677 3374
731 3963
731 3869
731 3796
615 3183
615 3335
615 3313
375 1979
375 2083
375 1910
707 3700
707 3694
707 3840
569 2895
569 2881
569 3053
739 3746
739 3951
739 3845
564 2821
564 3146
564 2852
734 3976
734 3929
734 3864
612 3264
612 3137
612 3140
750 3921
750 4064
750 3879
603 2975
603 3159
603 3123
607 3246
607 3380
607 3200
503 2552
503 2637
503 2690
624 3278
624 3285
624 3224
494 2811
494 2540
494 2401
657 3284
657 3434
657 3372
501 2549
501 2680
501 2849
605 3157
605 3205
605 3108
479 2581
479 2684
479 2606
638 3347
638 3499
638 3339
536 2865
536 2885
536 2986
611 3175
611 3194
611 3165
492 2545
492 2665
492 2518
613 3146
613 3126
613 3137
552 3188
552 2868
552 2767
579 3054
579 3149
579 3078
532 2813
532 2919
532 2972
177 912
177 962
177 951
158 918
158 872
158 847
142 813
142 666
142 789
133 685
133 607
133 712
594 3032
594 3154
594 3135
541 2807
541 2667
541 2883
582 3007
582 3185
582 3246
500 2584
500 2656
500 2680
624 3242
624 3216
624 3274
502 2710
502 2641
502 2776
611 3045
611 3224
611 3091
521 2683
521 2653
521 2840
631 3305
631 3297
631 3250
517 2659
517 2614
517 2761
569 3049
569 3046
569 2828
531 2833
531 2748
531 2677
558 3107
558 2928
558 2736
453 2284
453 2274
453 2460
535 2660
535 2622
535 3022
459 2467
459 2477
459 2333
623 3389
623 3412
623 3451
545 2790
545 3013
545 3064
597 3011
597 2889
597 3034
518 2651
518 2628
518 2741
521 2911
521 2861
521 2862
484 2448
484 2468
484 2345
537 2768
537 2800
537 2838
466 2279
466 2416
466 2202
618 3301
618 3228
618 3320
513 2790
513 2663
513 2688
563 2934
563 2911
563 2816
524 2773
524 2907
524 2612
607 3231
607 3022
607 2985
543 3019
543 2744
543 2894
604 3143
604 3135
604 3258
541 2797
541 2855
541 2917
364 1902
364 1985
364 2011
283 1523
283 1455
283 1402
333 1701
333 1580
333 1848
279 1417
279 1361
279 1481
590 2992
590 3134
590 3217
545 2748
545 3047
545 2738
602 3326
602 3012
602 2994
533 2736
533 2763
533 2759
367 1909
367 2032
367 1847
306 1459
306 1578
306 1619
352 1876
352 1861
352 1813
290 1434
290 1568
290 1574
541 2821
541 2680
541 2893
421 2254
421 2313
421 2209
577 3130
577 2894
577 3109
421 2108
421 2329
421 2327
606 3370
606 3056
606 3130
452 2252
452 2337
452 2284
567 2865
567 3161
567 2826
484 2630
484 2440
484 2457
423 2222
423 2162
423 2203
344 1928
344 1703
344 1755
467 2478
467 2433
467 2355
349 1716
349 1811
349 1855
552 3025
552 3029
552 2818
497 2605
497 2557
497 2861
585 3151
585 2820
585 3236
515 2670
515 2767
515 2652
586 3098
586 3188
586 2951
505 2649
505 2737
505 2549
542 2896
542 2889
542 2919
509 2771
509 2475
509 2687
517 2836
517 2611
517 2736
528 2748
528 2807
528 2751
595 3060
595 3034
595 3116
519 2805
519 2767
519 2654
652 3510
652 3503
652 3481
567 3296
567 2924
567 3107
657 3656
657 3340
657 3363
613 3332
613 3314
613 3097
40 233
40 176
40 216
187 1107
187 1111
187 977
162 812
162 827
162 846
199 1093
199 1105
199 1083
181 1041
181 910
181 1033
565 2735
565 2870
565 2699
515 2513
515 2851
515 2841
547 2922
547 2801
547 2812
513 2570
513 2633
513 2654
630 3280
630 3200
630 3350
493 2482
493 2642
493 2586
552 2913
552 2896
552 2782
546 2856
546 2970
546 2838
626 3156
626 3314
626 3279
511 2667
511 2598
511 2601
578 3072
578 3100
578 3050
527 2666
527 2837
527 2841
537 2864
537 2724
537 2783
451 2424
451 2373
451 2184
453 2332
453 2252
453 2280
423 2235
423 2123
423 2252
401 2140
401 2243
401 2023
329 1570
329 1781
329 1796
394 2120
394 1994
394 2092
349 1981
349 1874
349 1858
592 2991
592 2944
592 2999
551 2862
551 3002
551 2754
632 3109
632 3371
632 3202
494 2548
494 2513
494 2749
628 3349
628 3357
628 3286
509 2566
509 2774
509 2672
634 3225
634 3406
634 3435
554 2939
554 2926
554 2969
271 1345
271 1335
271 1371
578 2972
578 2902
578 3107
493 2764
493 2609
493 2568
604 3521
604 3215
604 3226
518 2730
518 2701
518 2614
603 3139
603 3109
603 3240
462 2287
462 2207
462 2510
606 3176
606 3134
606 3182
520 2611
520 2862
520 2644
553 3019
553 2904
553 3037
493 2367
493 2489
493 2514
623 3155
623 3041
623 3335
523 2840
523 2963
523 2820
600 3268
600 3018
600 2916
503 2819
503 2510
503 2485
577 3049
577 2881
577 3092
494 2632
494 2710
494 2628
454 2229
454 2345
454 2387
425 2112
425 2359
425 2265
456 2448
456 2316
456 2436
386 1978
386 2042
386 1889
454 2374
454 2481
454 2224
638 3209
638 3403
638 3435
527 2793
527 2772
527 2745
531 2760
531 2668
531 2871
487 2572
487 2487
487 2653
533 2769
533 2604
533 2801
539 2840
539 2617
539 2932
579 3010
579 3039
579 3015
510 2663
510 2808
510 2824
591 3154
591 3038
591 3198
505 2490
505 2682
505 2601
533 2745
533 3072
533 2697
534 2899
534 2768
534 2749
605 3299
605 3044
605 3131
487 2611
487 2519
487 2516
611 3334
611 3238
611 3145
464 2555
464 2397
464 2469
595 3136
595 3254
595 3101
482 2577
482 2417
482 2525
573 3021
573 3050
573 2979
482 2504
482 2513
482 2722
440 2451
440 2377
440 2415
484 2508
484 2436
484 2480
413 2104
413 2125
413 2089
488 2481
488 2536
488 2621
360 1877
360 1878
360 1809
622 3382
622 3319
622 3217
521 2806
521 2928
521 2799
554 2775
554 3029
554 2989
497 2580
497 2639
497 2848
609 3140
609 3349
609 3337
507 2719
507 2669
507 2640
609 3054
609 3077
609 3345
509 2709
509 2684
509 2720
528 2827
528 2844
528 2970
431 2348
431 2248
431 2314
518 2563
518 2831
518 2855
450 2312
450 2434
450 2425
705 3672
705 4020
705 3651
546 2783
546 2889
546 2794
667 3459
667 3371
667 3533
589 3056
589 3019
589 3114
855 4589
855 4463
855 4547
755 3891
755 4109
755 4107
800 4333
800 4251
800 4334
694 3701
694 3745
694 3710
258 1397
258 1383
258 1437
235 1065
235 1170
235 1290
198 986
198 1058
198 1073
241 1229
241 1340
241 1154
182 925
182 980
182 1021
611 3103
611 3035
611 3363
480 2673
480 2586
480 2217
615 3405
615 3161
615 3093
508 2641
508 2609
508 2529
615 3247
615 3245
615 3037
499 2611
499 2730
499 2490
614 3360
614 3293
614 3086
520 2846
520 2958
520 2838
628 3407
628 3275
628 3245
486 2683
486 2610
486 2521
535 2714
535 2953
535 2720
482 2386
482 2520
482 2442
478 2473
478 2558
478 2467
354 1981
354 1915
354 1853
459 2565
459 2511
459 2401
471 2462
471 2636
471 2255
398 2016
398 2021
398 2017
406 2187
406 2141
406 2140
419 2173
419 2032
419 2188
426 2094
426 2224
426 2171
479 2476
479 2534
479 2472
410 2277
410 2112
410 2159
451 2250
451 2294
451 2343
409 2221
409 1983
409 2135
476 2409
476 2418
476 2390
422 2313
422 2274
422 2242
365 2207
365 1967
365 1892
470 2440
470 2394
470 2335
391 2077
391 1877
391 1923
442 2552
442 2396
442 2319
444 2327
444 2364
444 2183
365 1976
365 2092
365 1990
448 2226
448 2488
448 2344
414 2114
414 2233
414 2106
373 1886
373 2115
373 2005
479 2729
479 2436
479 2499
441 2249
441 2221
441 2378
459 2492
459 2219
459 2423
415 2139
415 2181
415 2207
472 2522
472 2510
472 2761
428 2239
428 2300
428 2402
379 1970
379 1948
379 1896
376 1888
376 2020
376 2056
368 2115
368 1843
368 1818
387 1978
387 2076
387 2081
398 2107
398 2111
398 2310
402 2189
402 2203
402 2153
164 725
164 871
164 881
236 1202
236 1175
236 1123
134 712
134 765
134 586
145 677
145 715
145 779
143 826
143 769
143 857
205 1152
205 1155
205 1033
198 965
198 1131
198 900
205 1151
205 980
205 1144
190 983
190 996
190 923
170 820
170 860
170 888
496 2640
496 2600
496 2610
423 2343
423 2165
423 2089
430 2320
430 2261
430 2182
439 2334
439 2199
439 2149
380 2018
380 2069
380 1927
417 2225
417 2152
417 2078
398 2149
398 2205
398 2084
464 2551
464 2611
464 2437
483 2412
483 2355
483 2516
407 2060
407 2178
407 1942
445 2306
445 2358
445 2207
385 2075
385 2022
385 1959
462 2286
462 2519
462 2368
446 2286
446 2357
446 2337
376 1943
376 2096
376 1888
447 2333
447 2321
447 2358
382 2112
382 2043
382 1849
449 2268
449 2348
449 2207
440 2202
440 2486
440 2200
424 2177
424 2259
424 2169
497 2607
497 2386
497 2526
376 1901
376 2210
376 2137
445 2419
445 2258
445 2327
469 2719
469 2349
469 2502
354 1807
354 1737
354 1929
460 2460
460 2317
460 2419
430 2253
430 2372
430 2295
442 2334
442 2345
442 2218
506 2603
506 2448
506 2670
337 1738
337 1806
337 1638
354 1953
354 1761
354 1791
284 1462
284 1466
284 1427
332 1770
332 1749
332 1653
339 1699
339 1840
339 1904
283 1541
283 1373
283 1456
451 2294
451 2327
451 2297
399 1945
399 2045
399 1933
445 2344
445 2175
445 2437
454 2540
454 2328
454 2451
391 2116
391 2190
391 2145
451 2549
451 2400
451 2390
425 2288
425 2000
425 2318
473 2725
473 2510
473 2594
408 1995
408 2134
408 2226
372 1948
372 1718
372 1970
424 2046
424 2138
424 2325
399 2052
399 2315
399 2009
475 2454
475 2517
475 2580
469 2456
469 2428
469 2462
385 1940
385 2107
385 2115
128 764
128 678
128 683
520 2716
520 2818
520 2725
457 2318
457 2344
457 2261
361 1815
361 1891
361 1820
458 2408
458 2430
458 2456
466 2461
466 2515
466 2316
412 2019
412 2280
412 2187
171 826
171 901
171 926
427 2311
427 2274
427 2171
361 1835
361 1950
361 1823
394 2213
394 1979
394 1955
423 2075
423 2256
423 2323
362 1738
362 1892
362 1808
426 2158
426 2265
426 2211
376 2097
376 1918
376 2037
407 2187
407 2050
407 2112
409 2324
409 2095
409 2011
345 1981
345 1771
345 1830
420 2212
420 2241
420 2272
376 1949
376 2144
376 1880
428 2139
428 2321
428 2249
410 2206
410 2085
410 2226
371 1954
371 1978
371 1759
474 2341
474 2444
474 2339
430 2191
430 2298
430 2355
497 2549
497 2617
497 2684
511 2799
511 2575
511 2573
435 2217
435 2133
435 2090
497 2833
497 2518
497 2448
447 2253
447 2440
447 2348
463 2433
463 2564
463 2374
513 2706
513 2675
513 2669
412 2130
412 2139
412 2163
506 2645
506 2765
506 2726
430 2218
430 2030
430 2197
502 2777
502 2621
502 2665
439 2170
439 2410
439 2277
438 2225
438 2109
438 2327
240 1303
240 1238
240 1302
189 1111
189 952
189 1001
231 1179
231 1383
231 1172
210 1067
210 1082
210 1070
175 949
175 797
175 875
512 2531
512 2839
512 2776
436 2298
436 2210
436 2351
483 2556
483 2623
483 2474
498 2377
498 2557
498 2767
447 2335
447 2370
447 2276
516 2801
516 2639
516 2746
428 2293
428 2383
428 2253
486 2518
486 2593
486 2593
484 2674
484 2486
484 2516
476 2405
476 2501
476 2422
472 2443
472 2411
472 2339
438 2233
438 2418
438 2218
461 2298
461 2483
461 2456
522 2701
522 2841
522 2803
466 2685
466 2426
466 2361
457 2671
457 2523
457 2373
377 1957
377 2045
377 2077
488 2551
488 2313
488 2536
485 2423
485 2755
485 2500
381 1838
381 1945
381 1977
481 2559
481 2446
481 2484
408 2039
408 2275
408 2176
470 2584
470 2527
470 2400
459 2305
459 2360
459 2526
408 2122
408 2092
408 2106
523 2814
523 2731
523 2938
408 2058
408 1988
408 2046
545 2711
545 2703
545 3097
499 2748
499 2603
499 2896
437 2362
437 2139
437 2449
251 1415
251 1397
251 1410
215 1109
215 1153
215 1164
253 1281
253 1261
253 1376
260 1389
260 1408
260 1418
208 1045
208 1002
208 1150
410 2072
410 2165
410 2184
330 1671
330 1763
330 1793
364 1880
364 1890
364 2012
398 2055
398 2053
398 2260
345 1860
345 1727
345 1846
380 1966
380 2086
380 1932
364 2185
364 1910
364 1978
406 2184
406 2236
406 2092
379 1955
379 1951
379 2004
316 1614
316 1632
316 1757
384 2115
384 2046
384 1943
334 1690
334 1885
334 1666
395 2052
395 2035
395 2179
405 2258
405 2137
405 2036
351 1782
351 1877
351 1890
405 2154
405 2065
405 2000
338 1697
338 1825
338 1850
387 2095
387 2073
387 1876
419 2187
419 2239
419 2139
365 2070
365 2008
365 1855
398 1908
398 2174
398 2103
341 1827
341 1917
341 1767
436 2349
436 2257
436 2424
383 1913
383 1984
383 2047
369 1761
369 1847
369 1823
424 2385
424 2300
424 2204
349 1871
349 1805
349 1931
420 2225
420 2172
420 2231
399 2141
399 2067
399 2258
333 1791
333 1669
333 1721
290 1550
290 1501
290 1347
329 1733
329 1737
329 1823
265 1431
265 1419
265 1285
360 2030
360 1878
360 1839
354 1730
354 1881
354 1778
287 1505
287 1623
287 1434
383 1771
383 2004
383 1969
336 1691
336 1770
336 1921
382 1896
382 1884
382 2123
441 2226
441 2124
441 2215
370 1919
370 1903
370 1981
427 2218
427 2055
427 2136
334 1668
334 1824
334 1848
414 2220
414 2220
414 2290
398 2068
398 2010
398 2101
349 1922
349 1825
349 1831
395 1977
395 2077
395 2229
338 1942
338 1816
338 1806
419 2477
419 2125
419 2126
423 2307
423 2235
423 2510
335 1816
335 1849
335 1683
433 2337
433 2244
433 2286
338 1714
338 1851
338 1637
428 2358
428 2382
428 2143
372 2047
372 2047
372 1947
355 1793
355 1809
355 2009
400 2143
400 1913
400 1936
337 1935
337 1729
337 1837
400 2131
400 2151
400 2342
413 2143
413 2100
413 2134
376 1986
376 1832
376 2056
447 2451
447 2122
447 2413
347 1860
347 1895
347 1762
414 2152
414 2005
414 2388
384 2072
384 2061
384 2083
358 1907
358 1908
358 1875
397 1926
397 2046
397 2323
374 2012
374 2012
374 1928
428 2327
428 2175
428 2177
415 2106
415 2162
415 2257
341 1962
341 1656
341 1730
343 1819
343 1860
343 1882
326 1706
326 1671
326 1639
462 2484
462 2325
462 2459
404 2064
404 2149
404 2187
475 2520
475 2421
475 2539
486 2599
486 2575
486 2563
411 2088
411 2058
411 2122
473 2449
473 2494
473 2740
348 1918
348 1940
348 1752
493 2633
493 2499
493 2535
469 2491
469 2154
469 2493
415 2253
415 2132
415 2256
464 2541
464 2439
464 2483
394 1984
394 2155
394 2042
449 2512
449 2340
449 2429
468 2389
468 2408
468 2428
424 2247
424 2250
424 2116
464 2400
464 2480
464 2473
421 2205
421 2294
421 2228
455 2516
455 2346
455 2428
488 2651
488 2598
488 2641
368 2100
368 2000
368 1831
144 765
144 730
144 740
142 714
142 764
142 695
177 850
177 923
177 932
171 863
171 902
171 923
145 803
145 801
145 709
465 2557
465 2442
465 2390
379 2048
379 1986
379 1907
459 2445
459 2375
459 2299
458 2369
458 2528
458 2402
388 1832
388 2031
388 2057
421 2285
421 2025
421 2309
129 585
129 689
129 677
455 2558
455 2459
455 2471
422 2328
422 2253
422 2085
480 2572
480 2546
480 2612
467 2385
467 2434
467 2353
389 2190
389 2073
389 2210
430 2253
430 2177
430 2087
388 2204
388 2007
388 1969
497 2643
497 2656
497 2543
457 2444
457 2605
457 2480
420 2220
420 2187
420 2282
327 1783
327 1828
327 1748
269 1564
269 1489
269 1423
337 1710
337 1728
337 1711
330 1532
330 1670
330 1775
275 1568
275 1529
275 1462
483 2434
483 2502
483 2504
378 2075
378 2018
378 1995
471 2458
471 2531
471 2580
498 2577
498 2621
498 2683
396 1934
396 2004
396 2219
455 2325
455 2264
455 2338
408 2036
408 2285
408 2032
465 2507
465 2347
465 2383
475 2552
475 2508
475 2428
394 2170
394 2045
394 2209
215 1173
215 1063
215 1128
174 760
174 829
174 954
197 1089
197 1205
197 1106
203 1137
203 1059
203 1018
163 778
163 924
163 832
301 1571
301 1577
301 1579
500 2431
500 2717
500 2595
387 2092
387 1974
387 2032
521 2712
521 2801
521 2884
462 2390
462 2370
462 2481
426 2229
426 2300
426 2380
376 2043
376 1801
376 1958
355 1969
355 1880
355 1898
355 1824
355 1788
355 1825
381 2029
381 1972
381 1868
303 1607
303 1711
303 1432
215 1175
215 1131
215 1276
163 884
163 809
163 875
225 1130
225 1125
225 1088
225 1232
225 1105
225 1099
191 924
191 933
191 1016
321 1810
321 1584
321 1551
277 1522
277 1341
277 1426
291 1474
291 1514
291 1548
311 1574
311 1717
311 1562
267 1331
267 1299
267 1432
470 2494
470 2404
470 2698
394 2094
394 2110
394 1957
456 2302
456 2358
456 2317
470 2454
470 2406
470 2528
394 2069
394 1954
394 2011
464 2538
464 2454
464 2436
353 1937
353 1725
353 1910
450 2462
450 2487
450 2520
445 2222
445 2286
445 2371
408 2169
408 2087
408 2427
467 2448
467 2548
467 2611
379 2057
379 2180
379 1902
443 2437
443 2280
443 2356
452 2615
452 2386
452 2260
382 2092
382 1819
382 1961
441 2166
441 2390
441 2370
383 2055
383 1958
383 2265
455 2343
455 2360
455 2548
473 2606
473 2444
473 2326
378 2222
378 1993
378 2145
415 2219
415 2243
415 2154
365 1887
365 2002
365 1928
471 2458
471 2490
471 2496
443 2401
443 2560
443 2352
447 2357
447 2320
447 2443
421 2169
421 2063
421 2208
595 3244
595 3034
595 3127
508 2611
508 2585
508 2616
412 2104
412 2170
412 2203
462 2418
462 2500
462 2372
467 2528
467 2586
467 2417
366 2082
366 1947
366 1830
434 2116
434 2105
434 2276
359 1990
359 1822
359 1838
482 2604
482 2422
482 2495
483 2478
483 2604
483 2451
388 1841
388 1867
388 2103
462 2533
462 2378
462 2380
406 2325
406 2341
406 2106
480 2389
480 2477
480 2524
475 2596
475 2540
475 2516
377 2102
377 1909
377 2082
469 2600
469 2570
469 2407
428 2285
428 2187
428 2095
471 2369
471 2423
471 2324
450 2386
450 2306
450 2323
405 2176
405 2141
405 2150
463 2423
463 2452
463 2329
396 1989
396 2238
396 2051
510 2713
510 2836
510 2810
484 2521
484 2594
484 2568
409 2135
409 2064
409 2274
493 2554
493 2342
493 2507
404 2153
404 2123
404 1953
482 2593
482 2582
482 2446
478 2522
478 2715
478 2678
459 2326
459 2536
459 2689
166 895
166 986
166 759
501 2651
501 2620
501 2636
432 2387
432 2338
432 2324
497 2662
497 2633
497 2730
490 2578
490 2528
490 2786
445 2287
445 2194
445 2382
500 2601
500 2658
500 2438
415 2336
415 2015
415 2175
522 2817
522 3006
522 2784
494 2648
494 2585
494 2618
449 2500
449 2328
449 2268
572 3190
572 2972
572 2872
452 2286
452 2449
452 2414
487 2771
487 2593
487 2694
495 2618
495 2442
495 2730
448 2390
448 2045
448 2489
448 2367
448 2450
448 2271
345 1991
345 1858
345 1826
440 2172
440 2387
440 2274
403 2016
403 2028
403 2055
375 1885
375 1949
375 1956
476 2379
476 2433
476 2579
354 1862
354 1895
354 1692
475 2374
475 2758
475 2393
422 2162
422 2190
422 2275
382 1889
382 2109
382 1902
336 1825
336 1855
336 1746
295 1508
295 1628
295 1559
366 1925
366 2036
366 1800
369 1911
369 1753
369 1954
282 1571
282 1432
282 1562
479 2565
479 2677
479 2469
428 2328
428 2248
428 2258
474 2588
474 2593
474 2418
513 2774
513 2663
513 2633
385 2002
385 2104
385 2262
466 2415
466 2281
466 2452
436 2248
436 2239
436 2373
460 2361
460 2521
460 2475
526 2736
526 2928
526 2791
434 2223
434 2426
434 2254
486 2489
486 2709
486 2708
434 2327
434 2366
434 2307
486 2489
486 2653
486 2506
506 2669
506 2482
506 2539
398 2135
398 2219
398 2015
499 2518
499 2589
499 2623
429 2338
429 2215
429 2267
471 2452
471 2664
471 2369
467 2374
467 2471
467 2444
437 2118
437 2326
437 2136
473 2609
473 2328
473 2426
467 2442
467 2478
467 2375
448 2294
448 2293
448 2362
519 2560
519 2676
519 2920
504 2800
504 2638
504 2599
421 2143
421 2068
421 2160
478 2346
478 2416
478 2821
440 2331
440 2433
440 2149
524 2929
524 2834
524 2739
483 2652
483 2445
483 2396
448 2613
448 2377
448 2270
515 2654
515 2634
515 2794
469 2608
469 2565
469 2483
523 2448
523 2721
523 2760
486 2548
486 2634
486 2484
407 2303
407 2124
407 2067
522 2859
522 2595
522 2657
445 2344
445 2332
445 2270
525 2865
525 2853
525 2801
506 2635
506 2544
506 2700
451 2520
451 2354
451 2422
575 2908
575 2896
575 2934
459 2435
459 2450
459 2418
546 2922
546 2807
546 2935
505 2785
505 2791
505 2761
463 2434
463 2239
463 2427
285 1527
285 1441
285 1406
270 1481
270 1449
270 1513
277 1348
277 1375
277 1433
277 1465
277 1566
277 1521
236 1182
236 1112
236 1365
588 3058
588 3145
588 3299
529 2853
529 2672
529 2865
558 3019
558 2933
558 2985
613 3067
613 3204
613 3210
484 2562
484 2621
484 2392
618 3402
618 3203
618 3245
545 2988
545 2931
545 3008
603 3054
603 3043
603 3021
591 3231
591 3250
591 3051
499 2484
499 2541
499 2594
626 3129
626 3339
626 3136
524 2628
524 2746
524 2468
640 3414
640 3340
640 3363
604 3272
604 3359
604 3052
554 2828
554 2951
554 2987
630 3393
630 3404
630 3368
562 3074
562 2783
562 3071
651 3352
651 3504
651 3555
640 3231
640 3297
640 3245
553 2982
553 2856
553 3008
666 3361
666 3595
666 3672
616 3114
616 3222
616 3227
630 3381
630 3207
630 3365
669 3385
669 3268
669 3345
588 3051
588 3021
588 3274
685 3933
685 3733
685 3657
603 3173
603 3208
603 3133
681 3611
681 3594
681 3588
685 3763
685 3291
685 3767
650 3493
650 3374
650 3648
197 1086
197 1164
197 1045
161 812
161 808
161 840
195 1126
195 1056
195 968
189 1056
189 1079
189 937
152 794
152 790
152 782
491 2756
491 2454
491 2675
420 2307
420 2160
420 2294
467 2446
467 2502
467 2439
482 2644
482 2609
482 2611
383 2025
383 2046
383 1995
499 2568
499 2467
499 2674
386 2003
386 2031
386 2133
517 2475
517 2788
517 2960
484 2387
484 2568
484 2535
382 2085
382 1972
382 1924
445 2276
445 2396
445 2361
424 2284
424 2164
424 2187
476 2521
476 2424
476 2411
514 2694
514 2926
514 2741
402 2165
402 1979
402 2156
369 1990
369 1925
369 1958
304 1414
304 1533
304 1675
350 2027
350 2019
350 1910
350 1823
350 1848
350 1836
311 1631
311 1627
311 1614
377 1922
377 2117
377 1940
325 1746
325 1790
325 1766
368 2121
368 1834
368 1980
375 1981
375 1899
375 2062
312 1542
312 1563
312 1611
497 2711
497 2500
497 2558
427 2255
427 2301
427 2396
479 2634
479 2534
479 2514
491 2444
491 2566
491 2500
416 2076
416 2154
416 2091
467 2425
467 2381
467 2561
389 2023
389 2022
389 1933
504 2692
504 2573
504 2659
494 2611
494 2429
494 2794
440 2362
440 2172
440 2307
492 2516
492 2631
492 2712
411 2324
411 2083
411 2082
482 2498
482 2619
482 2477
473 2346
473 2692
473 2535
455 2492
455 2199
455 2453
483 2515
483 2609
483 2467
453 2357
453 2332
453 2299
492 2635
492 2486
492 2654
503 2459
503 2731
503 2608
399 2085
399 2060
399 2095
519 2715
519 2711
519 2947
457 2189
457 2608
457 2309
603 3017
603 3225
603 3210
530 2933
530 2831
530 2666
474 2471
474 2598
474 2515
509 2489
509 2883
509 2915
412 2052
412 2017
412 2166
483 2385
483 2696
483 2619
535 2733
535 2905
535 2753
375 1958
375 1834
375 1928
498 2735
498 2722
498 2432
412 2187
412 2097
412 2237
492 2586
492 2544
492 2616
489 2624
489 2524
489 2677
417 2250
417 2426
417 2232
502 2539
502 2658
502 2545
427 2393
427 2136
427 2267
478 2391
478 2442
478 2554
494 2513
494 2550
494 2646
432 2299
432 2174
432 2272
248 1279
248 1344
248 1281
191 913
191 1091
191 951
235 1242
235 1371
235 1204
255 1311
255 1303
255 1306
217 1117
217 1147
217 1269
490 2489
490 2544
490 2595
429 2104
429 2358
429 2381
478 2363
478 2606
478 2671
494 2555
494 2744
494 2591
447 2393
447 2488
447 2463
548 2770
548 2975
548 2872
410 2247
410 2351
410 2122
491 2581
491 2604
491 2272
469 2562
469 2405
469 2343
393 2020
393 1983
393 1985
225 1177
225 1105
225 1166
217 1192
217 1133
217 1287
221 1093
221 1175
221 1098
242 1389
242 1255
242 1214
200 1161
200 1087
200 959
524 2804
524 2692
524 2793
469 2425
469 2526
469 2592
540 2850
540 2780
540 2815
494 2693
494 2587
494 2590
470 2432
470 2411
470 2512
585 3299
585 3259
585 3102
448 2394
448 2288
448 2051
515 2611
515 2713
515 2923
521 2754
521 2697
521 2648
450 2363
450 2334
450 2462
528 2906
528 2675
528 2849
478 2509
478 2398
478 2450
504 2852
504 2649
504 2623
526 2706
526 2640
526 2932
492 2697
492 2617
492 2488
517 2776
517 2902
517 2803
478 2690
478 2583
478 2561
522 2746
522 2685
522 2767
541 2923
541 2854
541 2799
460 2396
460 2409
460 2315
527 2528
527 2675
527 2777
427 2205
427 2385
427 2226
499 2525
499 2743
499 2500
547 3028
547 2794
547 2835
467 2337
467 2315
467 2468
514 2792
514 2859
514 2668
481 2443
481 2582
481 2266
517 2676
517 2608
517 2667
508 2753
508 2764
508 2682
473 2366
473 2521
473 2450
578 3039
578 2864
578 3073
420 2247
420 2246
420 2164
536 2897
536 2735
536 2792
516 2661
516 2774
516 2616
455 2470
455 2279
455 2337
80 389
80 383
80 474
526 2698
526 2769
526 2673
451 2434
451 2112
451 2349
560 2976
560 2937
560 2900
535 2671
535 2858
535 2795
470 2468
470 2534
470 2417
261 1345
261 1472
261 1327
232 1162
232 1120
232 1177
247 1293
247 1206
247 1319
255 1370
255 1459
255 1182
225 1201
225 1179
225 1181
419 2167
419 2296
419 2241
333 1694
333 1560
333 1580
435 2337
435 2293
435 2357
468 2297
468 2527
468 2399
304 1701
304 1591
304 1594
455 2391
455 2414
455 2411
352 1769
352 1830
352 1887
441 2157
441 2317
441 2316
415 2182
415 2062
415 2171
367 1953
367 1873
367 1966
418 2123
418 2114
418 2255
355 1920
355 1830
355 1883
446 2354
446 2252
446 2129
471 2561
471 2607
471 2350
363 1739
363 1948
363 1999
341 1754
341 1901
341 1701
289 1657
289 1360
289 1462
375 2053
375 1971
375 1912
333 1758
333 1829
333 1725
292 1538
292 1645
292 1498
467 2469
467 2499
467 2401
355 1955
355 1905
355 1849
451 2515
451 2384
451 2386
442 2408
442 2216
442 2327
401 2068
401 2086
401 2092
477 2576
477 2644
477 2561
365 1819
365 1853
365 2049
451 2268
451 2406
451 2490
465 2456
465 2454
465 2448
412 2224
412 2037
412 2185
470 2509
470 2428
470 2541
429 2202
429 2176
429 2165
454 2270
454 2349
454 2325
466 2490
466 2442
466 2529
408 2243
408 2099
408 2002
473 2436
473 2576
473 2638
420 2236
420 2285
420 2322
476 2428
476 2453
476 2669
482 2526
482 2351
482 2546
390 2164
390 2025
390 2103
494 2469
494 2657
494 2638
422 2323
422 2224
422 2239
488 2570
488 2721
488 2585
467 2650
467 2600
467 2379
436 2335
436 2267
436 2301
485 2497
485 2639
485 2578
426 2290
426 2192
426 2449
509 2593
509 2737
509 2475
463 2412
463 2453
463 2383
411 2122
411 2320
411 1985
217 1030
217 1188
217 1060
204 1048
204 1070
204 1231
237 1267
237 1233
237 1180
281 1348
281 1706
281 1408
198 1027
198 1042
198 1098
491 2668
491 2347
491 2622
406 1976
406 2157
406 2229
504 2533
504 2658
504 2857
490 2662
490 2677
490 2468
418 2114
418 2324
418 2168
490 2596
490 2768
490 2650
425 2231
425 2473
425 2133
519 2690
519 2616
519 2638
456 2227
456 2358
456 2393
414 2203
414 2114
414 2168
471 2489
471 2383
471 2519
388 2001
388 1987
388 2053
506 2710
506 2593
506 2673
502 2682
502 2692
502 2765
436 2345
436 2311
436 2087
142 737
142 739
142 682
503 2657
503 2683
503 2568
456 2449
456 2236
456 2280
486 2435
486 2672
486 2644
495 2627
495 2725
495 2473
407 2069
407 1912
407 2056
476 2588
476 2394
476 2707
431 2485
431 2271
431 2286
496 2660
496 2518
496 2488
504 2471
504 2571
504 2616
470 2414
470 2518
470 2510
500 2690
500 2785
500 2460
457 2127
457 2151
457 2431
490 2660
490 2634
490 2711
481 2581
481 2379
481 2503
437 2349
437 2211
437 2295
332 1790
332 1765
332 1815
509 2697
509 2673
509 2752
428 2251
428 2216
428 2099
499 2763
499 2690
499 2704
530 2763
530 2734
530 2791
404 1946
404 2238
404 2064
488 2388
488 2575
488 2453
420 2180
420 2066
420 2055
479 2486
479 2405
479 2653
532 2799
532 3031
532 2887
457 2516
457 2150
457 2315
155 784
155 968
155 799
171 982
171 1039
171 828
185 982
185 880
185 956
205 1140
205 1021
205 956
170 887
170 800
170 798
435 2412
435 2150
435 2306
419 2118
419 2233
419 2130
452 2352
452 2433
452 2453
490 2585
490 2488
490 2426
432 2345
432 2212
432 2288
656 3435
656 3281
656 3424
569 3097
569 2952
569 2693
613 3227
613 3399
613 3052
682 3523
682 3427
682 3619
572 3081
572 2865
572 2827
668 3615
668 3300
668 3547
576 2996
576 3052
576 3179
685 3717
685 3473
685 3612
690 3640
690 3703
690 3726
588 3031
588 3120
588 3040
507 2784
507 2706
507 2655
449 2352
449 2509
449 2330
496 2544
496 2466
496 2630
507 2620
507 2757
507 2849
444 2520
444 2296
444 2378
334 1702
334 1673
334 1714
333 1619
333 1674
333 1858
386 1986
386 2239
386 2022
368 2092
368 1877
368 1867
340 1750
340 1821
340 1698
663 3443
663 3566
663 3289
611 3029
611 3328
611 3131
644 3296
644 3432
644 3235
712 3868
712 3897
712 3674
550 2908
550 3041
550 2991
669 3542
669 3442
669 3531
583 3020
583 2985
583 2978
688 3460
688 3904
688 3736
633 3174
633 3228
633 3351
623 3354
623 3468
623 3104
358 2090
358 1877
358 1919
653 3539
653 3359
653 3552
569 2950
569 3047
569 2998
700 3633
700 3666
700 3808
686 3630
686 3500
686 3436
606 3334
606 3352
606 3191
608 3413
608 3145
608 3129
529 2732
529 2732
529 2795
630 3149
630 3333
630 3380
622 3414
622 3246
622 3201
559 3167
559 3043
559 2931
344 1717
344 1722
344 1716
291 1577
291 1372
291 1454
306 1793
306 1503
306 1681
325 1728
325 1798
325 1631
309 1667
309 1747
309 1771
668 3486
668 3640
668 3285
578 2926
578 3060
578 3029
691 3770
691 3757
691 3389
679 3775
679 3800
679 3520
585 3164
585 3065
585 2988
646 3276
646 3268
646 3437
606 3183
606 3186
606 3238
670 3780
670 3310
670 3457
683 3759
683 3404
683 3571
577 3073
577 3117
577 3199
292 1475
292 1509
292 1457
251 1399
251 1215
251 1151
308 1576
308 1736
308 1662
308 1704
308 1624
308 1725
256 1330
256 1422
256 1326
429 2318
429 2372
429 2178
412 2073
412 2229
412 2199
455 2305
455 2448
455 2339
468 2423
468 2380
468 2448
407 2283
407 2118
407 2073
464 2550
464 2354
464 2431
401 2167
401 2043
401 1982
465 2285
465 2366
465 2535
508 2595
508 2763
508 2801
413 2151
413 2200
413 2165
135 677
135 704
135 727
489 2503
489 2643
489 2458
431 2453
431 2223
431 2428
511 2541
511 2816
511 2626
540 2751
540 2847
540 2770
429 2366
429 2223
429 2187
404 2269
404 2213
404 2162
359 1836
359 1807
359 1955
406 2093
406 2004
406 2066
420 2221
420 2161
420 2252
353 1892
353 1757
353 1882
486 2503
486 2638
486 2618
465 2325
465 2238
465 2358
500 2378
500 2423
500 2461
484 2377
484 2484
484 2591
458 2487
458 2364
458 2237
414 2153
414 2252
414 2102
356 1752
356 1946
356 1889
399 2045
399 1969
399 2103
446 2335
446 2495
446 2217
319 1577
319 1655
319 1704
100 504
100 461
100 554
526 2614
526 2808
526 2843
446 2485
446 2455
446 2336
492 2497
492 2616
492 2583
509 2754
509 2728
509 2513
437 2432
437 2454
437 2214
499 2737
499 2619
499 2765
445 2507
445 2317
445 2396
489 2792
489 2479
489 2472
477 2618
477 2675
477 2332
444 2358
444 2364
444 2255
506 2600
506 2727
506 2701
426 2408
426 2217
426 2274
486 2493
486 2481
486 2567
498 2579
498 2614
498 2639
453 2432
453 2128
453 2333
283 1410
283 1572
283 1395
259 1313
259 1320
259 1289
318 1657
318 1823
318 1674
309 1644
309 1567
309 1511
288 1649
288 1619
288 1392
702 3765
702 3543
702 4003
585 3189
585 3073
585 3107
705 3750
705 3698
705 3893
686 3534
686 3539
686 3391
589 2910
589 3000
589 3077
681 3599
681 3505
681 3504
608 3303
608 3324
608 3117
705 3490
705 3760
705 3782
691 3602
691 3729
691 3673
597 3463
597 2886
597 2992
569 3117
569 2826
569 3026
510 2763
510 2534
510 3032
583 2939
583 3124
583 3119
555 2946
555 2908
555 3142
498 2512
498 2695
498 2652
701 3700
701 3578
701 3661
634 3216
634 3267
634 3510
753 3810
753 3866
753 4081
713 3803
713 3652
713 3621
699 3706
699 3540
699 3674
678 3587
678 3518
678 3614
543 3036
543 2944
543 2878
662 3551
662 3424
662 3559
696 3630
696 3670
696 3694
618 3449
618 3219
618 3369
536 2870
536 2690
536 2853
433 2363
433 2276
433 2212
491 2669
491 2513
491 2533
536 2887
536 2858
536 2804
423 2284
423 2099
423 2255
279 1326
279 1303
279 1431
193 1069
193 885
193 1027
247 1379
247 1329
247 1215
240 1304
240 1271
240 1335
190 956
190 987
190 1075
503 2547
503 2561
503 2756
444 2352
444 2388
444 2421
532 3029
532 2801
532 2974
509 2595
509 2675
509 2656
434 2200
434 2395
434 2214
535 2661
535 2739
535 2644
444 2417
444 2266
444 2363
528 2818
528 2722
528 2747
532 2714
532 2702
532 2765
416 2153
416 2131
416 2164
509 2561
509 2686
509 2435
444 2285
444 2401
444 2155
528 2657
528 2695
528 2944
495 2414
495 2477
495 2597
452 2270
452 2354
452 2322
499 2638
499 2699
499 2539
435 2045
435 2410
435 2264
501 2704
501 2599
501 2667
550 2774
550 2840
550 2980
451 2371
451 2259
451 2372
507 2695
507 2623
507 2503
394 2155
394 1937
394 2080
520 2741
520 2786
520 2567
484 2545
484 2465
484 2534
509 2619
509 2593
509 2521
474 2402
474 2319
474 2574
538 2725
538 2810
538 2545
557 3010
557 2795
557 2808
477 2550
477 2454
477 2652
573 2866
573 2971
573 2967
528 2817
528 2747
528 2809
562 3096
562 2895
562 2930
548 2930
548 3082
548 3017
526 2645
526 2814
526 2644
441 2247
441 2150
441 2323
520 2967
520 2626
520 2732
480 2484
480 2581
480 2502
570 2936
570 2839
570 3164
462 2623
462 2462
462 2667
548 2810
548 2856
548 3187
522 2697
522 2792
522 2647
493 2510
493 2904
493 2519
612 3124
612 3270
612 3085
528 2703
528 2678
528 2988
631 3362
631 3190
631 3448
563 3075
563 3066
563 2984
631 3207
631 3295
631 3286
544 2992
544 2867
544 2883
634 3211
634 3340
634 3308
538 2823
538 2917
538 2756
233 1321
233 1317
233 1256
137 621
137 669
137 765
130 646
130 690
130 760
862 4254
862 4745
862 4489
1068 5476
1068 5640
1068 5740
924 4733
924 4863
924 4710
149 796
149 779
149 926
214 1090
214 1089
214 1090
169 900
169 796
169 875
481 2731
481 2472
481 2383
642 3422
642 3297
642 3427
518 2710
518 2776
518 2752
951 4834
951 4819
951 5367
1174 6234
1174 6682
1174 6250
949 4697
949 5275
949 4826
607 3249
607 3293
607 3286
480 2479
480 2532
480 2276
611 3292
611 3042
611 3291
597 3035
597 3082
597 3228
522 2853
522 2696
522 2595
463 2368
463 2409
463 2508
438 2212
438 2329
438 2329
458 2396
458 2608
458 2418
499 2687
499 2565
499 2494
397 2148
397 2016
397 2179
524 2659
524 2698
524 2600
392 2206
392 1991
392 2006
465 2443
465 2294
465 2488
453 2308
453 2591
453 2556
421 2343
421 2308
421 2254
505 2800
505 2695
505 2666
396 2109
396 2023
396 2071
490 2625
490 2591
490 2593
485 2570
485 2407
485 2568
411 2280
411 2009
411 2147
302 1570
302 1642
302 1615
521 2686
521 2731
521 2818
404 2109
404 2123
404 2231
469 2503
469 2582
469 2558
476 2343
476 2405
476 2405
425 2238
425 2274
425 2207
519 2710
519 2745
519 2741
407 2103
407 2119
407 2220
473 2385
473 2413
473 2396
477 2361
477 2577
477 2418
434 2542
434 2317
434 2286
456 2524
456 2384
456 2552
448 2376
448 2142
448 2361
513 2768
513 2786
513 2723
496 2771
496 2603
496 2620
425 2310
425 2188
425 2384
466 2548
466 2493
466 2428
438 2491
438 2117
438 2259
504 2640
504 2743
504 2667
490 2529
490 2478
490 2435
432 2287
432 2370
432 2406
418 2067
418 2404
418 1966
421 2420
421 2168
421 2161
493 2590
493 2653
493 2537
515 2787
515 3001
515 2568
450 2344
450 2258
450 2435
58 366
58 304
58 305
653 3413
653 3444
653 3541
574 3223
574 3196
574 3112
665 3364
665 3438
665 3387
646 3300
646 3508
646 3442
562 3006
562 2947
562 2966
640 3473
640 3391
640 3398
559 2952
559 2917
559 2886
671 3606
671 3459
671 3347
682 3629
682 3548
682 3647
525 2797
525 2755
525 2884
743 4086
743 3850
743 3944
695 3726
695 3728
695 3655
823 4256
823 4274
823 4505
789 4124
789 4050
789 4127
717 3641
717 3734
717 3574
640 3316
640 3600
640 3374
538 2788
538 2702
538 2849
687 3569
687 3871
687 3418
645 3623
645 3344
645 3298
568 3016
568 3005
568 3079
640 3323
640 3300
640 3606
545 2788
545 2827
545 3117
627 3380
627 3335
627 3311
660 3233
660 3227
660 3421
500 2683
500 2495
500 2538
726 3798
726 3716
726 3822
585 3168
585 2995
585 3170
713 3690
713 3755
713 3409
669 3653
669 3473
669 3384
618 3351
618 3407
618 3230
150 798
150 738
150 734
138 681
138 750
138 705
157 745
157 843
157 735
130 646
130 737
130 641
125 737
125 631
125 687
317 1660
317 1672
317 1649
304 1581
304 1682
304 1637
369 1902
369 1948
369 1926
378 1986
378 2011
378 1964
311 1770
311 1824
311 1706
353 1894
353 1836
353 1884
301 1649
301 1716
301 1420
330 1832
330 1768
330 1828
381 1978
381 1910
381 2050
315 1730
315 1762
315 1547
694 3628
694 3550
694 3759
565 2936
565 2910
565 2765
655 3396
655 3165
655 3418
696 3598
696 3574
696 3633
575 3053
575 3072
575 3085
202 1106
202 991
202 953
155 776
155 786
155 832
194 1115
194 942
194 997
212 1115
212 1048
212 934
160 923
160 824
160 857
123 658
123 688
123 662
359 1899
359 1810
359 1902
384 2080
384 1970
384 2063
421 2197
421 2250
421 2149
428 2292
428 2137
428 2119
379 1921
379 1992
379 1928
689 3474
689 3586
689 3478
621 3159
621 3259
621 3417
676 3472
676 3546
676 3691
667 3643
667 3558
667 3449
597 2958
597 3071
597 3336
565 2927
565 3098
565 2808
484 2592
484 2496
484 2571
564 3059
564 2948
564 2975
555 3011
555 2876
555 2809
468 2416
468 2548
468 2325
791 4343
791 4140
791 4318
670 3655
670 3755
670 3408
746 3903
746 3966
746 3801
757 3546
757 4069
757 3902
662 3260
662 3517
662 3528
540 2829
540 2988
540 2640
490 2633
490 2656
490 2642
554 2864
554 2985
554 2917
563 2778
563 2918
563 3055
464 2540
464 2567
464 2257
809 4418
809 3987
809 4470
767 3843
767 3919
767 3963
837 4294
837 4593
837 4381
860 4824
860 4722
860 4453
755 4033
755 3991
755 4073
513 2687
513 2666
513 2736
436 2235
436 2341
436 2500
504 2692
504 2588
504 2802
518 2762
518 2843
518 2791
428 2308
428 2361
428 2124
447 2423
447 2386
447 2387
461 2388
461 2307
461 2517
515 2569
515 2547
515 2672
517 2604
517 2588
517 2833
453 2405
453 2399
453 2386
210 1059
210 1095
210 1153
157 772
157 775
157 840
204 1036
204 1198
204 1095
212 1195
212 1137
212 1106
164 880
164 916
164 896
366 1695
366 1984
366 1990
237 1385
237 1229
237 1288
210 1128
210 1121
210 1027
244 1289
244 1301
244 1204
220 1257
220 1225
220 1185
217 1201
217 1134
217 1181
517 2719
517 2716
517 2679
470 2549
470 2415
470 2511
472 2479
472 2285
472 2396
523 2649
523 2636
523 2726
437 2365
437 2372
437 2214
471 2654
471 2303
471 2346
433 2370
433 2320
433 2138
510 2611
510 2566
510 2697
477 2571
477 2626
477 2532
465 2531
465 2456
465 2437
488 2535
488 2542
488 2585
418 2288
418 2172
418 2463
530 2809
530 2651
530 2780
519 2596
519 2681
519 2657
431 2306
431 2210
431 2232
465 2441
465 2508
465 2506
408 2155
408 2022
408 2202
446 2211
446 2347
446 2297
458 2524
458 2355
458 2287
407 2030
407 2096
407 2146
486 2535
486 2411
486 2491
435 2415
435 2522
435 2323
500 2687
500 2723
500 2721
524 2704
524 2855
524 2582
404 2302
404 1991
404 2240
752 4053
752 4079
752 3744
645 3520
645 3361
645 3427
819 4269
819 4181
819 4399
775 3948
775 4036
775 3901
631 3184
631 3211
631 3260
669 3588
669 3467
669 3416
635 3219
635 3250
635 3276
654 3336
654 3363
654 3376
680 3488
680 3598
680 3608
550 2872
550 2904
550 2871
420 2304
420 2199
420 2175
398 2036
398 2255
398 2019
462 2363
462 2366
462 2370
463 2645
463 2592
463 2266
372 1983
372 1923
372 1978
506 2500
506 2557
506 2683
448 2381
448 2518
448 2241
496 2706
496 2498
496 2557
511 2869
511 2637
511 2777
473 2444
473 2536
473 2554
798 4573
798 4074
798 4315
727 3922
727 4000
727 3703
802 4266
802 4090
802 4104
767 4067
767 3896
767 3858
674 3418
674 3638
674 3546
24 141
24 106
24 74
718 4052
718 3687
718 3804
635 3140
635 3394
635 3122
689 3500
689 3423
689 3697
738 3724
738 3800
738 3774
621 3296
621 3365
621 3372
461 2461
461 2266
461 2400
422 2211
422 2166
422 2147
487 2551
487 2717
487 2452
425 2161
425 2196
425 2121
410 2173
410 2187
410 2332
271 1404
271 1374
271 1435
804 4291
804 4181
804 4218
705 3744
705 3788
705 3837
861 4703
861 4444
861 4515
809 4382
809 4265
809 4244
757 3784
757 3944
757 3923
579 2938
579 3161
579 3059
512 2638
512 2660
512 2565
606 3016
606 3148
606 3180
601 3134
601 3258
601 3223
550 3052
550 2902
550 2797
610 3243
610 3162
610 3202
550 2891
550 3130
550 2975
599 3284
599 3113
599 3456
563 3042
563 2909
563 3030
480 2399
480 2800
480 2486
464 2300
464 2473
464 2432
130 681
130 728
130 630
303 1683
303 1602
303 1522
290 1366
290 1607
290 1471
331 1785
331 1789
331 1703
358 1788
358 1878
358 1828
269 1304
269 1364
269 1481
701 3717
701 3591
701 3549
699 3555
699 3461
699 3645
829 4347
829 4588
829 4331
821 4247
821 4465
821 4423
654 3443
654 3534
654 3291
936 4969
936 4839
936 4834
796 4281
796 4366
796 4083
928 4952
928 4851
928 4855
904 4762
904 4485
904 4494
775 3945
775 4065
775 4150
570 3061
570 2863
570 3115
526 2822
526 2857
526 2624
583 3027
583 3022
583 3232
603 3134
603 3095
603 3304
534 2888
534 2965
534 2822
441 2193
441 2432
441 2289
400 2087
400 2126
400 2101
409 2198
409 2115
409 2135
461 2275
461 2540
461 2390
359 1900
359 1826
359 1868
819 4276
819 4333
819 4628
665 3484
665 3338
665 3500
746 3948
746 4185
746 3872
796 4186
796 4267
796 4064
666 3495
666 3655
666 3394
752 3833
752 4210
752 4173
581 2976
581 3092
581 2907
729 3936
729 4016
729 3943
726 3840
726 4003
726 3681
620 3167
620 3369
620 3347
959 5145
959 4979
959 4928
755 3983
755 4112
755 3934
942 5130
942 5133
942 4940
890 4606
890 4741
890 4434
842 4286
842 4425
842 4293
565 2959
565 3017
565 2965
466 2476
466 2377
466 2501
567 2952
567 3023
567 3032
550 2989
550 2920
550 3002
494 2689
494 2545
494 2790
517 2937
517 2773
517 2849
452 2312
452 2189
452 2320
538 2781
538 2697
538 3046
541 2878
541 2809
541 2826
486 2673
486 2484
486 2685
533 2839
533 2874
533 2753
448 2289
448 2479
448 2442
534 2806
534 2723
534 2773
493 2556
493 2581
493 2568
459 2305
459 2371
459 2295
530 2807
530 2854
530 2811
437 2405
437 2460
437 2226
516 2634
516 2688
516 2688
518 2793
518 2834
518 2801
449 2367
449 2295
449 2459
509 2459
509 2718
509 2741
453 2381
453 2510
453 2408
530 2679
530 2588
530 2784
502 2658
502 2554
502 2795
459 2420
459 2439
459 2486
273 1344
273 1382
273 1550
514 2872
514 2693
514 2607
431 2320
431 2256
431 2167
507 2499
507 2682
507 2631
532 2671
532 2738
532 2812
441 2222
441 2449
441 2424
472 2521
472 2285
472 2410
436 2320
436 2327
436 2321
542 2807
542 2843
542 2791
511 2536
511 2551
511 2436
457 2420
457 2516
457 2650
530 2832
530 2797
530 2621
426 2316
426 2227
426 2280
508 2568
508 2794
508 2644
506 2575
506 2593
506 2778
502 2603
502 2552
502 2764
536 2766
536 3106
536 2902
477 2550
477 2347
477 2407
469 2455
469 2522
469 2658
543 2720
543 2901
543 2959
412 2344
412 2102
412 2151
473 2332
473 2483
473 2647
444 2342
444 2455
444 2228
539 2845
539 2708
539 2916
567 3095
567 3097
567 3080
415 2200
415 2111
415 2240
661 3454
661 3673
661 3602
550 2889
550 2702
550 2799
642 3273
642 3319
642 3390
616 3386
616 2944
616 3139
556 3045
556 2956
556 2893
593 3251
593 3042
593 3155
549 2849
549 2939
549 2835
614 3255
614 3033
614 3164
646 3452
646 3426
646 3443
514 2724
514 2649
514 2658
613 3231
613 2933
613 3210
533 2816
533 2778
533 2867
613 3351
613 3306
613 3210
624 3282
624 3413
624 3340
501 2681
501 2738
501 2602
334 1708
334 1766
334 1731
305 1677
305 1553
305 1579
342 1867
342 1814
342 1847
361 2132
361 1842
361 1898
331 1803
331 1882
331 1568
847 4236
847 4535
847 4244
767 3762
767 3917
767 4086
819 4211
819 4318
819 4485
830 4313
830 4208
830 4330
682 3728
682 3688
682 3606
524 2808
524 2812
524 2912
463 2421
463 2438
463 2337
574 2970
574 3026
574 2996
524 2640
524 2836
524 2756
440 2366
440 2182
440 2218
712 3804
712 3654
712 3704
608 3170
608 3056
608 3080
720 3621
720 3938
720 3806
630 3563
630 3394
630 3473
608 3001
608 3141
608 3258
732 4068
732 3799
732 3503
582 2897
582 2746
582 2902
705 3970
705 3826
705 3668
686 3760
686 3600
686 3607
603 3141
603 2980
603 3173
693 3727
693 3811
693 3488
611 3370
611 3368
611 3115
718 3904
718 3823
718 3896
754 3969
754 4032
754 3981
575 3083
575 3037
575 2898
535 2541
535 2864
535 2848
484 2605
484 2553
484 2385
512 2610
512 2524
512 2718
512 2737
512 2676
512 2678
458 2302
458 2397
458 2355
656 3365
656 3564
656 3483
571 3114
571 2966
571 2906
674 3520
674 3417
674 3225
654 3488
654 3339
654 3491
556 2976
556 2939
556 2794
562 2920
562 3030
562 2852
505 2561
505 2619
505 2643
553 2659
553 2936
553 2865
534 2827
534 2820
534 2869
490 2499
490 2740
490 2373
689 3499
689 3547
689 3602
606 3288
606 3129
606 3148
743 3600
743 3975
743 3812
688 3728
688 3576
688 3573
630 3290
630 3386
630 3363
489 2461
489 2611
489 2507
438 2271
438 2395
438 2310
523 2889
523 2792
523 2578
509 2707
509 2690
509 2757
455 2449
455 2268
455 2424
600 3093
600 3304
600 3158
461 2370
461 2363
461 2294
505 2532
505 2763
505 2643
535 2758
535 2756
535 2745
462 2348
462 2353
462 2390
816 4366
816 4296
816 4444
723 3609
723 3938
723 3791
837 4338
837 4423
837 4395
801 4254
801 4112
801 4297
752 3962
752 3953
752 4013
491 2630
491 2474
491 2665
394 1960
394 1926
394 2058
479 2708
479 2627
479 2418
498 2595
498 2620
498 2507
393 2198
393 2218
393 2041
479 2504
479 2695
479 2551
398 2162
398 2122
398 1974
496 2481
496 2457
496 2722
454 2494
454 2395
454 2378
434 2353
434 2476
434 2235
461 2448
461 2502
461 2310
386 2086
386 2141
386 1994
459 2525
459 2319
459 2419
507 2774
507 2773
507 2649
438 2196
438 2390
438 2384
431 2260
431 2343
431 2132
415 2039
415 2104
415 2266
518 2632
518 2536
518 2809
456 2550
456 2420
456 2553
400 2146
400 2054
400 1952
467 2455
467 2526
467 2397
416 2007
416 2280
416 2172
506 2582
506 2476
506 2656
469 2610
469 2524
469 2339
406 1938
406 2169
406 2139
455 2397
455 2423
455 2396
430 2338
430 2333
430 2114
469 2382
469 2479
469 2668
512 2741
512 2622
512 2750
407 2193
407 2142
407 2046
508 2548
508 2638
508 2736
407 1988
407 2189
407 2057
491 2676
491 2540
491 2582
473 2258
473 2536
473 2461
427 2266
427 2270
427 2263
503 2620
503 2520
503 2824
395 2004
395 2081
395 2073
536 2639
536 2786
536 2994
470 2346
470 2353
470 2319
413 2065
413 2200
413 2142
499 2526
499 2705
499 2337
412 2134
412 2016
412 2264
464 2477
464 2503
464 2282
539 2755
539 2761
539 2923
417 2235
417 2039
417 2047
517 2742
517 2838
517 2700
435 2341
435 2247
435 2250
518 2617
518 2738
518 2757
485 2661
485 2471
485 2551
412 2101
412 2129
412 2194
485 2556
485 2565
485 2634
426 2494
426 2305
426 2238
503 2575
503 2394
503 2549
522 2709
522 2929
522 2666
446 2481
446 2503
446 2365
563 2877
563 3134
563 2852
431 2299
431 2351
431 2270
488 2658
488 2376
488 2538
487 2476
487 2773
487 2523
486 2603
486 2566
486 2531
538 2872
538 2919
538 2705
486 2519
486 2529
486 2701
594 3292
594 3171
594 3062
552 2926
552 2756
552 2831
446 2328
446 2263
446 2357
581 3040
581 2917
581 3331
489 2642
489 2635
489 2584
558 2999
558 2948
558 2958
623 3334
623 3435
623 3192
507 2618
507 2803
507 2686
161 795
161 859
161 783
189 943
189 990
189 957
169 999
169 940
169 861
235 1259
235 1266
235 1238
193 1027
193 1080
193 964
266 1442
266 1313
266 1343
221 1099
221 954
221 1198
304 1741
304 1569
304 1589
266 1538
266 1414
266 1362
198 1042
198 1066
198 928
306 1629
306 1707
306 1636
282 1342
282 1467
282 1413
333 1697
333 1706
333 1831
318 1714
318 1538
318 1701
250 1260
250 1501
250 1396
353 1876
353 1797
353 1779
321 1730
321 1711
321 1789
455 2391
455 2499
455 2305
378 2000
378 2041
378 1969
368 1926
368 2006
368 2023
964 4954
964 5309
964 5181
846 4756
846 4578
846 4504
1022 5326
1022 5468
1022 5592
973 5041
973 4939
973 5193
910 4763
910 5003
910 4881
1157 6176
1157 6347
1157 5792
978 5002
978 5224
978 5390
1138 5786
1138 5967
1138 5775
1183 6039
1183 6126
1183 6000
1022 5553
1022 5400
1022 5627
524 2702
524 2802
524 2940
453 2306
453 2332
453 2349
533 2786
533 2737
533 2666
541 2829
541 2746
541 2791
461 2591
461 2456
461 2342
616 3302
616 3374
616 3204
538 2920
538 2800
538 2782
661 3647
661 3389
661 3651
652 3491
652 3493
652 3468
555 2967
555 2751
555 2699
626 3167
626 3480
626 3335
530 2866
530 2785
530 2617
619 3126
619 3502
619 3245
577 3048
577 3094
577 2921
553 2930
553 2874
553 2970
573 2845
573 2898
573 3135
476 2389
476 2500
476 2540
579 3315
579 3017
579 3057
580 3064
580 2948
580 2991
497 2663
497 2421
497 2384
551 2768
551 3075
551 3030
538 3002
538 2830
538 2610
552 2816
552 2989
552 2827
567 2837
567 3102
567 3011
500 2450
500 2446
500 2695
403 2144
403 2092
403 2234
313 1708
313 1552
313 1706
433 2254
433 2290
433 2294
390 1939
390 2087
390 2023
366 2039
366 1903
366 1922
559 3174
559 2826
559 2904
476 2703
476 2647
476 2607
516 2621
516 2834
516 2740
565 2989
565 2990
565 3120
488 2707
488 2446
488 2451
536 2745
536 3041
536 2760
442 2277
442 2322
442 2407
466 2577
466 2462
466 2483
482 2434
482 2333
482 2581
446 2407
446 2319
446 2297
505 2577
505 2654
505 2463
478 2490
478 2393
478 2272
490 2669
490 2753
490 2610
454 2521
454 2494
454 2378
452 2393
452 2325
452 2308
264 1358
264 1385
264 1389
220 1154
220 1130
220 1178
247 1382
247 1179
247 1291
248 1285
248 1271
248 1303
207 955
207 1040
207 1055
550 2928
550 3028
550 2823
505 2479
505 2633
505 2741
547 2908
547 2784
547 2826
557 2846
557 2848
557 2914
470 2552
470 2553
470 2489
384 2301
384 2178
384 2039
323 1752
323 1794
323 1736
399 2075
399 2057
399 2062
403 2133
403 1975
403 2117
333 1783
333 1697
333 1781
700 3672
700 3631
700 3606
597 3025
597 3111
597 3014
697 3622
697 3586
697 3697
685 3638
685 3683
685 3519
584 3036
584 3198
584 3092
551 2958
551 2898
551 3029
472 2492
472 2601
472 2233
574 3114
574 2943
574 2685
566 3119
566 2924
566 2810
478 2751
478 2539
478 2521
585 3143
585 3156
585 3173
540 2867
540 2755
540 2993
533 2877
533 2607
533 2815
541 2953
541 2867
541 2847
465 2581
465 2482
465 2546
780 4225
780 3920
780 4204
704 3683
704 3742
704 3708
777 3870
777 3960
777 3962
808 4167
808 4288
808 4026
702 3469
702 3835
702 3716
775 3907
775 3948
775 4315
655 3328
655 3332
655 3299
658 3608
658 3421
658 3460
687 3647
687 3604
687 3822
678 3648
678 3618
678 3532
318 1868
318 1770
318 1602
509 2772
509 2654
509 2552
471 2554
471 2471
471 2455
484 2498
484 2532
484 2417
502 2522
502 2702
502 2571
435 2358
435 2365
435 2392
513 2551
513 2793
513 2704
456 2474
456 2120
456 2447
521 2762
521 2775
521 2822
470 2439
470 2534
470 2414
467 2381
467 2446
467 2550
604 3187
604 3130
604 3176
573 2959
573 3200
573 2926
627 3488
627 3174
627 3204
666 3501
666 3664
666 3454
552 2843
552 2933
552 2934
682 3618
682 3559
682 3596
642 3417
642 3388
642 3430
700 3843
700 4006
700 3946
704 3665
704 3471
704 3528
630 3333
630 3171
630 3267
781 4163
781 3961
781 4297
758 3937
758 4019
758 3930
847 4673
847 4823
847 4654
867 4841
867 4472
867 4454
761 4205
761 3985
761 3799
1238 6475
1238 6324
1238 6409
1149 6019
1149 6116
1149 6005
1270 6821
1270 6620
1270 6704
1233 6557
1233 6661
1233 6591
1118 5788
1118 5756
1118 5743
594 3148
594 3216
594 3252
509 2659
509 2748
509 2602
576 3118
576 2857
576 3091
529 2672
529 2855
529 2930
463 2425
463 2414
463 2489
333 1691
333 1659
333 1743
293 1687
293 1501
293 1576
337 1841
337 1636
337 1881
330 1789
330 1791
330 1561
283 1441
283 1423
283 1408
581 2984
581 3021
581 3041
534 2906
534 2892
534 2732
612 3298
612 3322
612 3123
653 3360
653 3244
653 3373
583 3093
583 3110
583 3108
540 2761
540 2751
540 2828
453 2259
453 2387
453 2352
472 2666
472 2561
472 2645
495 2458
495 2722
495 2544
432 2233
432 2335
432 2174
523 2797
523 2693
523 2737
482 2578
482 2284
482 2582
516 2816
516 2738
516 2679
506 2618
506 2653
506 2743
466 2577
466 2450
466 2489
548 2835
548 2777
548 2931
469 2384
469 2426
469 2274
595 3010
595 3151
595 3142
547 2869
547 2891
547 2803
452 2450
452 2415
452 2353
539 2860
539 2818
539 2855
431 2419
431 2098
431 2209
496 2713
496 2609
496 2739
498 2660
498 2825
498 2505
471 2479
471 2553
471 2409
567 2970
567 2979
567 2984
488 2707
488 2555
488 2514
580 3073
580 3093
580 3013
531 2790
531 2692
531 2822
447 2353
447 2292
447 2346
641 3294
641 3366
641 3226
532 2878
532 2781
532 2899
601 3017
601 3218
601 3104
656 3635
656 3441
656 3491
546 2730
546 2937
546 3051
544 2803
544 2858
544 2792
483 2617
483 2610
483 2355
540 2744
540 2856
540 2707
571 2987
571 3076
571 3032
482 2582
482 2785
482 2522
556 2907
556 2921
556 2874
532 2613
532 2784
532 2635
568 3066
568 3041
568 2922
589 2975
589 3172
589 3213
501 2795
501 2630
501 2748
531 2664
531 2668
531 2569
473 2366
473 2405
473 2414
563 3077
563 2875
563 2982
585 3237
585 3131
585 3239
506 2524
506 2647
506 2501
291 1501
291 1463
291 1490
129 702
129 601
129 652
129 795
129 696
129 625
588 2963
588 3078
588 3037
566 3102
566 2938
566 3125
588 3031
588 3307
588 3008
660 3642
660 3361
660 3429
540 2918
540 2819
540 2929
692 3595
692 3728
692 3616
555 3075
555 2895
555 2987
619 3157
619 3369
619 3238
636 3290
636 3415
636 3233
524 2931
524 2848
524 2880
653 3417
653 3603
653 3535
563 2930
563 3166
563 2883
595 3093
595 3198
595 3127
628 3365
628 3411
628 3281
520 2634
520 2708
520 2750
235 1130
235 1252
235 1248
218 1169
218 1043
218 1135
232 1121
232 1258
232 1218
204 1021
204 1082
204 1165
214 1163
214 1157
214 1091
528 2910
528 2691
528 2768
470 2264
470 2470
470 2584
528 2895
528 2910
528 2730
505 2623
505 2494
505 2696
473 2463
473 2411
473 2744
360 1847
360 1915
360 1771
312 1531
312 1703
312 1573
325 1641
325 1653
325 1802
345 1847
345 1741
345 1768
311 1570
311 1558
311 1758
178 896
178 980
178 1031
645 3519
645 3396
645 3338
552 2663
552 2916
552 2871
658 3305
658 3375
658 3316
613 3281
613 3180
613 3155
522 2772
522 2718
522 2704
462 2428
462 2365
462 2505
605 3300
605 3377
605 3112
487 2546
487 2605
487 2508
599 3197
599 3117
599 3082
635 3071
635 3310
635 3294
519 2705
519 2835
519 2554
330 1739
330 1674
330 1783
273 1348
273 1241
273 1397
284 1535
284 1552
284 1437
293 1426
293 1474
293 1390
296 1522
296 1497
296 1626
699 3685
699 3750
699 3727
643 3561
643 3269
643 3429
678 3566
678 3430
678 3580
673 3442
673 3315
673 3632
593 3244
593 3016
593 2976
733 3723
733 3669
733 3674
706 3722
706 3759
706 3901
769 3925
769 3747
769 3924
800 4322
800 4085
800 4404
655 3613
655 3547
655 3268
661 3346
661 3432
661 3339
569 2942
569 3124
569 2857
710 3848
710 3881
710 3705
628 3313
628 3413
628 3186
622 3330
622 3196
622 3215
217 1269
217 1054
217 1125
175 909
175 926
175 887
228 1173
228 1118
228 1086
190 961
190 896
190 990
161 902
161 1010
161 951
790 4094
790 4105
790 4087
654 3569
654 3579
654 3330
758 3996
758 4082
758 4123
821 4287
821 4241
821 4021
690 3874
690 3404
690 3633
225 1021
225 1286
225 1292
188 1033
188 931
188 969
218 1247
218 1212
218 1103
217 997
217 1131
217 1137
190 962
190 933
190 1031
746 3736
746 3882
746 3865
604 3104
604 3231
604 3302
729 3589
729 3886
729 3906
747 4055
747 3840
747 3708
638 3490
638 3288
638 3288
814 4591
814 4408
814 4309
700 3378
700 3675
700 3526
787 3955
787 4122
787 4190
778 4065
778 4214
778 4156
751 4100
751 3925
751 3945
474 2318
474 2462
474 2250
416 2168
416 2230
416 2083
471 2511
471 2405
471 2674
467 2354
467 2385
467 2466
407 2316
407 2113
407 2046
759 3957
759 3980
759 3976
680 3589
680 3540
680 3783
751 3829
751 3846
751 4275
778 4273
778 3918
778 4059
684 3419
684 3443
684 3820
115 644
115 638
115 620
112 650
112 597
112 730
145 718
145 764
145 767
129 685
129 646
129 672
116 541
116 650
116 636
110 644
110 599
110 567
542 2862
542 2814
542 2825
519 2767
519 2648
519 2774
587 3047
587 3274
587 3183
567 3097
567 2979
567 2938
530 2818
530 2774
530 2842
573 3086
573 2803
573 2769
519 2833
519 2758
519 2548
643 3370
643 3439
643 3296
585 3113
585 3245
585 3063
484 2530
484 2428
484 2458
180 1039
180 944
180 964
137 848
137 681
137 637
145 786
145 691
145 811
168 929
168 893
168 944
165 905
165 816
165 924
116 502
116 574
116 758
580 3050
580 3125
580 2978
501 2675
501 2624
501 2816
564 3090
564 3038
564 2950
562 3004
562 2977
562 3051
481 2523
481 2481
481 2592
505 2649
505 2571
505 2628
595 3025
595 3263
595 3362
546 2844
546 2723
546 2892
581 2967
581 3424
581 2991
603 2972
603 3029
603 3335
532 2714
532 2745
532 2806
474 2684
474 2451
474 2391
554 2642
554 2886
554 2842
523 2897
523 2812
523 2575
597 2974
597 3032
597 3013
570 2841
570 2900
570 2815
481 2475
481 2572
481 2623
558 2898
558 3139
558 2841
470 2363
470 2606
470 2598
495 2670
495 2672
495 2556
550 2729
550 2967
550 2866
477 2564
477 2555
477 2533
491 2505
491 2672
491 2761
427 2333
427 2467
427 2207
462 2378
462 2332
462 2312
478 2344
478 2421
478 2442
447 2445
447 2216
447 2229
667 3466
667 3344
667 3646
589 3060
589 3120
589 2848
641 3516
641 3304
641 3426
667 3515
667 3619
667 3469
559 2738
559 2971
559 3063
615 3132
615 3223
615 3264
551 2824
551 3093
551 2932
602 3246
602 3214
602 3127
606 3032
606 3384
606 3061
541 3008
541 2835
541 2967
654 3831
654 3435
654 3363
547 2904
547 2925
547 2844
650 3546
650 3318
650 3475
671 3750
671 3288
671 3518
573 3056
573 2984
573 2912
173 840
173 950
173 844
165 885
165 857
165 951
197 1098
197 1020
197 1068
176 839
176 985
176 842
180 984
180 910
180 929
219 1164
219 1274
219 1180
208 983
208 1168
208 1237
220 1139
220 1195
220 1232
209 946
209 1112
209 1180
172 942
172 912
172 953
265 1391
265 1473
265 1371
211 977
211 1072
211 1200
256 1249
256 1345
256 1307
275 1530
275 1398
275 1336
239 1312
239 1165
239 1301
560 2804
560 2755
560 3083
505 2737
505 2727
505 2690
548 2806
548 2936
548 2793
542 2891
542 2858
542 2785
456 2335
456 2469
456 2533
499 2551
499 2608
499 2803
426 2262
426 2187
426 2196
492 2540
492 2527
492 2683
481 2649
481 2594
481 2693
448 2375
448 2458
448 2380
504 2641
504 2793
504 2688
420 2322
420 2255
420 2253
515 2933
515 2759
515 2707
490 2708
490 2467
490 2605
418 2212
418 2060
418 2130
233 1155
233 1175
233 1238
134 790
134 613
134 780
134 754
134 725
134 668
136 701
136 736
136 663
202 1031
202 1061
202 1122
178 922
178 920
178 933
201 1041
201 1126
201 987
196 1109
196 1028
196 1058
190 961
190 886
190 1104
187 1007
187 1034
187 998
156 859
156 764
156 790
186 984
186 956
186 1044
187 1009
187 877
187 1077
146 840
146 806
146 767
547 3018
547 2865
547 2760
456 2520
456 2305
456 2448
528 2680
528 2752
528 2885
512 2764
512 2854
512 2837
483 2685
483 2703
483 2553
521 2828
521 2860
521 2645
463 2490
463 2447
463 2391
529 2997
529 2934
529 2647
543 2795
543 2910
543 2769
499 2701
499 2630
499 2527
609 3206
609 3277
609 3226
498 2480
498 2553
498 2818
606 3245
606 3322
606 3374
611 3119
611 3364
611 3326
528 2794
528 2714
528 2752
540 2620
540 2771
540 2946
485 2754
485 2518
485 2532
554 3015
554 2869
554 2865
536 2749
536 2810
536 2666
467 2533
467 2433
467 2489
528 2850
528 2714
528 2860
468 2499
468 2464
468 2487
504 2560
504 2765
504 2601
521 2916
521 2782
521 2897
447 2324
447 2337
447 2305
579 3152
579 3196
579 2816
494 2689
494 2465
494 2780
556 2733
556 3262
556 2829
530 2852
530 2605
530 2715
503 2536
503 2542
503 2588
597 3116
597 3214
597 3091
533 2894
533 2748
533 2870
586 2969
586 3356
586 2961
616 3279
616 3116
616 3284
547 2762
547 3052
547 2775
409 2186
409 2052
409 2066
335 1744
335 1976
335 1792
392 1980
392 2210
392 2093
372 2105
372 1857
372 1890
325 1619
325 1747
325 1608
573 3150
573 2861
573 3082
527 2832
527 2667
527 2776
608 3362
608 3088
608 3077
536 2942
536 2837
536 2658
527 2822
527 2789
527 2923
127 751
127 662
127 697
114 556
114 571
114 636
120 785
120 755
120 604
125 693
125 621
125 683
113 617
113 587
113 626
583 3064
583 3250
583 2963
480 2673
480 2588
480 2501
577 3109
577 2939
577 3279
542 2769
542 2761
542 2914
491 2492
491 2673
491 2606
689 3655
689 3766
689 3694
524 2636
524 2677
524 2633
673 3457
673 3664
673 3446
633 3578
633 3360
633 3498
564 2939
564 2718
564 2996
527 2984
527 2594
527 2821
465 2373
465 2457
465 2250
556 2780
556 3066
556 3033
571 3213
571 2936
571 3171
455 2506
455 2338
455 2350
478 2520
478 2470
478 2600
425 2193
425 2190
425 2067
504 2856
504 2536
504 2532
471 2335
471 2598
471 2383
464 2339
464 2554
464 2562
495 2542
495 2729
495 2497
447 2448
447 2279
447 2474
539 2789
539 2782
539 2891
551 2914
551 2899
551 2955
495 2517
495 2487
495 2596
296 1651
296 1623
296 1727
274 1426
274 1479
274 1361
297 1570
297 1436
297 1587
315 1595
315 1616
315 1740
259 1323
259 1291
259 1420
379 1912
379 2011
379 1875
314 1602
314 1594
314 1630
355 1803
355 1787
355 2024
317 1643
317 1777
317 1609
318 1522
318 1630
318 1733
791 4134
791 4250
791 4607
689 3524
689 3692
689 3720
715 3790
715 3763
715 4062
776 4318
776 4020
776 4085
666 3353
666 3533
666 3456
552 2904
552 2923
552 2827
497 2637
497 2663
497 2481
495 2757
495 2629
495 2697
568 3095
568 3009
568 3010
452 2446
452 2350
452 2335
480 2401
480 2803
480 2533
463 2505
463 2499
463 2487
568 2943
568 3096
568 3069
532 2885
532 2941
532 2839
472 2515
472 2586
472 2474
269 1409
269 1456
269 1421
240 1234
240 1270
240 1335
248 1318
248 1330
248 1466
273 1323
273 1360
273 1485
223 1062
223 996
223 1157
333 1699
333 1649
333 1768
282 1524
282 1441
282 1586
323 1651
323 1807
323 1598
339 1688
339 1737
339 1900
293 1635
293 1471
293 1573
